run,trial,action1,state,action2,reward,probsA,probsB,probsC,probsD
0,0,X,X,D,1,0.7222182059359091,0.5678361381850705,0.4668482483459082,0.5315209271218879
0,1,Y,Y,J,0,0.7224523318568812,0.5741339805699925,0.4051477671797669,0.5386187967850246
0,2,X,Y,J,0,0.75,0.5683380948600147,0.4509006182256698,0.5687067315440746
0,3,X,X,D,1,0.7487785571183986,0.5497565120647672,0.4100119025404101,0.5761327957354093
0,4,X,Y,J,1,0.7430999886656253,0.5667997239883426,0.456910524571136,0.6149931581951164
0,5,X,Y,J,0,0.7234081996391538,0.5418024385439743,0.436213092677349,0.6000808171274681
0,6,X,Y,J,0,0.707215452804522,0.53215461665727,0.4403171466275375,0.6286456757760224
0,7,X,X,D,1,0.6901070401554159,0.5905638285447562,0.4176757074689752,0.626875907104194
0,8,X,X,D,0,0.725536277279804,0.6101573127707725,0.3841152591346367,0.6365684761492318
0,9,X,Y,J,1,0.708495836482587,0.6196357681428483,0.3808374640272305,0.5957475713681466
0,10,X,X,D,0,0.725077268350628,0.59949879224216,0.3859778783909185,0.6494144100928037
0,11,X,X,D,1,0.7459941282342073,0.5606639860639046,0.3844824586651607,0.6276010594162954
0,12,X,Y,J,1,0.7375202774975839,0.5581368837663465,0.4047156103046043,0.6356054485979585
0,13,X,X,D,1,0.6702296874213471,0.5918961129470546,0.4421504469878911,0.5898502958192888
0,14,X,X,D,0,0.6428628218609278,0.607175417439189,0.4494710621123346,0.6288179592830031
0,15,X,X,D,1,0.6324767043933506,0.5806183664439788,0.4559993307795914,0.6345413530958297
0,16,X,X,D,1,0.6257465424059973,0.5595989649397427,0.4735807878687881,0.6516210424390262
0,17,X,X,D,0,0.6177536274965647,0.5625649481314433,0.4862817945007477,0.6727045601382992
0,18,X,Y,J,1,0.6361521075352706,0.6140817653320213,0.5031536399984657,0.6898537391173314
0,19,X,X,D,0,0.6339052329694823,0.5653197906394978,0.5067362644669885,0.7394640307183237
1,0,X,X,D,1,0.6839259913492373,0.4834030403752333,0.3378323258249375,0.4082700075236989
1,1,Y,X,D,1,0.6787102784708627,0.49390148599596,0.3355414714040106,0.3692516688557444
1,2,X,X,D,0,0.6334176891662441,0.4740429973385403,0.3274266340568086,0.3354188990373514
1,3,X,X,D,1,0.6306760459380771,0.432602255105161,0.3463809319530397,0.3478477568721995
1,4,X,Y,J,1,0.6445815492360764,0.4155619622921824,0.3312926741253985,0.3333105315041894
1,5,X,Y,J,0,0.6315684792402305,0.3855284384028963,0.3008418364822923,0.3299228865329902
1,6,X,X,D,0,0.6544920934281121,0.3900193570378419,0.3182459914365375,0.3403704322495389
1,7,X,X,D,1,0.7151270580726183,0.3635744601244899,0.3409781649511862,0.3130709183048329
1,8,X,Y,J,1,0.6960897749051856,0.3745342484640716,0.364119947783743,0.3243039906629857
1,9,X,X,D,1,0.686513152611163,0.3737992392122406,0.3177924147832586,0.3108931028381482
1,10,X,X,D,1,0.6765441594132137,0.3655334365999186,0.3616884429011973,0.2624425566862821
1,11,X,X,D,0,0.6601348651552927,0.3763715481958236,0.3782731756106214,0.2799377731988161
1,12,X,X,D,1,0.6385300625292535,0.3888393899825317,0.3786619590713665,0.25
1,13,X,X,D,1,0.6051130776608648,0.3747017734925327,0.3581357313021927,0.2827657988012573
1,14,X,Y,J,1,0.6268856886378101,0.3716396435281713,0.3515078874896138,0.3088955551685246
1,15,X,X,D,1,0.685474516565286,0.384123382936629,0.3577419266179542,0.3499647874420366
1,16,X,Y,J,0,0.6662262459468604,0.3749491750392403,0.3541952380083386,0.321717695206999
1,17,X,X,D,1,0.6701529740438646,0.3947759465458961,0.3818344904128486,0.307738011922503
1,18,X,Y,J,0,0.6547336107884029,0.3946009468151006,0.3835526978382884,0.2852331677649639
1,19,X,X,D,0,0.6249624222954505,0.3870401158015057,0.3707184770093986,0.2683231619417557
2,0,X,Y,J,1,0.361328829321278,0.510440568754045,0.6581217121989693,0.4777519356401046
2,1,Y,Y,J,0,0.348940382590748,0.5314651245265616,0.6610516016438255,0.4998178396491327
2,2,X,Y,J,1,0.3248557130066824,0.5027186772615583,0.6687813455710055,0.4698239449625704
2,3,X,X,D,0,0.3623835172803989,0.5439654121666853,0.6667314679680333,0.4745660332921798
2,4,X,X,D,1,0.341775269755849,0.5432884184399792,0.6551154830807078,0.4312929060856684
2,5,X,Y,J,0,0.3229908051802847,0.5537875336835278,0.6965955763667603,0.4304889382661809
2,6,X,X,D,0,0.2976192019774601,0.5865780781925313,0.6407174529817988,0.4227372830220361
2,7,X,Y,J,1,0.2685192563068897,0.554616793054701,0.668613722436915,0.4107912612524043
2,8,X,X,D,0,0.2752257436865067,0.5810322359963583,0.6493636412781205,0.3766740022366565
2,9,X,Y,J,1,0.2506119963213372,0.5873025397547847,0.6302072022649963,0.3637019600251617
2,10,X,X,D,1,0.2870464416642396,0.5865369152779994,0.6260705026255364,0.3905962540162428
2,11,X,Y,J,0,0.2751878363388499,0.6496551519555835,0.6304712841567388,0.3760974843948313
2,12,X,X,D,1,0.3025660065731856,0.7155730415190547,0.5859730896391571,0.4182133298973648
2,13,X,X,D,1,0.3309183632491646,0.6987862679434327,0.5750084951025416,0.445407443214252
2,14,X,X,D,1,0.3311562776397628,0.7227533398110048,0.5270066759074183,0.4566577551218451
2,15,X,Y,J,0,0.3007948790110414,0.7488567787323487,0.495911561136042,0.4552972550960831
2,16,X,X,D,0,0.3062023894038612,0.7398114151896217,0.4938367025203286,0.4526224939483341
2,17,X,Y,J,0,0.3240880284898307,0.7494300991732498,0.5451072660482421,0.4010777558235888
2,18,X,Y,J,0,0.3398571502775243,0.7489104507514984,0.5834320827576928,0.4087662673490309
2,19,X,Y,J,1,0.3281605775960177,0.7434167045419009,0.5824776312247096,0.4161358802172651
3,0,X,Y,J,0,0.4048123154148652,0.4405286231621712,0.3117796460570498,0.4646912390187002
3,1,Y,Y,J,0,0.4291584312642407,0.4265737199351492,0.3214782147918784,0.4778611263257337
3,2,X,X,D,0,0.4320830726612213,0.4296087722918421,0.307589433404945,0.4539631805540466
3,3,X,X,D,1,0.3983544223240954,0.4618291822157222,0.289911221507051,0.4828917284060984
3,4,X,X,D,1,0.403700418175371,0.4908635292839252,0.3016225832287506,0.4489477283002862
3,5,X,Y,J,0,0.3893741084546147,0.49356720310814,0.3275322345890544,0.4172178903525443
3,6,X,Y,J,1,0.415563315504758,0.51064709470195,0.2900694764750692,0.403131307620549
3,7,X,Y,J,0,0.3945396463163949,0.5318118559034564,0.288597712004599,0.3489735285560721
3,8,X,X,D,1,0.4258934728474909,0.5577322207868761,0.2806448282621466,0.3885446456571883
3,9,X,X,D,0,0.4346437480467159,0.5531642213323303,0.2719706398351224,0.3614044942159767
3,10,X,Y,J,1,0.459822140899675,0.5339090237819855,0.2891030342626022,0.3991663567268673
3,11,X,X,D,1,0.4297370814530972,0.5425180432745947,0.3029938936407476,0.4191426648144504
3,12,X,X,D,0,0.4369394325923431,0.5443472744619514,0.3476261465938141,0.3874989760086322
3,13,X,X,D,0,0.4381171336287536,0.5335188347418773,0.3329019751027566,0.3806254326629352
3,14,X,Y,J,0,0.4172598707654005,0.5289414666566334,0.3230862149225335,0.3563958872253284
3,15,X,X,D,0,0.3754942439605641,0.5578135907560057,0.283798282294579,0.3956367779694232
3,16,X,X,D,1,0.3815325043283487,0.5771778929118143,0.2754255273344769,0.3259449144798899
3,17,X,X,D,0,0.3699642255182223,0.565180735885706,0.2743251183088126,0.3165616845626396
3,18,X,Y,J,1,0.4254214006310381,0.5483122451052727,0.2559861412948965,0.3423711469168223
3,19,X,X,D,0,0.4071293465316831,0.5762627737893973,0.2511004533197883,0.3569901823441901
4,0,X,Y,J,0,0.6894619508395907,0.5411944955155291,0.5865957423089287,0.3429293440002319
4,1,Y,X,D,0,0.7058537138541856,0.5369648279021386,0.5669197522485077,0.3507145146403784
4,2,X,X,D,1,0.6500890073845452,0.5808114603962232,0.5700103058299155,0.344040023144783
4,3,X,Y,J,0,0.6529360776120178,0.6014222473951576,0.5774586170657725,0.3544946074063147
4,4,X,X,D,0,0.677154563343829,0.6060405568606837,0.5696509782348737,0.3837716650835248
4,5,X,Y,J,1,0.6463159008537258,0.5750155458963873,0.5606522160860413,0.3841053739498453
4,6,X,X,D,1,0.6892388539575708,0.5768745966981779,0.5551974085442796,0.4377900413869517
4,7,X,X,D,1,0.75,0.5853138864613645,0.5781818825961988,0.4013485941307598
4,8,X,Y,J,1,0.75,0.5929392261362166,0.5767275890589276,0.4043708014532805
4,9,X,X,D,1,0.7481077923918011,0.580465734006691,0.5730756598131523,0.4411274042425687
4,10,X,X,D,1,0.7459674693795081,0.5400139666890467,0.566266013455451,0.4669764205269676
4,11,X,X,D,1,0.7427042048431053,0.5284311718913592,0.5665429255972042,0.4783609926424971
4,12,X,Y,J,1,0.75,0.4932032345482469,0.5488486020596958,0.4804423068569493
4,13,X,X,D,1,0.7484706936989238,0.5514328432815934,0.5145291938057639,0.5054686381081017
4,14,X,X,D,1,0.75,0.577801917442704,0.5166595002432379,0.4738029937600752
4,15,X,X,D,1,0.75,0.6311217633824296,0.5067791549981288,0.4810846329837245
4,16,X,X,D,1,0.726814883705039,0.598014285424445,0.4908982816028869,0.4608625210769906
4,17,X,X,D,1,0.7471323126837471,0.5899745805045692,0.4881476193361379,0.471758946593423
4,18,X,X,D,0,0.75,0.6320197216578624,0.4882009060953798,0.4522190061838972
4,19,X,X,D,1,0.7335406763855259,0.6181657612432131,0.4915806352254704,0.4417506186520626
5,0,X,X,D,0,0.310160359052725,0.7202076582065482,0.3089700401926641,0.3003699731513372
5,1,Y,Y,J,0,0.3086532616885361,0.7008698165998436,0.3275928378664717,0.3405072407093152
5,2,X,X,D,0,0.2714890814802017,0.6942427972481829,0.322131331671476,0.3972869587916028
5,3,X,X,D,1,0.2576739529552929,0.7075996301442047,0.315327391302775,0.3737736987052012
5,4,X,X,D,1,0.25,0.718477669104548,0.3046098426158564,0.3707274105998348
5,5,X,X,D,1,0.25,0.7151826534918824,0.2865457079444825,0.3282675877752875
5,6,X,Y,J,1,0.2506169213683343,0.6872066051865263,0.2944864493285877,0.2793594090261966
5,7,X,X,D,0,0.2566652265454522,0.7126977151010692,0.2832717389958789,0.2791332264414887
5,8,X,X,D,0,0.25,0.7095944994417989,0.275513468598723,0.2558004683377184
5,9,X,X,D,1,0.2531769761849186,0.6864299608277867,0.2898904436682931,0.2909213253724994
5,10,X,X,D,0,0.2720354518106512,0.6302701348458729,0.2955706907482217,0.2936530473369269
5,11,X,X,D,0,0.25,0.6674855207545876,0.3412418293254672,0.2820567547344532
5,12,X,Y,J,0,0.25,0.658622025202209,0.3324020572056238,0.3165752143445965
5,13,X,Y,J,1,0.25,0.6809390722799842,0.3241740999771272,0.2841623024942044
5,14,X,X,D,0,0.25,0.6744525702825517,0.3379197078373187,0.2671572832938615
5,15,X,Y,J,0,0.291535674246187,0.6886488013537777,0.3050275025952875,0.2735406017638167
5,16,X,X,D,0,0.2944042337616316,0.6379905695520729,0.2828566016778769,0.2645334324546854
5,17,X,X,D,1,0.2980319637894421,0.6452549353288886,0.2934140128948875,0.3148914627869006
5,18,X,X,D,0,0.3411680375661177,0.6514176956305935,0.2863252082271764,0.319438387720008
5,19,X,X,D,0,0.3366269702146423,0.6743449112263225,0.2565436999309452,0.2939479022217182
6,0,X,X,D,1,0.7155108012185247,0.6060565763325677,0.4849209468596779,0.5917344054159511
6,1,Y,Y,J,0,0.709807059526279,0.6289614981115478,0.5252444091381796,0.5769730039131028
6,2,X,X,D,1,0.726122742653844,0.608161259807658,0.5744367484522586,0.5540608044821396
6,3,X,Y,J,0,0.7124679489128679,0.6221474154063096,0.571128409996042,0.573827506853142
6,4,X,Y,J,1,0.6996971875644448,0.6441751120891517,0.5432736475621538,0.5294772720336117
6,5,X,Y,J,1,0.6845673000743204,0.686339771305612,0.5210792147237978,0.5054249570683521
6,6,X,X,D,1,0.7055011915779756,0.6818450883134387,0.4950921383141842,0.4676211631073659
6,7,X,X,D,0,0.7072728940168066,0.6328258463329128,0.4843287303120214,0.4233113422461489
6,8,X,X,D,1,0.7166668236843341,0.6297485901241292,0.4723549561654717,0.4129008438747555
6,9,X,X,D,1,0.701313174856935,0.6306366229737211,0.4716731865345375,0.4236291662855831
6,10,X,X,D,1,0.6973276691955493,0.6458182870110939,0.4479828499719416,0.3511465191134745
6,11,X,X,D,0,0.6749238085422653,0.6720834325583724,0.4800923169615645,0.3799292092278931
6,12,X,Y,J,1,0.6858455762028547,0.6378479877508574,0.4514062261881321,0.3855151601955948
6,13,X,X,D,1,0.6922255660824526,0.6450894037812798,0.4194699963376762,0.3546517136716697
6,14,X,X,D,0,0.7167848536212386,0.6476552839091645,0.3856167497406466,0.3647163528209646
6,15,X,X,D,1,0.7179978089973076,0.648314196506878,0.4070636676500585,0.3861037217314943
6,16,X,X,D,1,0.6735023173545044,0.659901015719823,0.449803562262895,0.4123477849685854
6,17,X,X,D,1,0.6664453130456224,0.6471514409953525,0.4728341936497541,0.4447909859158532
6,18,X,Y,J,1,0.6779774826691405,0.6446999709440139,0.4915838626106026,0.4658800033278951
6,19,X,X,D,1,0.6924646847969137,0.6734982983040344,0.4541151917390284,0.4692338178463322
7,0,X,X,D,1,0.4131948925096033,0.5245671153861062,0.2953130346174578,0.5694918328348197
7,1,Y,X,D,0,0.4412153125685903,0.4652386190826829,0.3230351071961167,0.5653348621017609
7,2,X,X,D,0,0.4554627930223138,0.5024346550049117,0.3033714559701224,0.5320266014052649
7,3,Y,Y,J,0,0.4629236130093154,0.5510883257251505,0.2874611226063195,0.5407835417354326
7,4,X,Y,J,0,0.4697550065713333,0.5733257681547324,0.2797379455676002,0.5446663506286794
7,5,X,X,D,0,0.474664032988022,0.5568096431294407,0.2791114186151519,0.5163595764796263
7,6,X,X,D,0,0.5003272378374368,0.5518282019029472,0.2845409547507209,0.5089834268865085
7,7,X,X,D,0,0.4954742516463951,0.571086088038078,0.2893736353738234,0.5496920637136964
7,8,X,Y,J,1,0.5367343493762571,0.5267703805673533,0.260989850007831,0.5402528291181731
7,9,X,X,D,1,0.5662951770784095,0.5302025392342954,0.2528777075553102,0.539446405191508
7,10,X,X,D,1,0.5946056676094642,0.5348529545690368,0.2863255474231211,0.542889463275788
7,11,X,Y,J,0,0.5720137850690118,0.5388166340864468,0.3161073858885704,0.5018293169202162
7,12,X,X,D,1,0.5702019101880894,0.519692261294971,0.2964704389375031,0.5507640235248401
7,13,X,X,D,1,0.5716566273012469,0.5665266476403601,0.2989678492258889,0.6158637620241284
7,14,X,X,D,0,0.5942129479408744,0.579221592643322,0.2897088916058691,0.6691785390563052
7,15,X,X,D,1,0.5547653488022287,0.5729088434824552,0.3212714956393417,0.6247364231691154
7,16,X,X,D,1,0.5669964628467821,0.5879329937505983,0.3252016824539393,0.6288084369615684
7,17,X,X,D,1,0.5563085311213213,0.6020054528671409,0.294486004255241,0.6675141788982895
7,18,X,X,D,0,0.5464331425976371,0.5979551104606411,0.270608035845814,0.6393806317017527
7,19,X,X,D,1,0.5501290793598915,0.6176487665706066,0.2685236700565511,0.6499890362752088
8,0,X,Y,J,0,0.4664951351205946,0.5348564189706067,0.6513393234940186,0.4299739419508326
8,1,Y,X,D,0,0.4481403396824739,0.5832604342790986,0.6486600840420895,0.3989666705301519
8,2,X,X,D,0,0.4602774959715962,0.5725235309221888,0.665212991475812,0.4229896955057547
8,3,X,X,D,1,0.4293770523236103,0.5622759077960016,0.6734683141688755,0.4665442117641605
8,4,X,X,D,0,0.4105505414529072,0.5613749534492484,0.6364806068924137,0.4101074385851839
8,5,X,X,D,0,0.4042477341723246,0.5648184893668964,0.6346159726229332,0.3714264450130149
8,6,X,X,D,0,0.3778395679607843,0.5700934739699833,0.652401912697062,0.3814565565150106
8,7,X,X,D,1,0.3669888401370129,0.5869552967639113,0.666089128853273,0.3793056271550725
8,8,X,X,D,0,0.37075775933798,0.6020110537641332,0.6574381643507614,0.3727787408741344
8,9,X,Y,J,1,0.3955456599955261,0.6110142927209141,0.6234998749735472,0.3105434641983101
8,10,X,X,D,1,0.3667141842221584,0.6254539199831574,0.5858559192808508,0.3262449876429091
8,11,X,Y,J,1,0.3867904526192387,0.6131510820915572,0.5789557150660061,0.3316062672176388
8,12,X,X,D,0,0.3614861336866968,0.6140335199786366,0.5904791197165918,0.3278873496229335
8,13,X,X,D,0,0.3305709880339497,0.5960703942259085,0.5850535951481806,0.3488739458459017
8,14,X,X,D,0,0.3560734959995045,0.5889932727296059,0.5879818423222837,0.3427707579865956
8,15,X,Y,J,1,0.3423262683318916,0.5522688725839187,0.6097647898181459,0.3469137090004298
8,16,X,X,D,0,0.3439578068516474,0.5659423838018549,0.5782767802132336,0.3775242058011164
8,17,X,X,D,1,0.3172565566258034,0.5681384693259197,0.5883667219891895,0.3800964965764243
8,18,X,X,D,1,0.343985896850337,0.5229963646107331,0.6058596267379865,0.3367236907189129
8,19,X,X,D,1,0.3215083589464598,0.5156460815976596,0.6232726638740431,0.3466327153626035
9,0,X,X,D,0,0.4290415081178681,0.4974946309519233,0.6855507698216873,0.2559317664119051
9,1,Y,Y,J,1,0.4274169066565954,0.4709382452518676,0.6841519275909514,0.2573216387448763
9,2,Y,Y,J,0,0.4158234219621342,0.4695361588583043,0.673795778859461,0.2729744201204961
9,3,Y,Y,J,1,0.392425386727782,0.4937698654773841,0.6759749026463513,0.2819200312162944
9,4,Y,Y,J,1,0.432268328672287,0.5208612540491089,0.6996923039702907,0.2854587711165891
9,5,Y,Y,J,1,0.4350020513005925,0.4731213864526478,0.7133013971475256,0.3497313709275625
9,6,Y,Y,J,0,0.420056303671891,0.4790546895759529,0.7137117122417206,0.309741640620263
9,7,Y,X,D,0,0.4400957401017187,0.4789058237601633,0.7216712188622934,0.2927347855778553
9,8,Y,Y,J,0,0.4663181064604002,0.4823363477413514,0.6789325566853796,0.3008376354504166
9,9,Y,X,D,0,0.4174069749273963,0.5218261490193249,0.7197018005595787,0.3137825759125841
9,10,Y,Y,J,1,0.439749640553853,0.5180775285298689,0.7191366186578734,0.2744432625870277
9,11,Y,Y,J,1,0.4349615016484674,0.5558761133656295,0.75,0.3007880734017313
9,12,Y,Y,J,1,0.3875729844468079,0.536504207500978,0.735188015682415,0.3316378674843959
9,13,Y,Y,J,1,0.364774094446985,0.5532742187645334,0.75,0.3233214615966849
9,14,Y,Y,J,1,0.3521651042578192,0.5440110658764954,0.7304380835622365,0.3539267459592998
9,15,Y,Y,J,1,0.3430117266951079,0.5646620474053572,0.75,0.3354471657023555
9,16,Y,X,D,1,0.290081275933533,0.5752922576134127,0.7381855244251522,0.3462667097266029
9,17,Y,X,D,0,0.2631194537677601,0.5709722927543386,0.6881232006090856,0.3432689178358906
9,18,Y,Y,J,1,0.2781396581180611,0.5531532707408625,0.6759680513489849,0.3445802403963512
9,19,Y,Y,J,0,0.3134885512666823,0.5223456536548797,0.6441121221595528,0.2975638068712239
10,0,X,X,D,1,0.7023765786241376,0.7177307362403142,0.7374558953215158,0.3486845034457514
10,1,Y,Y,J,1,0.6657295235159444,0.7066982650270227,0.6990320087300851,0.3844923131566071
10,2,X,X,D,1,0.6366571319155973,0.734622245669716,0.75,0.3647227978765168
10,3,X,X,D,0,0.6581160634261534,0.7122439356991539,0.75,0.3717509237928296
10,4,X,X,D,1,0.6201472891139912,0.6761317572647874,0.75,0.3472545866070531
10,5,X,Y,J,0,0.639062481361615,0.7157061331446812,0.75,0.3554656008450134
10,6,X,X,D,1,0.6087737875139505,0.6751622965661308,0.7441032481717077,0.3483720683747696
10,7,X,X,D,0,0.6106021372186119,0.6860799101256617,0.7319026436388908,0.3156282251823921
10,8,X,Y,J,1,0.6433032283230486,0.6820057153111759,0.75,0.3093458806572784
10,9,X,X,D,0,0.6176755962599086,0.6480136874841042,0.75,0.2813109031718783
10,10,X,Y,J,1,0.588027616152592,0.6503104941153631,0.7484242815558099,0.25
10,11,X,X,D,1,0.602257567488896,0.6418939231852141,0.7286965553754633,0.25
10,12,X,Y,J,0,0.5697621727915946,0.6604967045376074,0.7246779597759869,0.2567666886158282
10,13,X,Y,J,1,0.5427171029571235,0.6343634204037587,0.7185027858051247,0.2775128086304941
10,14,X,X,D,1,0.5468785210262292,0.7039193275815507,0.7394814781426338,0.2895307064614569
10,15,X,X,D,0,0.5796595668803496,0.7057629436036603,0.7494942983460372,0.2889896559254162
10,16,X,X,D,1,0.568989142021733,0.7082964147454981,0.7272881352218575,0.25
10,17,X,Y,J,1,0.6043191792732624,0.6972433287291017,0.7032446160506165,0.2667140527661485
10,18,X,X,D,0,0.6042773558786165,0.7220240070759651,0.6647349598695718,0.25
10,19,X,X,D,1,0.6287800322148027,0.7312181677212904,0.6419961788301156,0.2586080247803832
11,0,X,Y,J,0,0.322312870712082,0.5358986786218392,0.5604277680603289,0.7311903270275846
11,1,Y,X,D,1,0.3442562082645489,0.5186359406723073,0.6027733415010357,0.75
11,2,X,X,D,0,0.368177980422941,0.5166975185294704,0.5883331011071339,0.75
11,3,Y,X,D,1,0.3815701833748079,0.4498833046915487,0.581362216330509,0.6889557721438269
11,4,X,X,D,0,0.3594897542077397,0.4764022128315598,0.5867960195875064,0.718341721227144
11,5,X,Y,J,1,0.3579849307914078,0.473465100719578,0.6024803834610585,0.7334792861277006
11,6,X,X,D,1,0.3672567961736724,0.4370934787118839,0.5705394271411677,0.7408250728531618
11,7,X,Y,J,1,0.3750724594632407,0.4821697208196596,0.5616187455421563,0.7156757690203677
11,8,X,X,D,1,0.3993393128971857,0.4851321784721235,0.5848715258636796,0.7387246775388011
11,9,X,Y,J,1,0.3546283264987137,0.4939115226035807,0.6222447200417635,0.7244762251988048
11,10,X,X,D,1,0.3749780306625504,0.5292630992736904,0.5899973684695458,0.7417330454217941
11,11,X,X,D,0,0.3866308975363151,0.4829358452036906,0.6161021151028154,0.75
11,12,X,Y,J,1,0.3719443510711688,0.4467845986912043,0.6097711114691513,0.7228135535693979
11,13,X,X,D,1,0.4018384350751204,0.4643927971267548,0.5915393363402178,0.7455892593827949
11,14,X,Y,J,1,0.4085033665113572,0.4641980309819111,0.6146864266076422,0.6951880274614536
11,15,X,X,D,0,0.3985842935254837,0.4425791132853646,0.594458022621431,0.6644395503278561
11,16,X,X,D,0,0.4043452689026632,0.4488876469175209,0.6460762949098893,0.7055618125164467
11,17,X,X,D,0,0.3938402656574007,0.4749103696741653,0.6626526782939958,0.6880357362500769
11,18,X,Y,J,1,0.4257308937966135,0.4578927120586666,0.6491376888935124,0.7081925366412669
11,19,X,X,D,1,0.4303149796368783,0.4699952340072996,0.6593523938024919,0.7064129663771861
12,0,X,X,D,1,0.461547891897649,0.530021921744009,0.3740821853277004,0.5976824489598129
12,1,Y,X,D,1,0.4352353553499237,0.5238659232571057,0.3778870991059037,0.6470738289183477
12,2,X,X,D,1,0.4139556451864067,0.5271116284289094,0.4618653903997003,0.6764533532240062
12,3,X,X,D,0,0.3686792580922703,0.5248247422786745,0.471620975563871,0.6665191284004477
12,4,Y,Y,J,0,0.3990980727156325,0.5105098164343638,0.4851425272636095,0.6582376472460827
12,5,X,X,D,1,0.3366722571265492,0.4850611729914915,0.4599430915282361,0.6660431674545254
12,6,X,X,D,0,0.3494911519886305,0.4974140798736511,0.4323039649125751,0.6769249053789497
12,7,X,X,D,1,0.360768316984341,0.5149915968300348,0.4524788743723519,0.6990222658600882
12,8,X,X,D,0,0.369281803585308,0.53634744079318,0.4304809067871592,0.678746465797787
12,9,X,X,D,0,0.3294359355309437,0.5903993383361521,0.3977762613110314,0.6692735816268357
12,10,X,X,D,0,0.3296509749540994,0.5693224027559,0.4047638454016313,0.6926909960970417
12,11,X,X,D,0,0.3472417613764458,0.5649133965088933,0.4353826487879336,0.6593328450487503
12,12,X,X,D,0,0.3787410561407152,0.5456805639528567,0.4361596542036211,0.6216463927206038
12,13,X,Y,J,1,0.3862139067748942,0.539839022083627,0.4394576280414947,0.6458200223043346
12,14,X,Y,J,0,0.4433556459672665,0.5430161452261795,0.4392023105058605,0.6451839352433199
12,15,X,X,D,1,0.4480327552405578,0.5356196944104575,0.4260815953108143,0.6796973211816604
12,16,X,X,D,1,0.4240233797299369,0.5634648625680282,0.4398798204375722,0.685627388173193
12,17,X,X,D,1,0.4538819098458017,0.5801060223132338,0.4340915436796461,0.690347468365646
12,18,X,X,D,0,0.462242744778052,0.5783359984156036,0.4496336377721043,0.7155530441768742
12,19,X,X,D,1,0.5117443102553509,0.6032020406621692,0.4878807994331408,0.7220397030996176
13,0,X,Y,J,0,0.5885689044749696,0.5267391374635575,0.5649255579184318,0.6432429283012258
13,1,Y,Y,J,0,0.5532473627025921,0.5195697294652296,0.5286639423263304,0.6596901741214687
13,2,X,Y,J,1,0.5243587831907086,0.4892754327270096,0.4798758826498852,0.6217679082488188
13,3,X,X,D,0,0.5249917738429944,0.4991324015407493,0.4721699764162901,0.6182113833490817
13,4,X,X,D,0,0.533722059167714,0.5217814667689975,0.4352487472031581,0.594463260900187
13,5,X,X,D,1,0.5455677552214875,0.5404017123830678,0.426517166999008,0.6134679969685884
13,6,X,Y,J,0,0.5594644328837592,0.5538357133277906,0.4163131578595096,0.6055720754665593
13,7,X,X,D,1,0.5300079154291878,0.5924498730364676,0.4287453407669056,0.5904150725591948
13,8,X,X,D,0,0.516105968709068,0.5761284719394835,0.42179599354514,0.5864585618935338
13,9,X,X,D,1,0.5251522862587829,0.6102350521858065,0.4311116273465205,0.6027688046152518
13,10,X,Y,J,0,0.5576839321827614,0.6240887494157731,0.4068109408083831,0.6155718762983177
13,11,X,X,D,0,0.5743918859281282,0.6337784859371175,0.4445751360498469,0.6159901338100422
13,12,X,Y,J,0,0.5652113850362366,0.6448422550483811,0.4477241476256783,0.6355820115258388
13,13,X,X,D,0,0.593050300291633,0.6658818870101562,0.4588313636748903,0.6447442085906339
13,14,X,X,D,1,0.6251292560796319,0.6884658589561371,0.4503310335470601,0.6510425597934018
13,15,X,X,D,1,0.6284117601666769,0.6611862917552507,0.4276836867646128,0.6185861311062034
13,16,X,Y,J,0,0.6167432230339487,0.69969307572074,0.409771383820759,0.6382353082021757
13,17,X,X,D,1,0.6386013091689714,0.6806718031325821,0.3708809654527629,0.6543238896122119
13,18,X,X,D,1,0.6224270803364662,0.7039504757400171,0.3656824437913219,0.6446203957153236
13,19,X,X,D,1,0.6101250533616167,0.6889517395571875,0.3424996984333489,0.6489684212461398
14,0,X,Y,J,1,0.3670472979261272,0.7489536010580695,0.7473836970482015,0.4707465397426446
14,1,Y,Y,J,0,0.3514549377784413,0.740787799190572,0.75,0.457943220922167
14,2,X,X,D,1,0.3544478351325283,0.75,0.6969095073457624,0.4834184341373123
14,3,X,X,D,1,0.3497106382776609,0.7385610535006546,0.7369356781433506,0.4704795352232668
14,4,X,Y,J,1,0.3504365435396556,0.6874323285007747,0.747098805588471,0.5356738687635713
14,5,X,X,D,0,0.332657052963503,0.6662956539977007,0.7336728478442284,0.4862932535800843
14,6,X,X,D,1,0.3213949390470273,0.6922085005497178,0.7375616728207903,0.5010142289278194
14,7,X,X,D,0,0.3680405084896059,0.7105030236633232,0.724308518846222,0.4947238827304752
14,8,X,Y,J,0,0.4101756587156523,0.7120191039736938,0.75,0.5206445343957602
14,9,X,X,D,0,0.4012995448241949,0.6970418606885197,0.75,0.5340534160670708
14,10,X,Y,J,1,0.4197769112126149,0.7034215394413682,0.7464487701170408,0.5186189351993877
14,11,X,X,D,0,0.4524441371893961,0.7062149716347986,0.7456542798297779,0.4685141531138287
14,12,X,Y,J,1,0.4321200695605941,0.7363371354783104,0.75,0.4264284617465758
14,13,X,X,D,1,0.4730094375766688,0.7199075818801389,0.7371835693815759,0.424492230521139
14,14,X,Y,J,0,0.4808482540950934,0.708712604227918,0.7355967973617363,0.4191095686434331
14,15,X,X,D,0,0.4307957438808719,0.718691469824761,0.7327990868240085,0.4416483142394143
14,16,X,X,D,1,0.4196177761394827,0.7267600105631039,0.75,0.4277093065653061
14,17,X,Y,J,1,0.4231121382921857,0.715634103902291,0.7456108687348107,0.3916968206259658
14,18,X,X,D,1,0.4198253277224144,0.658013936973011,0.75,0.3258337396443268
14,19,X,X,D,1,0.4453173573411686,0.650468805449508,0.75,0.3376922797472751
15,0,X,X,D,1,0.3090549138355589,0.6300255287400249,0.5923395455299296,0.4164707197472974
15,1,Y,Y,J,1,0.3545867485697364,0.5932626438244212,0.6156868619699846,0.4424425841526906
15,2,X,X,D,1,0.3700302575534325,0.5562251478206562,0.5995034903365164,0.412672009329099
15,3,X,Y,J,1,0.3830813441246728,0.5581460368861516,0.6027181148519178,0.4024936544121853
15,4,X,X,D,0,0.4140283503208171,0.5630004834341369,0.612277708161162,0.3901945717002283
15,5,X,X,D,0,0.3811224544526004,0.5446801100355873,0.5978403546989434,0.3832845928771943
15,6,X,X,D,0,0.3918649904737395,0.570377060438086,0.5947289966596975,0.3746164256636011
15,7,X,X,D,0,0.3831184977712879,0.5518336665415804,0.6007188316643007,0.3387181367143469
15,8,X,X,D,0,0.4186038985532683,0.5292436997661946,0.576552224668999,0.3036118709930588
15,9,X,X,D,1,0.4018042206695613,0.5217346649058741,0.5717570478008761,0.3150249566400645
15,10,X,Y,J,1,0.3832831050718241,0.5354492094637192,0.5808247956190798,0.3231094453097802
15,11,X,X,D,1,0.3673228224273302,0.5239858052718289,0.587732016679802,0.3600622288984378
15,12,X,Y,J,0,0.4083128240945103,0.5116026618492397,0.6049016405100975,0.3552781941240459
15,13,X,Y,J,0,0.3883782833004003,0.485926972415891,0.5641286378090179,0.3714462847566272
15,14,X,Y,J,0,0.375239183719298,0.4487552794251429,0.5954785987020296,0.3852000551477299
15,15,X,X,D,1,0.3496976555845739,0.451946012932985,0.5947905435069422,0.3566294759581644
15,16,X,X,D,1,0.3660637688850107,0.4682317967651775,0.5720544421504913,0.3514318732698729
15,17,X,X,D,0,0.3196303823119392,0.4292853201565046,0.5340380924675602,0.3656824830741593
15,18,X,X,D,1,0.3571346490313858,0.4238189187482728,0.478188154153175,0.3960173187295635
15,19,X,X,D,0,0.3422116396201851,0.4437768065816382,0.4639672164016148,0.4004714421640286
16,0,X,Y,J,0,0.3607304970118746,0.4484016567558814,0.3283110606801255,0.4292654986836044
16,1,Y,Y,J,1,0.4047095041007871,0.410722205329801,0.3374849115786523,0.4391789481894618
16,2,Y,Y,J,0,0.3955259266081185,0.4262144138192038,0.3507457896165106,0.4552165286911762
16,3,Y,Y,J,0,0.3984584241981525,0.4074101148714042,0.3366614452215631,0.4466716599990123
16,4,Y,Y,J,1,0.4141426156753052,0.3437534946902571,0.3127915698727332,0.4411665060835144
16,5,Y,X,D,1,0.3975605933662615,0.3274554149444565,0.3016912326117895,0.41350429156308
16,6,Y,Y,J,0,0.3799941519010344,0.3568525161628071,0.3118315536965915,0.4039858297957894
16,7,Y,X,D,0,0.4082782668144226,0.329329601218478,0.3307347397967423,0.4180003664208456
16,8,Y,X,D,0,0.4073786090102427,0.3405217781491301,0.337904170693025,0.4418391284409225
16,9,X,X,D,0,0.4121960920694035,0.3323337528202885,0.340005826649775,0.4175004189328284
16,10,X,X,D,0,0.4008393583802922,0.391463893838854,0.3391066869032459,0.4733360855623182
16,11,X,X,D,0,0.4552554823456309,0.3312504158922863,0.3146468405540232,0.4276954441311362
16,12,X,X,D,1,0.4824952479015699,0.2733390433338528,0.3002320333453653,0.3989497676014313
16,13,X,Y,J,0,0.4821946892083318,0.25,0.2736308343465594,0.4055955191695224
16,14,X,X,D,0,0.5014641877065431,0.2527053533112846,0.275741685962655,0.4161909719593786
16,15,X,X,D,1,0.5424983135146306,0.2868921729822303,0.262903949904182,0.3951071074980201
16,16,X,X,D,1,0.5368396167299978,0.2834908325168797,0.2647823304596071,0.3755076388487937
16,17,X,Y,J,0,0.5276547969550333,0.25,0.2780478779443797,0.3743432575188125
16,18,X,Y,J,0,0.50080579477994,0.2532513993667333,0.3073695836655695,0.3883594764943694
16,19,X,X,D,0,0.4483582281321536,0.25,0.3080097735613709,0.3902757103484353
17,0,X,X,D,1,0.5285648891794867,0.658989741819918,0.4366961711921118,0.3873511787593008
17,1,Y,Y,J,0,0.5342018542705472,0.6619721185301799,0.4323668274053895,0.3705557820462378
17,2,X,X,D,1,0.5575104848652184,0.6429361723747886,0.4430892409728881,0.3399989387501667
17,3,X,X,D,0,0.5721151317348264,0.6612751254889905,0.4084881785621417,0.3649339093274121
17,4,X,X,D,1,0.5829583682471949,0.6541531319219599,0.4105175010632896,0.3865149769279161
17,5,X,Y,J,0,0.573568955573546,0.6182897183737619,0.4124580156008848,0.3817105041365989
17,6,X,X,D,0,0.5521819733662903,0.5859104605324238,0.3751058204110024,0.3547972982554671
17,7,X,X,D,0,0.5373465915952514,0.5833282917628341,0.4152547477701322,0.335878991470676
17,8,X,X,D,0,0.5142544277340084,0.5596980294568765,0.4069075069117877,0.3290040293255722
17,9,X,Y,J,0,0.5130073797312007,0.565377788380582,0.3928527660526494,0.3236236367248759
17,10,X,X,D,1,0.5440189373402312,0.5751157597157425,0.4146623568017007,0.2930856418739327
17,11,X,Y,J,1,0.5164992046992473,0.5997447565927635,0.452590726092314,0.2525695186209983
17,12,X,X,D,1,0.5244027386046468,0.6012125326642384,0.4505312360163672,0.2613971242127621
17,13,X,Y,J,0,0.5414038901549546,0.5566564075566447,0.440583205509483,0.2805001006283417
17,14,X,X,D,0,0.5633767063230398,0.5655510996915813,0.4479260494783733,0.2761958123669583
17,15,X,X,D,0,0.5682900865387913,0.5551621087162012,0.4743292703929592,0.3039888508722472
17,16,X,Y,J,1,0.5569062807089783,0.5635691035695153,0.4602450883190371,0.3396760368109702
17,17,X,Y,J,0,0.5774922046253378,0.5733355204847786,0.4527282206788244,0.3642649372541918
17,18,X,X,D,1,0.5559160741262241,0.5544774456207205,0.4695668173779739,0.3939461440979549
17,19,X,X,D,1,0.5804893828422374,0.6088804357086754,0.4701932243046512,0.3953281900902052
18,0,X,Y,J,1,0.6520200672541123,0.4065265410701845,0.6164645818871175,0.3955523681463755
18,1,Y,Y,J,1,0.6701493790891385,0.3830382159002044,0.6721177604391931,0.3795151836645878
18,2,X,Y,J,1,0.715421537161656,0.400459212273477,0.6617924086347066,0.4006210176446848
18,3,X,X,D,1,0.75,0.4098474826274749,0.6883367926416825,0.3842628050565511
18,4,X,X,D,1,0.75,0.3997089466484346,0.6300032068883066,0.4067421654692763
18,5,X,Y,J,1,0.7376573863083582,0.3592113128014416,0.6815785433367496,0.446205884872466
18,6,X,X,D,0,0.7480299247017457,0.3553201234308252,0.6731786468014321,0.4687367979031727
18,7,X,Y,J,1,0.75,0.3850490170216222,0.6694470172881736,0.4259841536523521
18,8,X,Y,J,1,0.7449876346069435,0.375377306359181,0.6654456683770805,0.4336989713175951
18,9,Y,X,D,1,0.7200962186695329,0.3619701695463365,0.6662377505577194,0.4323910145273058
18,10,X,X,D,1,0.7106818184602909,0.3969774087178261,0.7039482742497362,0.4049422935161456
18,11,X,X,D,0,0.7140520645153359,0.409894844634355,0.7323484192331241,0.3870298995642819
18,12,X,Y,J,0,0.7314993230941721,0.3896100504506943,0.7147383787151788,0.3777859903751023
18,13,X,X,D,1,0.7293289968707014,0.3709794751108691,0.7154627581418396,0.3879512565916075
18,14,X,Y,J,1,0.7013044325304263,0.3723993329352439,0.75,0.396205094687658
18,15,X,X,D,0,0.6901427076492236,0.3753683246252356,0.75,0.372593532199695
18,16,X,X,D,0,0.6970813017818476,0.3652208914575222,0.75,0.3778465484435991
18,17,X,Y,J,1,0.6796034280443751,0.3737331716084302,0.75,0.3911475054228214
18,18,X,X,D,0,0.6909965671566871,0.3768212713718125,0.743201827236919,0.4260293224597588
18,19,X,X,D,1,0.6814629624162968,0.3951520256199618,0.7462107000820337,0.4191692790259176
19,0,X,Y,J,0,0.6607704696566096,0.7060821225131365,0.6556310215772452,0.5912606951438768
19,1,Y,Y,J,0,0.6735704638508442,0.7341999978496146,0.6310700824981715,0.6317610742591797
19,2,X,Y,J,0,0.6721163860651306,0.6709276976110622,0.6131807256570024,0.5833370015996334
19,3,X,Y,J,0,0.6786225185737523,0.638958946658349,0.6127089309891652,0.6050502334268114
19,4,X,Y,J,0,0.673800182125583,0.6292068877027414,0.6017236478970512,0.6537942551345514
19,5,X,X,D,1,0.6364194289169524,0.6430193620819432,0.6045094150058496,0.687942529752849
19,6,X,X,D,0,0.6512682996264256,0.6734044370633905,0.6031624422747914,0.6833933139644173
19,7,X,X,D,0,0.6694639674388404,0.6783258132702955,0.6087577717191557,0.668024276483365
19,8,X,X,D,1,0.6173070352744395,0.703213433320495,0.6030022102855311,0.6822078835109295
19,9,X,X,D,1,0.6382949101481011,0.6446792841621471,0.5788412983578358,0.728084043634776
19,10,X,X,D,0,0.6321753519203095,0.6542411923932013,0.5798137603560951,0.706034630279998
19,11,X,Y,J,1,0.6355278271196624,0.6593206263916536,0.5860181965684764,0.7138614699374632
19,12,X,X,D,1,0.6292959904484529,0.7018295067196256,0.5904023654412975,0.6980441756807243
19,13,X,X,D,0,0.6011275394214937,0.6847494518143816,0.5771683497314318,0.7107001086127237
19,14,X,X,D,0,0.6471595601514761,0.6864523799673437,0.6028068263906967,0.7267952314507989
19,15,X,Y,J,0,0.6230112922055918,0.7044571641681405,0.6767233471843055,0.6999078515217787
19,16,X,X,D,1,0.6436625689454636,0.6801537308822834,0.6442100871058581,0.7330664257636994
19,17,X,X,D,1,0.6068507055944007,0.6701038638762216,0.629236206090931,0.7349383573442356
19,18,X,X,D,1,0.6492630017850953,0.6693475419353079,0.6357147001023269,0.7397938970022142
19,19,X,X,D,0,0.652310382457258,0.6541199230367927,0.6760023161403276,0.715360398093208
20,0,X,Y,J,0,0.4836377410024504,0.4789122092284271,0.607635338505857,0.5084065867320472
20,1,Y,Y,J,1,0.4657246936537582,0.5022613127763217,0.6146288176509708,0.5160302651811087
20,2,Y,Y,J,1,0.440297566199388,0.5173114406923961,0.6529538943307018,0.4838321360803079
20,3,Y,Y,J,1,0.4122173107553444,0.4817591848456284,0.6579125421059783,0.4773393789263044
20,4,Y,X,D,0,0.417531132182721,0.507658286623379,0.6551620994282894,0.4473697176982041
20,5,Y,Y,J,1,0.3995627443969251,0.4941132203056589,0.7093900705988937,0.4766451385601837
20,6,Y,Y,J,1,0.3789970606666064,0.4937184316590116,0.7467168402233361,0.4745775230699874
20,7,Y,Y,J,0,0.3788781208571819,0.5072176514515813,0.75,0.4890373088253251
20,8,Y,Y,J,0,0.3935163001861035,0.5195976294529728,0.7460258971824996,0.4585496556455494
20,9,Y,Y,J,1,0.3644525611411977,0.5455213733847795,0.7373042725056392,0.4524471185184227
20,10,Y,Y,J,1,0.3497267243846173,0.5416064612967989,0.7284618338107784,0.4642941756227814
20,11,Y,Y,J,0,0.3523184228723629,0.5631986410446086,0.6951170430607952,0.4712775918603403
20,12,Y,Y,J,1,0.3287496691693123,0.5504650960598486,0.6712953152960566,0.4492701168623936
20,13,Y,Y,J,1,0.2870819246069089,0.5235575266178595,0.6787706638914629,0.4566763405522381
20,14,Y,Y,J,0,0.3135649226877348,0.5027723919574011,0.72244761203899,0.483083511520732
20,15,Y,Y,J,1,0.2990564315249598,0.5136670942857648,0.7383327661268897,0.4669402127244422
20,16,Y,Y,J,1,0.2699845934334402,0.5194133291593643,0.75,0.4301836617510962
20,17,Y,Y,J,1,0.25,0.5224134527476814,0.75,0.3864652098045294
20,18,Y,Y,J,1,0.25,0.5297396196513439,0.7465329048249757,0.3922482140472917
20,19,Y,Y,J,0,0.25,0.5464940383485324,0.75,0.389889113901005
21,0,X,X,D,0,0.7190586501145506,0.6775084258939033,0.3315810515087274,0.7146261568853226
21,1,Y,Y,J,1,0.7274602557845554,0.6545602252082287,0.3484435143000484,0.7434139185664993
21,2,Y,X,D,0,0.7082066052145318,0.6130760424686473,0.3528308309148096,0.7178131989718731
21,3,Y,Y,J,0,0.6675637580843745,0.6289869648984655,0.3236623340863445,0.6838066879999487
21,4,Y,Y,J,1,0.6339058954095137,0.6624907527993472,0.2919252229176173,0.7062456776127748
21,5,Y,Y,J,1,0.623289874295802,0.6480135218486132,0.3338732793376733,0.7466797422296411
21,6,Y,Y,J,1,0.6300029583953941,0.6932817074040555,0.3325270266835368,0.75
21,7,Y,X,D,1,0.6133864170243036,0.7117844789351808,0.3296835943520801,0.75
21,8,Y,Y,J,1,0.6551597552010204,0.7022348236157454,0.3036469707712135,0.75
21,9,Y,Y,J,0,0.6589818612279068,0.6561566428109145,0.3251001084569875,0.7407425633306914
21,10,Y,X,D,0,0.686703176654796,0.6349684105924268,0.3505400621514865,0.7398706243956966
21,11,Y,Y,J,0,0.6807803583044613,0.6359164905191382,0.3329563837660261,0.7051296827179557
21,12,Y,Y,J,0,0.7080557843619459,0.6204904828844587,0.312214889090523,0.7290330463095467
21,13,Y,Y,J,1,0.72231811800691,0.571383781306547,0.2900239874986803,0.7155743108135216
21,14,Y,X,D,0,0.7010923666345735,0.6052535240113072,0.3212514848967367,0.7187108099598498
21,15,Y,Y,J,0,0.7121377605385778,0.6380533595049056,0.3681608978382969,0.741876210522305
21,16,Y,Y,J,1,0.75,0.6073202295706339,0.3411687900730087,0.75
21,17,Y,Y,J,0,0.7382276462154149,0.6055288341699133,0.3166183974001186,0.75
21,18,Y,X,D,1,0.7322529058343056,0.5260198157094363,0.31657142371522,0.75
21,19,Y,Y,J,1,0.7209415179937836,0.5088664011786381,0.3247917720621494,0.7277998772455256
22,0,X,X,D,1,0.5640045976086544,0.6195686009973796,0.4701466794176014,0.4720654062634893
22,1,Y,Y,J,1,0.5413366630299745,0.6304642963539385,0.4637805004902466,0.5073673035481926
22,2,X,X,D,1,0.5259322215247184,0.6027861837505343,0.5186887324427846,0.4970641085028475
22,3,X,X,D,1,0.5217595597287275,0.6648309188694164,0.511796710972171,0.474514199315094
22,4,X,X,D,1,0.5238227682191198,0.64971118446598,0.4961861273722788,0.4695667861701723
22,5,X,X,D,1,0.478638580031772,0.6052139779490407,0.49400665322298,0.4342088681479147
22,6,X,Y,J,1,0.5000642878852906,0.5826143954408926,0.4671851831819072,0.4337697913361766
22,7,X,X,D,0,0.4971866394602466,0.5817730228594983,0.4402854523671535,0.4267114334600748
22,8,X,X,D,0,0.4636316311792318,0.5754117603626768,0.4584424669925174,0.4722393045240291
22,9,X,X,D,1,0.4591824846515643,0.5988064304055092,0.4570217619246995,0.4574539881486792
22,10,X,X,D,0,0.4585978676615644,0.5923225885084195,0.480672757058328,0.4649469465811087
22,11,X,X,D,0,0.4169678890302728,0.556464683265241,0.5006105873633833,0.4799983547966141
22,12,X,Y,J,1,0.4242908541553445,0.5110313885788543,0.5117596798913767,0.4489545654361793
22,13,X,X,D,0,0.4399159421434439,0.5162038262117769,0.4868233208577269,0.4711117089540504
22,14,X,Y,J,0,0.4037605096972063,0.5057795855775887,0.4550482907290419,0.508027298130346
22,15,X,Y,J,0,0.4311354920065469,0.4550941998177901,0.4199769802580178,0.528719868236335
22,16,X,X,D,1,0.4909591880320761,0.4340780719938715,0.4607358617301479,0.5260639193067547
22,17,X,X,D,0,0.4836820189546424,0.4451618781294658,0.4932239816507346,0.5061313108991494
22,18,X,X,D,0,0.4780132280690697,0.4138280296314179,0.526753832845313,0.5218434881424027
22,19,X,Y,J,0,0.48432007620196,0.447855761012647,0.5591586981739295,0.4986904641818552
23,0,X,X,D,0,0.6507714133927673,0.3399270631620181,0.2905741399185835,0.4896686650465407
23,1,Y,Y,J,0,0.673534105632796,0.312475823258048,0.2822805210307239,0.5099751300757324
23,2,X,X,D,1,0.7082483486431417,0.3422316166951331,0.2860808033584039,0.4976424465203393
23,3,X,X,D,0,0.7345679680415484,0.3228153089709117,0.25,0.4719846790414028
23,4,X,X,D,0,0.7104903131210912,0.3352289395807199,0.2762408019749606,0.4724702227500247
23,5,X,X,D,1,0.6925300183337695,0.3563218990631207,0.3088866377502173,0.4741086562268922
23,6,X,X,D,1,0.6986396034141149,0.3295095201470551,0.2871480864952599,0.4775691315275835
23,7,X,X,D,1,0.6526303254934132,0.357259387520516,0.3025537992113546,0.4522801000742236
23,8,X,X,D,1,0.6829802977500415,0.3172771707083159,0.2726929986814427,0.4099220024589219
23,9,X,X,D,0,0.7087901060491252,0.2883039027957648,0.2638911097932742,0.4008609835349328
23,10,X,Y,J,1,0.702198424855406,0.2991843610513818,0.2954390576009531,0.4137858726251163
23,11,X,X,D,0,0.7369043746962218,0.2560327788966325,0.3248956618882839,0.4026269751461174
23,12,X,X,D,1,0.7397945979859359,0.2665367601283954,0.3462499508639984,0.3941837976908855
23,13,X,X,D,1,0.75,0.3058833950180907,0.3266583434894963,0.4126837406534215
23,14,X,X,D,1,0.75,0.312673903893591,0.3079702362969929,0.3865638295289785
23,15,X,Y,J,0,0.75,0.3136524322473003,0.3330828965193061,0.3854300208666513
23,16,X,X,D,1,0.7355946937985518,0.3056047779282257,0.3120573272792313,0.3658701509335934
23,17,X,X,D,1,0.7406872765345069,0.3330885297078023,0.2932705229295726,0.3808149801707116
23,18,X,Y,J,0,0.75,0.296413346367644,0.2633557819561437,0.3641047699436073
23,19,X,X,D,1,0.7089431085940637,0.3127567882992012,0.2821439683999662,0.369768405940898
24,0,X,X,D,1,0.4085740098911621,0.443468219590694,0.6267309283641673,0.7217090659486185
24,1,Y,Y,J,0,0.3928779182761609,0.408481398475916,0.6288061564867701,0.7012036643296623
24,2,X,Y,J,0,0.3794095320004002,0.3615049808289374,0.6449123670738852,0.7280376139713555
24,3,X,Y,J,0,0.3766922684073056,0.3527567986239363,0.6198170491717393,0.75
24,4,X,Y,J,0,0.4182283574106705,0.3314297048141202,0.5930575915313918,0.75
24,5,X,X,D,0,0.4098501014891547,0.299909212506583,0.6247690962482465,0.7373785057414683
24,6,X,X,D,1,0.3973575338466131,0.3025644316863081,0.6491218340769385,0.7278397793911527
24,7,X,X,D,1,0.3625614595608389,0.2974429574341879,0.6924969508632751,0.75
24,8,X,Y,J,0,0.3610899695461831,0.2581493750373863,0.6850983013572272,0.7390903122195095
24,9,X,X,D,0,0.3127863797628274,0.25,0.6990624070088957,0.7087988124966002
24,10,X,Y,J,1,0.3528233300798681,0.25,0.7166477141017024,0.7070429063034613
24,11,X,X,D,1,0.311831393716673,0.2551328168549354,0.7335079484218571,0.7493704703699575
24,12,X,X,D,0,0.3042611139990652,0.3189366137116887,0.7485513800151553,0.75
24,13,X,X,D,1,0.3531877913382984,0.3035070260635886,0.7464898088247318,0.7190001044366356
24,14,X,Y,J,0,0.3510129564040903,0.3604569153910157,0.6991729304102087,0.6804385352566197
24,15,X,X,D,1,0.3047854336440907,0.3214669355350613,0.7026756409869761,0.6576756316198435
24,16,X,X,D,1,0.2945117773988213,0.3102307477840098,0.7027624664119955,0.631705115517488
24,17,X,Y,J,1,0.2808587529595844,0.298913980009597,0.6783396980697126,0.6316159113100571
24,18,X,Y,J,0,0.2605640728885253,0.2841159787131461,0.6510609719789716,0.6025759254645918
24,19,X,Y,J,0,0.25,0.2822456534482366,0.6315897380796028,0.598419656126678
25,0,X,X,D,0,0.577704796642166,0.6649795396554564,0.7081557943868493,0.567615869888709
25,1,Y,X,F,1,0.5511664153214512,0.6849809970593064,0.7462670381655445,0.5916218712610072
25,2,Y,Y,J,1,0.5221374614961476,0.7332464362738651,0.7093076288383919,0.641749201533788
25,3,Y,X,F,1,0.5450154360825039,0.75,0.678960449195351,0.64372122806153
25,4,Y,X,F,1,0.5579645135390823,0.7296759711650179,0.6769779377451421,0.6480955693266301
25,5,Y,Y,J,1,0.5333640585429379,0.7256208964224063,0.6804314374189951,0.6855842100207452
25,6,Y,X,F,1,0.5166271700182609,0.697137354895432,0.6241946117429301,0.6989684575900842
25,7,X,Y,J,0,0.4674010985537555,0.6775650693270725,0.6317666142214129,0.7119786646544892
25,8,X,Y,J,0,0.4527448946862676,0.6240537409666725,0.6313787164195356,0.6781206995038283
25,9,X,X,F,1,0.4773921996151059,0.5951467722262066,0.6232463236349608,0.6535417691236498
25,10,X,Y,J,1,0.5188540531550406,0.5948779955883697,0.6236782247235544,0.6638666789514711
25,11,X,X,F,1,0.529892380368277,0.6086145110967038,0.6299331467918807,0.7018354352567244
25,12,X,Y,J,1,0.5280075212470575,0.6120016679065486,0.6748740001517423,0.7042449042792387
25,13,X,X,F,0,0.4926219263614217,0.671851157936689,0.7427243037370471,0.7264009574183474
25,14,X,X,F,0,0.5094037486491653,0.686930924223791,0.7493745589120577,0.7033802621015928
25,15,X,X,F,1,0.4847083096720095,0.701011207729461,0.75,0.6832872901825079
25,16,X,X,F,1,0.4869182285677226,0.6917864705290264,0.7182042995106492,0.69908349772376
25,17,X,X,F,1,0.4560617027745816,0.6626282390244703,0.7475272048846603,0.6427944640892875
25,18,X,X,F,0,0.441586163511892,0.6630612261667401,0.7246201239461487,0.6202040304648877
25,19,X,X,F,1,0.4518538129678118,0.6872716431925316,0.75,0.5806249491598223
26,0,X,Y,J,0,0.5199629877357663,0.4433215517317874,0.4017333749483107,0.3282674156945341
26,1,Y,Y,J,1,0.5517991134030017,0.4720897390930588,0.4145457226624433,0.335749532148194
26,2,Y,X,D,0,0.5938637635209449,0.478349127873328,0.4336498877862515,0.3786847433157805
26,3,Y,Y,J,0,0.6103711020112308,0.4905568119700199,0.3885867213157378,0.3825671630245262
26,4,Y,Y,J,0,0.5927178352393024,0.4947073908542591,0.4098087190664685,0.3557011742964124
26,5,Y,Y,J,1,0.5931910279525471,0.4908686940831929,0.4320682075946704,0.3365631916498102
26,6,Y,Y,J,0,0.5796944780032907,0.4790015252024209,0.461811571778795,0.3161621614393819
26,7,Y,X,D,1,0.6064109819812338,0.475563160975545,0.4247345659701216,0.3378236753585297
26,8,Y,Y,J,0,0.574557790141914,0.5010037823249908,0.4304495723342899,0.3043219419852249
26,9,Y,X,D,1,0.5681932194327629,0.5135514107261601,0.4476715518935208,0.2709977806248077
26,10,Y,Y,J,0,0.5627060628916463,0.4787283688391902,0.4530291071718956,0.2644229228094414
26,11,Y,Y,J,0,0.5528820834447912,0.5088333333581184,0.495398247372589,0.25
26,12,Y,Y,J,1,0.5523425488649721,0.5079874672676348,0.5211882682478151,0.25
26,13,Y,Y,J,0,0.5998067912936447,0.5431812040359113,0.5334068236522128,0.25
26,14,Y,Y,J,1,0.6223649606142297,0.5114305284838974,0.5532980483440366,0.25
26,15,Y,X,D,1,0.6448959904914742,0.5581075774958508,0.5999067359632636,0.2703013180424187
26,16,Y,Y,J,1,0.6788371594249052,0.5236954148262914,0.5618032754903618,0.3008266776203266
26,17,Y,Y,J,1,0.715269745815797,0.4874917136118597,0.6109065738337058,0.3072591747164478
26,18,Y,Y,J,1,0.7053199814067277,0.4638307846392492,0.598726508626929,0.3317794302866749
26,19,Y,Y,J,1,0.6956487004679657,0.4588197220561616,0.6182035143577971,0.3245676243698385
27,0,X,X,D,1,0.5584063311030577,0.4918520963240723,0.6132872331424148,0.5413632284191234
27,1,Y,Y,J,1,0.5487785558884244,0.5093427783594632,0.617787933102647,0.537415688161103
27,2,X,Y,J,1,0.5447036914025042,0.4655675481480413,0.6074963742039997,0.5135314062119325
27,3,X,X,D,1,0.5500000907596273,0.4766318456350529,0.5836721983571356,0.5098895294987817
27,4,X,X,D,1,0.5849660809119107,0.4540336400634061,0.5605264706832421,0.4682437887644891
27,5,X,X,D,0,0.5972024256618668,0.4656448276665705,0.5908124973350075,0.4541282078710925
27,6,X,X,D,0,0.5689200738077403,0.4506953913335406,0.5708515051253803,0.4282788875700842
27,7,X,X,D,1,0.5942533401673078,0.4579182362032131,0.56735680489764,0.42536128912094
27,8,X,X,D,0,0.600383105243588,0.4850809625196782,0.5583237831336808,0.4493735877899182
27,9,X,X,D,1,0.5769530200569105,0.4508870388515466,0.5457967570267087,0.4390639943587932
27,10,X,X,D,1,0.6049697111043042,0.4449210301279222,0.5525226438414724,0.4665098957135711
27,11,X,X,D,1,0.5784184178657372,0.4223078011157164,0.5959043334521879,0.4682301007131939
27,12,X,X,D,1,0.5703009551437985,0.4584750567139481,0.5533492767251783,0.4467990488993975
27,13,X,Y,J,0,0.5674122323637372,0.4799956495301832,0.5634995955995531,0.4405812304557434
27,14,X,Y,J,1,0.540578749624428,0.5049229972699532,0.5965267008758994,0.4316543740102203
27,15,X,Y,J,1,0.5631950771800679,0.513381280551262,0.6195698447683631,0.4234267984205566
27,16,X,Y,J,1,0.5552111750535713,0.5239386928634373,0.6259575602175602,0.3675129771923972
27,17,X,X,D,0,0.5093901501060192,0.518464104157874,0.6288699291684956,0.3705273364755621
27,18,X,X,D,0,0.5277557081869461,0.5162254150685917,0.6456631025472075,0.3885381560613203
27,19,X,Y,J,1,0.4994145915847335,0.5244138858149359,0.675156515235481,0.3960455399900131
28,0,X,Y,J,1,0.7287903515002183,0.7049141925408557,0.5726901445999067,0.6134294270771763
28,1,Y,Y,J,1,0.738733128254675,0.7153627338983265,0.5938421063720599,0.6355193958220073
28,2,X,X,D,1,0.7252290453818455,0.7096905318514911,0.6018530186559706,0.6327603454515822
28,3,X,Y,J,1,0.7292601378816197,0.6981515849592309,0.630797589094293,0.6505681410052758
28,4,X,Y,J,0,0.737177008820389,0.6882666769082235,0.6110678010575477,0.6325266608249893
28,5,X,X,D,1,0.7436324630885635,0.6907125592148383,0.6311390803742594,0.6417973727572883
28,6,X,X,D,1,0.6893473330888517,0.7276568694051432,0.6435359793549892,0.6252239122358245
28,7,X,X,D,1,0.6271466488143365,0.6843858659763791,0.6198486754869771,0.6048587368758982
28,8,X,X,D,1,0.6100036051297995,0.6961733992006267,0.640751047870971,0.6091448951174536
28,9,X,X,D,0,0.594877078302253,0.7092611319804669,0.6491127152726412,0.5783551672690725
28,10,X,Y,J,0,0.6468979094196514,0.6961926551113484,0.6836831224532091,0.5875627425189888
28,11,X,X,D,1,0.6366601984475817,0.702151750093473,0.69187082847232,0.5868140789492249
28,12,X,Y,J,1,0.6314161054457346,0.7169942864554627,0.6972421446491102,0.5827455006166805
28,13,X,Y,J,1,0.6338403175378308,0.739608712907903,0.6904434110506338,0.5878160568679284
28,14,X,X,D,1,0.6464973583646415,0.75,0.7259818869375285,0.6098326776027534
28,15,X,X,D,0,0.6432111445862486,0.75,0.75,0.6306030864723905
28,16,X,X,D,1,0.6111503506797458,0.75,0.7254342166057313,0.6298312926607208
28,17,X,X,D,1,0.6696481153898272,0.75,0.7069131935565384,0.6546978948401679
28,18,X,X,D,1,0.6935346707470978,0.7222148985666272,0.7347981034015343,0.6531653207362709
28,19,X,X,D,1,0.6615875152215522,0.7381857367551014,0.7257447437219545,0.6047505632314571
29,0,X,X,D,0,0.4139946096195435,0.5981434143896229,0.7403247194954365,0.6543780050507342
29,1,Y,Y,J,1,0.4381831315143042,0.601065679461462,0.7394957327998127,0.6559217379165502
29,2,Y,Y,J,1,0.4665080566125094,0.5856468305478639,0.75,0.6745838260385251
29,3,Y,X,D,1,0.4616430354734606,0.5775847090525197,0.743792551213437,0.6974734406710809
29,4,Y,Y,J,0,0.5122510006525433,0.5947371317966104,0.75,0.721610906941058
29,5,Y,Y,J,1,0.5213109013701643,0.608877024056904,0.7390975173048157,0.7264722964658041
29,6,Y,Y,J,0,0.5009471782491031,0.6110158855233292,0.7361877053168954,0.7201940824702919
29,7,Y,Y,J,1,0.464217583292065,0.6432796550772282,0.75,0.7236235564008733
29,8,Y,X,D,1,0.4767375818065539,0.6331335097232393,0.75,0.7297671991852368
29,9,Y,X,D,1,0.5132747324865226,0.6437270051040076,0.7322709499272663,0.7435252950235902
29,10,Y,X,D,1,0.468418775623876,0.5905605729487637,0.75,0.7285786705730842
29,11,Y,Y,J,0,0.4746533251728528,0.5817734879134137,0.75,0.7425339040821536
29,12,Y,X,D,1,0.4958825837379815,0.5998137817677555,0.7454914864926544,0.75
29,13,Y,X,D,0,0.4590694868903555,0.607369115702828,0.7289149669181663,0.75
29,14,Y,X,D,0,0.4202140455467265,0.6337260585530383,0.75,0.7354338014939434
29,15,Y,Y,J,1,0.4317043910600855,0.626210012477126,0.75,0.7218189219771395
29,16,Y,Y,J,1,0.4228940406762901,0.6402782406573462,0.6930887288611425,0.7234136138293114
29,17,Y,X,D,0,0.4341119920818596,0.60688159911661,0.6806418442080004,0.7294618456716296
29,18,Y,Y,J,1,0.3913444817439621,0.5832647051682447,0.7259066335267621,0.6997815409173852
29,19,Y,Y,J,1,0.4253174700202791,0.554299127522484,0.7189486883119903,0.6886226494264192
30,0,X,X,D,0,0.3896399322850571,0.7223084126581227,0.4274175545260227,0.5019918167015402
30,1,Y,Y,J,0,0.4272782551927422,0.7252375026647657,0.4461590644361585,0.5049406173568997
30,2,X,Y,J,0,0.4415043554841286,0.7430925705838962,0.4372192436745645,0.4709302833371093
30,3,X,X,D,0,0.4591703468225626,0.7068148814727926,0.4564115356262805,0.4310098175962106
30,4,X,Y,J,0,0.4487621075071869,0.7128005209398512,0.4851122459296973,0.4362505681132191
30,5,X,Y,J,0,0.4568149168628457,0.7375997571311136,0.4733520920682604,0.4290775869392706
30,6,X,X,D,0,0.4501946657136361,0.6927175492424529,0.4554817604814706,0.4607741615008023
30,7,X,X,D,0,0.4522070551895243,0.722833388225883,0.4883984522832885,0.4248985174820162
30,8,X,X,D,0,0.4112285645559517,0.690770892534474,0.5002279386276594,0.3560855096417931
30,9,X,X,D,1,0.3933358229930179,0.683287415016926,0.4991170672435711,0.3433859854527905
30,10,X,X,D,1,0.4389135303477012,0.6813281446854043,0.4942746115347544,0.3582480400013473
30,11,X,X,D,1,0.4301678927537096,0.6703923682094557,0.4828839160974859,0.35018328414738
30,12,X,X,D,0,0.4283226992520109,0.6801137965525774,0.4480823518555343,0.3821700241783937
30,13,X,Y,J,1,0.3712973122282562,0.6868185585145429,0.4568090208102899,0.3806188126775524
30,14,X,X,D,0,0.3713879702883113,0.6789793481965156,0.5030443905946652,0.4055595652946929
30,15,X,X,D,1,0.368469819255984,0.6080835145051929,0.4898736327773919,0.460966595747143
30,16,X,X,D,1,0.3364958145966034,0.6294801314632961,0.5173669661762903,0.4319908497920721
30,17,X,Y,J,1,0.3219239087393263,0.6114400843789937,0.5332624247058353,0.4356565832578133
30,18,X,Y,J,0,0.32279854515001,0.6150686063714433,0.5085161702818629,0.490294148043172
30,19,X,Y,J,1,0.279546101176374,0.649351145035432,0.5412494978996235,0.5245053335608948
31,0,X,Y,J,1,0.3922265809096425,0.42234676915236,0.7307494548912108,0.555207852280073
31,1,Y,Y,J,1,0.3964093935172053,0.4659087342929652,0.75,0.609915347419511
31,2,X,X,D,1,0.4065813887947038,0.5016979758891988,0.75,0.6291238024637856
31,3,X,Y,J,1,0.4166378438629265,0.507804029241921,0.7409855987236791,0.6490323670666531
31,4,X,Y,J,1,0.3761197241568638,0.5199106902538971,0.7352631561703025,0.6328464523650046
31,5,X,X,D,0,0.3614455617677706,0.5453540712493202,0.75,0.6160305504847154
31,6,X,X,D,0,0.3551904398487643,0.5182034102051566,0.7332263407910075,0.6075287189404215
31,7,X,X,D,0,0.3823995844936003,0.543356151717642,0.7105276561855731,0.6159413354162239
31,8,X,Y,J,1,0.39471351057403,0.5619784053837071,0.6880516657170026,0.5599023334982527
31,9,X,X,D,0,0.3651410672939456,0.5702723388606995,0.6524369692379208,0.539806779499791
31,10,X,Y,J,0,0.4070168596643092,0.5525970960539102,0.629328894499744,0.5255162281879833
31,11,X,Y,J,1,0.4068154623566836,0.5408996873796741,0.6545747615668505,0.5239652997921955
31,12,X,Y,J,1,0.3973115348144896,0.4982186298299919,0.6255955141848244,0.5253794386027831
31,13,Y,X,D,0,0.4100939462253843,0.4872489698934457,0.682735885916538,0.5444469355570172
31,14,X,X,D,1,0.4416113239907707,0.5137981609324559,0.6758798551314341,0.5683328495756993
31,15,X,X,D,1,0.437688351540047,0.5589379720392018,0.6145930965917338,0.5976872620242283
31,16,X,X,D,0,0.4133671548147924,0.5627500241736421,0.6260075661453509,0.5686738989041428
31,17,X,Y,J,1,0.3985316142671338,0.5581934683009427,0.6273187886871846,0.5910426812672204
31,18,X,X,D,0,0.3966813671532426,0.5786939762952495,0.656910914675625,0.5781644894337258
31,19,X,X,D,1,0.3726352907815993,0.599692003092092,0.6992090876477803,0.6230072885064416
32,0,X,Y,J,0,0.4748259057258576,0.6513919318232626,0.5481510178532215,0.3229394576063334
32,1,Y,Y,J,0,0.4638613405976299,0.6851165708708372,0.5135288778754504,0.3067310027770953
32,2,X,X,D,0,0.4651183538994481,0.7059534450937294,0.5229469881869454,0.3606364983261887
32,3,X,X,D,1,0.4934205791555867,0.7325577848547885,0.5291823212981959,0.3295783205146286
32,4,X,X,D,0,0.4768275192780026,0.75,0.5571149983816133,0.335641056125134
32,5,X,Y,J,0,0.5218834119314573,0.75,0.554652624105403,0.340992749825071
32,6,X,X,D,1,0.5098260331808485,0.75,0.5181090534546858,0.3511230491254652
32,7,X,Y,J,1,0.5373957842706618,0.75,0.5793225677353496,0.3651996921407392
32,8,X,X,D,0,0.5443206410652283,0.7249835511757962,0.5416121481298175,0.335750507154596
32,9,X,X,D,0,0.5498118214492727,0.6968462190098081,0.5468851786487814,0.3423925056711838
32,10,X,X,D,1,0.5883257175736073,0.680175668690298,0.5669838745413761,0.3571796321221478
32,11,X,X,D,0,0.5860110075745789,0.7156791609628592,0.5333240804870097,0.3473523562013962
32,12,X,X,D,1,0.6086571246886171,0.7384625665838619,0.5740747346144598,0.3564855958448755
32,13,X,Y,J,1,0.5970041734941033,0.7132220224189595,0.5927650983237327,0.401430295904508
32,14,X,X,D,1,0.574464614471426,0.721295151875639,0.6314882383091316,0.3947927206146763
32,15,X,X,D,1,0.5550672936198171,0.6957711236798446,0.6655911400839327,0.3713460548814286
32,16,X,X,D,0,0.5104393150917005,0.7059086254124078,0.6856228819388617,0.392750906563299
32,17,X,X,D,0,0.5110397952154043,0.7164424290645487,0.6764816204121297,0.4209070864585657
32,18,X,X,D,0,0.4882323586523014,0.75,0.6930070992002578,0.4053808010988554
32,19,X,Y,J,1,0.4914089968531656,0.7446147884840444,0.7166654229146711,0.4328435366906552
33,0,X,X,D,0,0.6853134978592144,0.511610864654168,0.3317645889283485,0.3793107183436865
33,1,Y,X,F,0,0.6767507261490133,0.4883082819275065,0.3636436351158402,0.3549580436241992
33,2,X,X,D,0,0.677015777146413,0.486603717581767,0.35751024304554,0.3602694199669589
33,3,X,X,D,0,0.672917863093216,0.5022033703705642,0.3422686647382276,0.3690038591555852
33,4,X,X,D,1,0.6664022776092585,0.511702720403523,0.3478919947676282,0.3692500149213025
33,5,X,Y,J,0,0.6489214351966289,0.5292632998687384,0.3820446193128985,0.352803899395079
33,6,X,Y,J,0,0.653672636626508,0.5539481151115958,0.4422913638501745,0.3695482357197694
33,7,X,X,D,0,0.681561467815496,0.5752790970199809,0.4677780761624477,0.3767209153590696
33,8,X,Y,J,0,0.6812011525115773,0.5386298311352362,0.3762604773446214,0.3959926377251748
33,9,X,X,D,1,0.6853881824063761,0.5438638658777738,0.3907992334022351,0.3836089571356678
33,10,X,X,D,0,0.688928696363498,0.5252055326825121,0.3706396721587627,0.3570202903369932
33,11,X,X,D,1,0.6707725220665237,0.5152733194073909,0.4010200515517516,0.3645364583593036
33,12,X,Y,J,1,0.6688599644256226,0.5248267835342171,0.4297472254056292,0.3141100364965783
33,13,X,X,D,0,0.627812803163438,0.4766333843242647,0.4539735831969392,0.3107438883113423
33,14,X,X,D,1,0.6093854232302301,0.4985849681935105,0.4641215518281262,0.3205612853874797
33,15,X,X,D,1,0.5656628277986258,0.4448700568904248,0.4806376945392208,0.3470421615375989
33,16,X,Y,J,1,0.5772092612277289,0.3947626409102647,0.5207180199276,0.3675560346967705
33,17,X,X,D,0,0.5728128782008604,0.3655377625282136,0.5554444229787018,0.3599903766657759
33,18,X,X,D,1,0.597834707269391,0.3310994996046364,0.5409227400767321,0.3711734789925132
33,19,X,Y,J,0,0.5863701229588647,0.3406813373488687,0.5399128016267959,0.3783944940694716
34,0,X,X,D,1,0.4463186768640637,0.5061357707733747,0.2597271388815814,0.5102736250693003
34,1,Y,Y,J,0,0.4690867525073708,0.5151312172140998,0.25,0.5164064340564567
34,2,X,X,D,1,0.4401152453621904,0.5219805717046077,0.25,0.5586186037517258
34,3,X,X,D,1,0.4369969072835458,0.5312440567500647,0.265650015696435,0.6177221770675517
34,4,X,X,D,0,0.4174249928096845,0.5581705187354962,0.25,0.6424116593197857
34,5,X,X,D,0,0.4244138699739275,0.5274752065168589,0.25,0.6417160942565477
34,6,X,X,D,1,0.4425334290566075,0.5496351310952877,0.25,0.6885860922286937
34,7,X,X,D,0,0.4513933853944298,0.5882615737138558,0.2549921835096042,0.6818061711323514
34,8,X,X,D,1,0.4078765823803563,0.6199007390616285,0.270989414636231,0.7230013558374365
34,9,X,X,D,0,0.4187158880423376,0.6547810617412183,0.285215495028809,0.75
34,10,X,X,D,1,0.4186960339250004,0.660222766207387,0.3016307280241133,0.7425258408859857
34,11,X,Y,J,1,0.4345869612836966,0.661626093325133,0.3127048477444978,0.7176794833411226
34,12,X,X,D,0,0.4284277586691846,0.6389414083469228,0.2906031841871533,0.7004006015249372
34,13,X,X,D,0,0.4354274994156363,0.6337440454870513,0.2695820728312528,0.708995383894834
34,14,X,X,D,0,0.4470541079116272,0.6358216364217583,0.2701035452904218,0.6973475384678101
34,15,X,X,D,0,0.4669495884423397,0.6140141903597949,0.2921104462974192,0.7171003725663759
34,16,X,X,D,0,0.4990403580982149,0.5969558708289676,0.25,0.75
34,17,X,X,D,1,0.5241697321543517,0.6322504406496084,0.25,0.741126442905537
34,18,X,X,D,0,0.5299593198465277,0.6263871537009245,0.25,0.7452517753036658
34,19,X,Y,J,0,0.5244714294383866,0.6128304969589301,0.2526227787093893,0.7234521872956324
35,0,X,Y,J,1,0.4098658607607199,0.511645743584672,0.4265665716464216,0.6414406463339767
35,1,Y,Y,J,0,0.3871623134270278,0.4789395815583707,0.3982191589125652,0.6433806667650981
35,2,X,X,D,1,0.3885325333988894,0.4838575740818594,0.4295296153134069,0.6502390720440142
35,3,X,X,D,0,0.4065505342051971,0.48954818129633,0.3803910108606934,0.6499407151143188
35,4,X,X,D,0,0.3993909537451241,0.5279456617584792,0.379187512147055,0.7153168877953531
35,5,X,X,D,0,0.4301536572377233,0.5489645783823981,0.3609981098162748,0.6807546392793856
35,6,X,X,D,1,0.4606300957254713,0.5700850610272529,0.31860506803982,0.6824938437241308
35,7,X,X,D,0,0.4610661915682985,0.5532758530900616,0.3547999962024938,0.6669186912048692
35,8,X,Y,J,1,0.4672442548960481,0.5203283151677963,0.327961014508656,0.6483049281966429
35,9,X,X,D,0,0.4674376508235374,0.5037071465126001,0.3404536653879542,0.6325363554229203
35,10,X,X,D,1,0.4918777564939065,0.5090862860926371,0.3439788961177639,0.6556765350443949
35,11,X,X,D,0,0.5049080952292575,0.4553557497819773,0.3222756738733242,0.6785058943897629
35,12,X,X,D,1,0.5265764314780031,0.4526766758478728,0.2765410236755241,0.7160108812871039
35,13,X,X,D,1,0.5084368655383246,0.4354377908855474,0.2731218552696201,0.7003545081353612
35,14,X,X,D,0,0.4845359291945214,0.4337935612591624,0.2875446704201714,0.703842041302232
35,15,X,Y,J,0,0.5382075358493128,0.4538033595627654,0.2940821023084778,0.6966848922021093
35,16,X,X,D,1,0.5039557143941037,0.4424569455039305,0.3002412034569747,0.7213113345869557
35,17,X,X,D,1,0.5345623286332823,0.4020949871257715,0.3563355799165328,0.7358856860320354
35,18,X,X,D,1,0.4983238591883965,0.3687306535412396,0.3282008759644703,0.75
35,19,X,X,D,0,0.5190188494406615,0.354003964368616,0.3626295875232239,0.7225294852173177
36,0,X,Y,J,0,0.4147321191838783,0.2858293527641954,0.6042548704410682,0.7415835978342742
36,1,Y,Y,J,1,0.4199054358414781,0.2852667136818136,0.5716947496735358,0.7481610886651431
36,2,Y,Y,J,0,0.4331860428781543,0.3089378488771886,0.6177502561255888,0.7188240347310015
36,3,Y,X,D,0,0.4397442757078069,0.2653391589935668,0.5764524082737015,0.698975093007885
36,4,Y,Y,J,1,0.4294119674518794,0.2890028033522146,0.5673614337564638,0.729700189970711
36,5,Y,X,D,1,0.4449554798697641,0.3199115815218035,0.5339437123553454,0.75
36,6,Y,Y,J,1,0.4489876192025919,0.3489423978801722,0.5007640046542644,0.7415348777779087
36,7,Y,X,D,0,0.4511451882725568,0.3621348652166269,0.5002125152522086,0.75
36,8,Y,Y,J,1,0.4740513927873366,0.306897125171209,0.509550602322999,0.75
36,9,Y,Y,J,0,0.5078476891885833,0.345808481912638,0.4912226566559342,0.75
36,10,Y,Y,J,0,0.4847189429739526,0.3522834317553436,0.4827908440947021,0.75
36,11,Y,Y,J,1,0.4476798169703002,0.3812240146794047,0.4723062585124508,0.75
36,12,Y,Y,J,0,0.4433780823748282,0.3817932268202174,0.5013474749023229,0.75
36,13,Y,Y,J,1,0.4410300877775309,0.3842825568690429,0.5009897547307958,0.75
36,14,Y,X,D,0,0.4098635625733282,0.3739905161995993,0.5150764942145557,0.75
36,15,Y,X,D,0,0.4415447127152029,0.3903730230692487,0.5273330876710657,0.720557402580169
36,16,Y,Y,J,1,0.4601071675185281,0.3906199430782914,0.5115942833579039,0.6923345852708634
36,17,Y,Y,J,0,0.495202459609147,0.3886565411281292,0.5215380842267088,0.727586620237057
36,18,Y,Y,J,1,0.4953645933236429,0.3703255065205906,0.4914572647657498,0.7464254805818298
36,19,Y,X,D,0,0.4993072594642492,0.3459055183966756,0.5178563306936736,0.75
37,0,X,X,D,1,0.4550751637552532,0.2656009369551477,0.6170321067578203,0.5624531084220934
37,1,Y,Y,J,1,0.432578893373336,0.2877331219351063,0.634907390924846,0.5651336425150432
37,2,X,X,D,1,0.4298156410032079,0.329153210722158,0.6770058766141429,0.5487256413855418
37,3,X,Y,J,1,0.4446922387348255,0.3480558350158166,0.6664042361699798,0.519537421059883
37,4,X,X,D,1,0.4590182940446938,0.3216482980841597,0.664837027808835,0.5305854224260539
37,5,X,X,D,1,0.5112835443877697,0.3359613704800302,0.6369006632779419,0.5421986143470012
37,6,X,X,D,1,0.4849100903175385,0.3011522954992616,0.6414973688746284,0.5463827021484224
37,7,X,Y,J,1,0.532052533969746,0.3201108259980811,0.6758553404180521,0.5536749660815083
37,8,X,X,D,1,0.5310101414851781,0.3056079296351776,0.6678883833338647,0.5658682091793347
37,9,X,X,D,0,0.511974164996161,0.3054833619176127,0.6691742534062727,0.5556812056796426
37,10,X,Y,J,0,0.4986346839446751,0.2950538500052692,0.6619840535392008,0.5596877890172909
37,11,X,Y,J,0,0.5075209354439716,0.3267806342257806,0.7037368978059995,0.5865098236616335
37,12,X,X,D,0,0.4783939863016064,0.3685966666788206,0.71396181789371,0.6081114597967567
37,13,X,X,D,0,0.4998134822541074,0.3756137251918738,0.7186877619865251,0.6108741975197683
37,14,X,Y,J,0,0.5092216448682491,0.3772853113139207,0.7294292385464606,0.5989326683678182
37,15,X,X,D,1,0.5138223008621704,0.3432852254385272,0.75,0.6280692980458632
37,16,X,X,D,0,0.4725957177820029,0.3269861606437586,0.75,0.6768308588059498
37,17,X,X,D,0,0.4902747254688331,0.3396773044350228,0.75,0.645415286106501
37,18,X,Y,J,1,0.5005536198921012,0.3158045043114033,0.75,0.6653805860929036
37,19,X,X,D,1,0.4886701206255608,0.2880976735204406,0.7357207371900963,0.641849893511108
38,0,X,X,D,0,0.4968534617817369,0.4462780894645037,0.4809890112383662,0.2607825481852411
38,1,Y,Y,J,0,0.4621858781840079,0.4701114925121614,0.5145826101724168,0.2757770373018334
38,2,X,Y,J,1,0.4585229850700567,0.49832556617924,0.5348396555828917,0.2869877673921389
38,3,X,X,D,0,0.4617197528193344,0.4916424286214499,0.4891061837197371,0.3028997321138426
38,4,X,X,D,0,0.4371764483324825,0.506816598098578,0.4760411927358682,0.2782603018108615
38,5,X,X,D,0,0.4128765943064101,0.5345529469414492,0.4870723323688282,0.2941890975081866
38,6,X,X,D,0,0.4455392603240525,0.5796660793334812,0.4912278386662405,0.2755620075537357
38,7,X,X,D,0,0.4469126154628231,0.539309947283589,0.4781164132318024,0.3013471957405686
38,8,X,X,D,1,0.3801130023937246,0.5576911164121641,0.474993380532019,0.344065910421329
38,9,X,Y,J,1,0.4120424871311732,0.5810012546804768,0.4480441858295115,0.3669053912346816
38,10,X,X,D,1,0.3975740991640901,0.5705070676206925,0.4513312612443629,0.3535095133578548
38,11,X,X,D,1,0.4468647915454601,0.5532570137304575,0.4607895397787591,0.3172791977115772
38,12,X,X,D,0,0.4416349595186372,0.5380741743475426,0.4681491908997358,0.3430204589976591
38,13,X,Y,J,1,0.4533875049334307,0.5798243172794939,0.4752738478861711,0.3519365275748036
38,14,X,X,D,1,0.4503391998003041,0.5659123229883064,0.451830473018146,0.3358526258749569
38,15,X,X,D,1,0.4753256412093856,0.5673394658176852,0.4320540672533887,0.38843142285593
38,16,X,Y,J,1,0.4918503839685582,0.5738877820257123,0.4345487068700382,0.3990764404071247
38,17,X,X,D,1,0.5013129810536642,0.6020529671229086,0.4676331769282797,0.3824993586698054
38,18,X,Y,J,0,0.5126008147463179,0.6332444074196658,0.4616772045643218,0.3656336755691736
38,19,X,Y,J,0,0.5125035002949525,0.6538647928432415,0.4424665359162376,0.4084214924446352
39,0,X,X,D,1,0.2603151940872105,0.6401575858033386,0.5674942601147726,0.6202673812405095
39,1,Y,Y,J,1,0.25,0.5876783662437008,0.6011505207388737,0.6090113291480054
39,2,X,Y,J,1,0.2958571416500259,0.5905862155293943,0.5747217616713547,0.5882901056244552
39,3,X,X,D,1,0.3253777222988847,0.6127030570476848,0.5669390927424297,0.600867275620546
39,4,X,Y,J,0,0.2646973884116543,0.6462970833399687,0.5230716538312769,0.5599104634366989
39,5,X,X,D,0,0.2876967649564688,0.6406006489311797,0.5053623460251965,0.5587996312807075
39,6,X,X,D,0,0.2752614007235442,0.6601691838881316,0.5000243157408558,0.5509256028469817
39,7,X,X,D,1,0.25,0.6658811249059462,0.5040472374802057,0.5453970832375943
39,8,X,X,D,0,0.2774355602303563,0.6481343266080386,0.5164166285012798,0.5750932465792514
39,9,X,Y,J,1,0.2698123095593275,0.5799764242664207,0.5149652184185766,0.5530148268061951
39,10,X,X,D,0,0.2638589923027795,0.5381014998114256,0.4783110797840643,0.5240313029921433
39,11,X,Y,J,1,0.25,0.5330386061426856,0.4510162485181915,0.5101081159645651
39,12,X,X,D,0,0.2501065086417313,0.550171857314719,0.4239181503936372,0.4978034598574951
39,13,X,X,D,0,0.2780540350289722,0.5776253378364676,0.4620673159777173,0.4806856119388809
39,14,X,X,D,0,0.2588378889999431,0.5893300156381901,0.4206357553259052,0.4684782788525244
39,15,X,Y,J,0,0.25,0.5972130484472311,0.4050733540787716,0.4858572076150241
39,16,X,X,D,0,0.25,0.5697915027142914,0.3906301297112877,0.4454892753535607
39,17,X,X,D,0,0.25,0.5288583742923941,0.4440576982136649,0.4603909529931422
39,18,X,X,D,0,0.265717758174283,0.5111317299699116,0.453368270049967,0.4959628745800825
39,19,X,Y,J,0,0.287495052625093,0.496767260110462,0.4344370109166884,0.4946523736844032
40,0,X,X,D,0,0.4192008103008387,0.4545880050955669,0.6222744115106198,0.6369504053501096
40,1,Y,Y,J,1,0.4035854733580067,0.4577092275794024,0.6130340939834086,0.6265526123210671
40,2,Y,Y,J,1,0.4216434360852443,0.4526735345484902,0.678229741829376,0.6468790288215335
40,3,Y,Y,J,1,0.3494274798789374,0.4355949703807955,0.6822842827036856,0.6183121249941731
40,4,Y,X,D,0,0.3120391618222338,0.4360593242700923,0.6939696435821056,0.6421816263186535
40,5,Y,X,D,0,0.3224850642477249,0.412221849337944,0.6876660106451854,0.6506520130169435
40,6,Y,X,D,0,0.3075801669450089,0.4255726217980041,0.6518229730342416,0.6158193846641755
40,7,Y,Y,J,1,0.2926795653064336,0.4132375704279988,0.65634155775557,0.6119272579687937
40,8,Y,X,D,1,0.3437116164614225,0.4710884343995127,0.6359373340477419,0.6246730688722354
40,9,Y,X,D,0,0.3730822524140786,0.4829417735520129,0.6326944144910324,0.6750882659415115
40,10,Y,X,D,1,0.4160083919917173,0.4339111737611069,0.6243265804205491,0.6628823497648306
40,11,Y,Y,J,0,0.4361541800339284,0.4472280481952941,0.5742737634418282,0.699860266964802
40,12,Y,X,D,0,0.4529642711978131,0.470107848206133,0.5782144703470354,0.7189786600661274
40,13,Y,Y,J,0,0.4176528090306908,0.4570111184846633,0.5414447214114253,0.7102697788046745
40,14,Y,X,D,1,0.3993358291345084,0.4449902956279908,0.5206783935194232,0.75
40,15,Y,X,D,1,0.3697774656033053,0.4246026616945118,0.5233623596316953,0.75
40,16,Y,Y,J,0,0.3721021302246561,0.4121971033237589,0.4948473656237623,0.75
40,17,Y,X,D,0,0.3186410269408671,0.3935658709482157,0.492549724218377,0.75
40,18,Y,X,D,0,0.3508802614616785,0.3975286174928176,0.4585413106698273,0.7357162308199852
40,19,Y,Y,J,0,0.3340949845653121,0.4609208811120021,0.4630367970149557,0.75
41,0,X,X,D,0,0.484795608700531,0.3676183713332136,0.6473855390565071,0.7088185698158924
41,1,Y,Y,J,1,0.5129997434102289,0.3507308721126655,0.6610321935118734,0.6847309665591554
41,2,Y,Y,J,0,0.4963407001382817,0.3760865502332658,0.6842284525282374,0.7208556372523716
41,3,Y,X,D,0,0.4715705023914178,0.3611503750634449,0.648096708397856,0.7300294290005473
41,4,Y,Y,J,0,0.4693927040646738,0.3753020637589676,0.6954014099041814,0.7442742415754883
41,5,Y,X,D,0,0.4564310059533796,0.3830864849259999,0.7183346292293324,0.75
41,6,Y,Y,J,1,0.452171179508138,0.3528690839163039,0.7028116788293951,0.75
41,7,Y,Y,J,1,0.3983995125631668,0.3661366064396473,0.7359721018945716,0.7207388557803847
41,8,Y,X,D,0,0.4030483643883833,0.3542257433200097,0.7413074904971235,0.7172166262926798
41,9,Y,Y,J,1,0.3513627619772764,0.3642373812591616,0.75,0.7456094110234243
41,10,Y,X,D,1,0.3401587497574523,0.3842735597921122,0.7346766503405618,0.7371753555847393
41,11,Y,X,D,0,0.289899313563092,0.3556174753915787,0.75,0.7301914187055617
41,12,Y,Y,J,1,0.3058819692400543,0.3686136336013001,0.75,0.734923151694907
41,13,Y,Y,J,0,0.2927490483485463,0.3957864375618062,0.75,0.724818485186787
41,14,Y,X,D,0,0.2826878237043667,0.4234981204291436,0.75,0.7392901195364926
41,15,Y,Y,J,1,0.2946430903478584,0.3798684551708352,0.75,0.7460722703296672
41,16,Y,X,D,1,0.3181950920001301,0.4153018902592321,0.7416203891737367,0.7336874521444385
41,17,Y,Y,J,1,0.3116858236890428,0.4297676537639801,0.7440652388203214,0.7236714220328547
41,18,Y,Y,J,0,0.3022402617092835,0.4197502375504799,0.7349794377460483,0.7260257227752492
41,19,Y,Y,J,1,0.3078948565226894,0.4509149035105926,0.695920649935637,0.7117655905990514
42,0,X,Y,J,0,0.2566414146350413,0.4381876397790069,0.3806816380210301,0.5228595212886831
42,1,Y,Y,J,0,0.3102908772612363,0.4047654720128167,0.3670144423596463,0.5032353204143486
42,2,X,X,D,1,0.2767455107450833,0.403135117284076,0.3531946831585633,0.5063742113727104
42,3,X,Y,J,0,0.2976774915603833,0.3943099353839488,0.3619110129077061,0.5045396885674238
42,4,X,X,D,1,0.2973387273021898,0.3861967193266983,0.3537884732342666,0.5026606265234786
42,5,X,X,D,0,0.3341477131884541,0.3664671343271459,0.3729371788498448,0.4992183631670763
42,6,X,X,D,0,0.3318194977322637,0.3349906048374394,0.4068919008839018,0.5041435264079196
42,7,X,X,D,0,0.3597294302082131,0.3317950348595607,0.413865380125192,0.4835727439681327
42,8,X,X,D,0,0.3840659488653472,0.2979846142295669,0.4083250774922986,0.4948710321673657
42,9,X,X,D,0,0.3984089492161273,0.3052386945337218,0.4066439123821178,0.5044404855013658
42,10,X,X,D,1,0.3770768800621268,0.3230254011282256,0.4226968094730994,0.4810713969394901
42,11,X,Y,J,1,0.4341774365340471,0.2810832477478768,0.387623082507366,0.4520970775556455
42,12,X,Y,J,0,0.405882326000165,0.2625070076069856,0.3564196307725377,0.4557142292044079
42,13,X,Y,J,0,0.4199882160581457,0.3204668933808069,0.3762798021498645,0.4357872130157261
42,14,X,X,D,1,0.4029157670486991,0.2875228771699058,0.3790166762118749,0.4210609467375203
42,15,X,X,D,0,0.382305388479538,0.2816777106075105,0.3532780186504715,0.4144358708360066
42,16,X,X,D,0,0.4076973242782075,0.2695679349404782,0.382419414754537,0.4033641889466844
42,17,X,X,D,0,0.3743797179773571,0.2985338522957717,0.378612319450318,0.4024639127904876
42,18,X,X,D,1,0.3570895497487314,0.2969940220470059,0.364918348381843,0.4082094010003192
42,19,X,X,D,1,0.3711717733529474,0.3153858153728794,0.3721579098756465,0.4335590006085413
43,0,X,X,D,1,0.4379581015035632,0.3501852891925181,0.3889616688255207,0.2895548411237391
43,1,Y,Y,J,1,0.4201343095269918,0.3728895263454509,0.3955095775170933,0.2901511790798124
43,2,X,X,D,1,0.4682795654641735,0.3664205216180827,0.3737291775300397,0.3042858523905578
43,3,X,Y,J,1,0.4798274919870841,0.3526670963725368,0.4093176431788931,0.2980610658866426
43,4,X,X,D,1,0.5336733510944334,0.3753771235542029,0.4184727216319215,0.2987102657291307
43,5,X,X,D,1,0.5465895646899834,0.3656612327940625,0.4268151463631542,0.3375493866810348
43,6,X,Y,J,0,0.5561692677655622,0.3394588059623213,0.4043771728664644,0.2878359100460516
43,7,X,Y,J,0,0.5618565995335817,0.338525025635996,0.4055868056232661,0.3257874881026747
43,8,X,Y,J,1,0.563670284054911,0.3138580650285814,0.4001437527835163,0.3312617768006616
43,9,X,X,D,1,0.607692402486406,0.3249912452071675,0.4177184251525163,0.3157377639479995
43,10,X,X,D,0,0.5449163131358838,0.2940385534638669,0.4296105621240965,0.3392106061907538
43,11,X,Y,J,0,0.586850500500185,0.2963639039253012,0.4502365278596159,0.3298823678266224
43,12,X,X,D,0,0.5913275933338105,0.3292214642898947,0.4952553703377901,0.337056995979014
43,13,X,X,D,1,0.6339493000425858,0.318708723691604,0.4373633705884177,0.3167578903987316
43,14,X,Y,J,0,0.6294851723011481,0.3088506653434192,0.4679226586374722,0.312120570248212
43,15,X,X,D,1,0.6472858951422946,0.2910379525700884,0.4902024582213251,0.3198713416675796
43,16,X,X,D,1,0.6395418006727236,0.3262826100444062,0.4696870924528089,0.3189369942978155
43,17,X,X,D,0,0.6507085380269431,0.3075302888047266,0.4843136192059852,0.2980999786334816
43,18,X,X,D,0,0.6136077032110502,0.3069653943824853,0.4610552186267467,0.2970642103875806
43,19,X,Y,J,0,0.6091211800168821,0.2864092353781871,0.4804598419219846,0.3011487715324341
44,0,X,X,D,0,0.3979831448565843,0.423643356890077,0.2521310802984309,0.7110775352767027
44,1,Y,Y,J,0,0.3686843366740105,0.4175409462244967,0.2713000983777105,0.683540249231565
44,2,X,Y,J,0,0.312641463371031,0.4647701557646162,0.25,0.6571895864642444
44,3,X,X,D,0,0.3247196190727203,0.4569755861662982,0.25,0.6764474339001885
44,4,X,X,D,0,0.3013735942658961,0.4641102660130152,0.25,0.6778004261702253
44,5,X,Y,J,1,0.3298371232619621,0.4683670356626274,0.3212821002638857,0.7064041486052312
44,6,X,X,D,1,0.3640737246615178,0.4749996364686416,0.3279619667723841,0.7165551280420068
44,7,X,X,D,0,0.4080262260658432,0.5069529951922944,0.3468345618819302,0.7444725112261923
44,8,X,X,D,1,0.4110104597536776,0.5177655999048787,0.3340670100693651,0.7035594399486492
44,9,X,X,D,0,0.408185224258479,0.5392840698886596,0.3327898829033174,0.6591815656507319
44,10,X,X,D,1,0.4059636163473832,0.5386935670025492,0.3343170250771393,0.6662100246637264
44,11,X,X,D,0,0.3832391698494683,0.523386207971121,0.3081940034434794,0.6708176002341766
44,12,X,X,D,0,0.3787050061866381,0.5416192170374509,0.268248103768903,0.6767876909814871
44,13,X,X,D,1,0.3820831453276044,0.5176127816898509,0.25731218796332,0.7247241784618216
44,14,X,X,D,0,0.3896506509881843,0.4940032207071761,0.2565493811030253,0.75
44,15,X,X,D,0,0.4130415059483894,0.5176160159450206,0.25,0.75
44,16,X,X,D,1,0.4269747442961848,0.5044610051847296,0.25,0.7472144905955086
44,17,X,X,D,1,0.4029646639869962,0.4951630358689889,0.25,0.7395909256946124
44,18,X,X,D,0,0.4172004051666523,0.4954097733135263,0.25,0.6895765885437394
44,19,X,X,D,1,0.4239186553092854,0.4835440667410898,0.25,0.6726647672999927
45,0,X,X,D,1,0.3917911288787448,0.7454697925588674,0.3270433401644791,0.469441607150712
45,1,Y,Y,J,0,0.3870473985904915,0.75,0.32617336016344,0.4849922503241918
45,2,X,Y,J,1,0.405416550181346,0.75,0.3444720760473146,0.4779785905327693
45,3,X,Y,J,1,0.4241943686360462,0.737652701703526,0.3393539805358363,0.4913496457953875
45,4,X,X,D,1,0.4311186585703242,0.7394506870567796,0.3958851870680002,0.5213509982968914
45,5,X,X,D,0,0.4212594006752784,0.6696863222626511,0.3955229026387158,0.4823688774171002
45,6,X,Y,J,0,0.4121272505941582,0.6642974564282184,0.4267807811701983,0.4469790913793572
45,7,X,X,D,0,0.4090439511488867,0.6781302615068392,0.4015058974382245,0.4367132987522433
45,8,X,X,D,0,0.4217442004776083,0.7068693427673111,0.3803689919952085,0.445657627178581
45,9,X,X,D,1,0.393212397379987,0.7209340043624246,0.3857525010937676,0.4314761460535412
45,10,X,Y,J,0,0.3730590596063047,0.7155990875406436,0.3764995763601584,0.4257953125719855
45,11,X,X,D,0,0.3898065858715947,0.7211337231191278,0.3967228741628616,0.4245887259687896
45,12,X,X,D,0,0.4022984572833438,0.7254917495924218,0.4132655750328002,0.4204519825372591
45,13,X,Y,J,1,0.3876256118141537,0.7394409233630047,0.3782461441510461,0.4346093896729889
45,14,X,Y,J,0,0.3957168411732139,0.75,0.3853913719716276,0.4577177326190044
45,15,X,Y,J,0,0.421688824581643,0.75,0.4125133914409548,0.4511400763693707
45,16,X,X,D,1,0.3939542853507493,0.7460978132962369,0.437352238613215,0.458680041338989
45,17,X,X,D,1,0.3738693874456816,0.7387609405145499,0.3979893271720441,0.4473886400779157
45,18,X,X,D,0,0.3853801324677463,0.75,0.4385781331621827,0.4650019105420051
45,19,X,X,D,1,0.4035156608094636,0.75,0.4409173737838257,0.4455978539591609
46,0,X,X,D,1,0.7087965768350366,0.5102579075716696,0.4942689251009036,0.6127484253334977
46,1,Y,X,D,1,0.696118438835384,0.4627062436479724,0.4704655630930478,0.604887306827025
46,2,X,Y,J,0,0.6542264109853422,0.4960202706618927,0.4812615778007699,0.6011470771082916
46,3,X,X,D,1,0.6335539420436042,0.4717078347342072,0.4363738120588204,0.5728998444121047
46,4,X,X,D,1,0.632501084160638,0.4498625146179613,0.4334374630571137,0.5381222663861087
46,5,X,X,D,1,0.6524908218046858,0.4287043878488359,0.4414282361697404,0.5419006862050316
46,6,X,X,D,1,0.6420794074010098,0.3994770451200286,0.4720416529672541,0.5231617778444491
46,7,X,X,D,0,0.6407879231272686,0.3340855390983122,0.4784840677244982,0.5685710156513119
46,8,X,X,D,0,0.583818270774717,0.3235729534920001,0.5177074703952831,0.4985944637206101
46,9,X,X,D,0,0.5606854392673963,0.3411487523844583,0.5428377506715075,0.5379705098270309
46,10,X,X,D,1,0.5429191232960574,0.3156737337918933,0.565139888031511,0.4861711617921022
46,11,X,X,D,1,0.5104552455154568,0.2992484900409862,0.601779139453975,0.4422146492174079
46,12,X,X,D,0,0.5217066206801559,0.345417733644104,0.6118957777372933,0.4156634061748821
46,13,X,X,D,0,0.5405294603115611,0.3016872042694851,0.5478305855937992,0.4474583009663325
46,14,X,X,D,1,0.5156719695088265,0.2856934416077822,0.5506115920537867,0.4631032033293227
46,15,X,X,D,0,0.50581971552464,0.2847385266121371,0.5331143790512327,0.4572141282649149
46,16,X,X,D,0,0.4708556847327267,0.2822492184439967,0.5323178178335588,0.4657503105106444
46,17,X,X,D,1,0.4888486539537723,0.2579419450149475,0.5738371642263702,0.4595524372483626
46,18,X,X,D,1,0.472325574741579,0.3234764727518142,0.5553938872240958,0.4794784287707071
46,19,X,X,D,0,0.4812800424533187,0.3561368397157811,0.5254362740020253,0.492873914844538
47,0,X,X,D,1,0.5585508772258405,0.4685356080915134,0.6349369045423636,0.6238937788760739
47,1,Y,Y,J,0,0.5691546399731648,0.51504922888556,0.6275633251888714,0.6360268806555284
47,2,X,X,D,0,0.5674658963886173,0.5181371660353146,0.6015757763607702,0.5903486337277946
47,3,X,X,D,1,0.6060226212095234,0.5644863402934829,0.5970378483553017,0.580607941780342
47,4,X,Y,J,1,0.5618746465596215,0.5851836742016123,0.5818679573867378,0.6167764256474622
47,5,X,X,D,0,0.5135911808247838,0.6094012997654267,0.5725163570943247,0.6532960995215261
47,6,X,X,D,1,0.5336345805485991,0.6233100090857342,0.5634473590010765,0.6857580852622545
47,7,X,X,D,0,0.5412223450768796,0.6150275969080818,0.5987504444311603,0.7022929442349964
47,8,X,X,D,1,0.5628495505458873,0.5687395004959596,0.6284564935762644,0.6966731764474399
47,9,X,X,D,1,0.5833521460539444,0.5685434331992961,0.6014924720173482,0.7038509281732156
47,10,X,Y,J,1,0.5664097548731012,0.5749126977727684,0.5904681618208948,0.6942024619053948
47,11,X,X,D,1,0.5544749727625827,0.5783117377026681,0.5802402194496159,0.6699503496754353
47,12,X,X,D,0,0.5810698685685143,0.5550621468913457,0.5479984102299491,0.6085981798824542
47,13,X,X,D,1,0.5993697835169699,0.5330843167801397,0.514263434432267,0.6139352471250392
47,14,X,X,D,1,0.6302271013592898,0.546907272096913,0.5061306901636866,0.5935913177040258
47,15,X,X,D,1,0.6407289419870027,0.5598088986635628,0.5299883323393677,0.6145704636356669
47,16,X,X,D,0,0.6204722520441898,0.5599126008055969,0.556899047884752,0.5665503556194801
47,17,X,Y,J,0,0.6277344692728637,0.6047009390937061,0.5183366526026467,0.5860937387693977
47,18,X,X,D,0,0.6163686829440729,0.5751958464567682,0.4966772715193591,0.5647399387497593
47,19,X,X,D,1,0.5832583090751885,0.5841714231403417,0.4596101362508887,0.556289972907577
48,0,X,X,D,0,0.4615975850617831,0.3728438347870312,0.7294661470811804,0.5335862147616495
48,1,Y,Y,J,1,0.4842515516266,0.3548734103558662,0.75,0.51603670124401
48,2,Y,Y,J,1,0.4568479678280907,0.3557802316760284,0.75,0.5428510761988687
48,3,Y,X,D,0,0.488286079138175,0.3419113464962956,0.75,0.5772128100289643
48,4,Y,Y,J,1,0.5011457849054279,0.3493887427502735,0.75,0.5937848321130835
48,5,Y,Y,J,1,0.5094169966792882,0.3553600828255168,0.75,0.5923899624170216
48,6,Y,X,D,0,0.4772167197252557,0.3894936526891359,0.75,0.5797615642989641
48,7,Y,Y,J,1,0.472460340401288,0.3421392910417583,0.75,0.582730794925771
48,8,Y,Y,J,1,0.5177650769212145,0.3196112201331241,0.7278399297033583,0.602738329961646
48,9,Y,Y,J,0,0.571472372802089,0.285626099048538,0.733616608685347,0.6084517165045779
48,10,Y,Y,J,0,0.5836498877435199,0.3205482951162047,0.75,0.6568031501830793
48,11,Y,Y,J,1,0.5688088605883586,0.3363434425032041,0.7415026352704932,0.6853092306069117
48,12,Y,Y,J,1,0.5982154547616284,0.3254402970594072,0.7177043435630663,0.6762054605013813
48,13,Y,Y,J,1,0.6396070046244502,0.337537329498798,0.6971096853943621,0.6707852142011914
48,14,Y,X,D,0,0.6213392493135002,0.3397024027137807,0.6855245091786756,0.687696786978213
48,15,Y,X,D,0,0.6071674448386011,0.3520546163975723,0.711135624927074,0.6474119810838073
48,16,Y,Y,J,1,0.5955525474996242,0.3245563502405271,0.6872692122147984,0.6563720703714698
48,17,Y,X,D,1,0.5384689123841137,0.3162418159608899,0.7420313352387478,0.6440667717086259
48,18,Y,X,D,1,0.5189574147191611,0.2931343302403847,0.7380812529000051,0.6549535846549399
48,19,Y,Y,J,1,0.504468400072886,0.2794030908943013,0.739577809059074,0.672799445213523
49,0,X,X,D,0,0.458470819056588,0.5388110865958495,0.2544023610158967,0.6469280389981072
49,1,Y,Y,J,0,0.4271777365640868,0.5101686477202452,0.25,0.6648407384295583
49,2,X,X,D,1,0.4289573595478434,0.546924570826484,0.2679251683380029,0.6557724078823475
49,3,X,Y,J,0,0.4513429661393149,0.5596913385617558,0.3016177336954409,0.6773682265028683
49,4,X,X,D,1,0.4548386798258145,0.5532242057624782,0.3021670603402626,0.6582508721945062
49,5,X,X,D,1,0.5155420263480883,0.5702734799242904,0.3240257877918892,0.6067864098548446
49,6,X,X,D,1,0.5241534427747702,0.5798585372738724,0.3133254926252553,0.5984963998011275
49,7,X,X,D,0,0.533283033705228,0.6102718009461101,0.3408676043337778,0.5964238294570499
49,8,X,X,D,1,0.5718254275531998,0.6247554772544714,0.3434128411283694,0.6026220907712075
49,9,X,X,D,1,0.5898368498444113,0.6557081178874549,0.3727816322325746,0.6031019140063807
49,10,X,X,D,1,0.5851216280387758,0.64711834980547,0.3168089069693983,0.5868755346162389
49,11,X,Y,J,0,0.5761053443888533,0.6611564803148764,0.3110596168723838,0.6698464675422946
49,12,X,X,D,1,0.5819407631662282,0.671658122642671,0.3102064324782044,0.6693589513014034
49,13,X,Y,J,0,0.6230798820293162,0.7118724067221018,0.3040431072208489,0.7099290578774557
49,14,X,Y,J,1,0.5984576036507453,0.75,0.2781821755305056,0.6798170783484389
49,15,X,X,D,1,0.5846210504604838,0.7303227276073017,0.3267946111592298,0.7059791605508502
49,16,X,Y,J,1,0.5408712684645651,0.7278570808310766,0.3282298411613634,0.67682711664717
49,17,X,X,D,0,0.524665280682189,0.7446377205287892,0.316843684189184,0.658845657411786
49,18,X,Y,J,1,0.5509520427294354,0.75,0.3454551263873145,0.6928438820502785
49,19,X,Y,J,0,0.5466905338231146,0.75,0.3567055225346877,0.6452579714578895
50,0,X,X,D,0,0.3998535560525572,0.3205550907636909,0.4092295589047686,0.3237433929396273
50,1,Y,Y,J,0,0.3895578282431773,0.3173290606556486,0.405564387636204,0.36005664660797
50,2,X,Y,J,1,0.4120363797803194,0.2834293011080208,0.4172994082787365,0.356633275764998
50,3,X,X,D,1,0.4264542773682661,0.2866908472007951,0.3940774604907439,0.3756213632337941
50,4,X,X,D,0,0.4197237111612232,0.2936823030760593,0.3403082088608179,0.3332943992999679
50,5,X,X,D,0,0.4077746400191238,0.2849641503067192,0.3057625703416477,0.2918583447798824
50,6,X,X,D,1,0.4277550222495684,0.2668369999112636,0.3110457459716397,0.3036105353002685
50,7,X,X,D,1,0.4651850081378294,0.2510326700913065,0.2930194372751982,0.3392262518469497
50,8,X,X,D,0,0.4308953771517496,0.25,0.2842771340830791,0.3440168569575115
50,9,X,Y,J,0,0.412466741612629,0.25,0.2617171093259579,0.3591562305562144
50,10,X,X,D,0,0.4101060812639218,0.2703660329862655,0.252282511627573,0.3280302191191285
50,11,X,X,D,1,0.4137674485324735,0.25,0.2976374840255751,0.3383891131191291
50,12,X,Y,J,0,0.4378848191302621,0.2635852948207254,0.3041812415889962,0.344504612763045
50,13,X,X,D,1,0.4325985787286605,0.25,0.3323828957175845,0.3669700183260351
50,14,X,Y,J,1,0.3759075328965156,0.2629867743161281,0.3064962154813078,0.3396100379272176
50,15,X,X,D,1,0.3677378708140294,0.2710994531949883,0.2916550764785411,0.3393945744119347
50,16,X,X,D,1,0.3537939048488884,0.2847945257496593,0.3275674019102541,0.3535113728829506
50,17,X,X,D,0,0.3267391565232142,0.3479142546067796,0.3571046771748988,0.3717093938007767
50,18,X,X,D,1,0.3426045222889195,0.3345648016503629,0.3441401964748064,0.3960905075404008
50,19,X,Y,J,0,0.3842396994765994,0.3423518431272593,0.3396848231465303,0.3901113760174454
51,0,X,X,D,0,0.6452700317515454,0.2753422900145422,0.6789647488237139,0.6051334295226618
51,1,Y,X,F,0,0.6289807998849926,0.2676501578720455,0.7058442701243927,0.5837102875757784
51,2,X,X,D,1,0.6148180776938323,0.2949496191531265,0.722644147859036,0.571029244437914
51,3,X,X,D,1,0.6167206611228268,0.3272710269853935,0.7292964713381519,0.5280731499893043
51,4,X,X,D,0,0.5940397135467169,0.3308963034822995,0.6702134136143918,0.5031181377941846
51,5,X,X,D,0,0.5907753318129394,0.3713418863447983,0.6782183684398089,0.4896079973930994
51,6,X,X,D,0,0.592775021032576,0.3757498423079805,0.6849093244596256,0.473597826047616
51,7,X,X,D,1,0.6049160968545225,0.3824657907168616,0.6920964584531604,0.4919977559897196
51,8,X,X,D,1,0.6029553049418744,0.3774643111991202,0.7217743228429349,0.4662255356759757
51,9,X,X,D,0,0.6112059654153993,0.3859731136717324,0.75,0.4607824609144024
51,10,X,X,D,0,0.565983036298142,0.3686210040269221,0.75,0.4446715891922974
51,11,X,X,D,1,0.5715026528983815,0.3369602633037193,0.75,0.4850080793254471
51,12,X,Y,J,0,0.5764681382363153,0.3091771142370318,0.75,0.4926170428598793
51,13,X,Y,J,0,0.5828481189879028,0.2678167123139414,0.720994639324053,0.4658662388217787
51,14,X,Y,J,0,0.5710092262489425,0.2771067515695533,0.713358257059377,0.4705419258891457
51,15,X,Y,J,1,0.5891803349662127,0.2972433750213571,0.6767171156826094,0.5168298060929102
51,16,X,X,D,0,0.6432942746491626,0.2841192004436725,0.6927287569578711,0.4912519492364953
51,17,X,X,D,1,0.6645519807597321,0.2531959923392012,0.6888703529890722,0.499906871459037
51,18,X,X,D,1,0.6202099798818292,0.25,0.695215828885747,0.4972068201224078
51,19,X,Y,J,1,0.6528083641445275,0.25,0.6665600236579821,0.4972744380100318
52,0,X,X,D,0,0.4721143918662964,0.7155765873404717,0.4105147827001442,0.559882231027911
52,1,Y,Y,J,0,0.446500310904648,0.7306935160967123,0.4117067168712955,0.5734790625062185
52,2,X,X,D,0,0.4704720640173362,0.7427901602502549,0.3957032169387602,0.5317240085382613
52,3,X,Y,J,0,0.4961242710756655,0.7303298283479507,0.3400504231777484,0.5117499096459288
52,4,X,X,D,1,0.4802712842930736,0.75,0.3424724058124691,0.4920766735351902
52,5,X,X,D,1,0.4595384847640776,0.75,0.3900598658876165,0.5125648915049573
52,6,X,X,D,0,0.4746568789222488,0.7114370323433585,0.3983764080251229,0.5010391290285331
52,7,X,X,D,0,0.4642021311282106,0.7253546319387523,0.4083950407584936,0.4939534392196757
52,8,X,Y,J,0,0.4527409834166342,0.7051099463421252,0.4142453326576881,0.5406225023928128
52,9,X,X,D,1,0.5127437212891743,0.7262305577436782,0.4211227372699411,0.5341105859657117
52,10,X,X,D,1,0.5057192619478738,0.747192234347161,0.3860985797902769,0.5193454141715159
52,11,X,X,D,0,0.5272935833848387,0.7491145642052167,0.37239069956028,0.525793553606077
52,12,X,X,D,1,0.5279157051082559,0.75,0.3887302335018925,0.4692269794762208
52,13,X,Y,J,0,0.4924838968757559,0.75,0.3913982427156126,0.465458369243425
52,14,X,X,D,1,0.4821369348318673,0.75,0.3791880768434073,0.4691368497265698
52,15,X,X,D,0,0.4690147918552976,0.75,0.333027788826275,0.5090159571587369
52,16,X,Y,J,0,0.4999893047887508,0.75,0.3315994036676923,0.4889432782175856
52,17,X,Y,J,0,0.5173202283811198,0.7332920061891901,0.3219646295712272,0.5335627174588982
52,18,X,Y,J,0,0.5761565501307223,0.75,0.3372088356848686,0.5246388839914782
52,19,X,X,D,0,0.5763922749693153,0.75,0.3039864536266897,0.4814220342838493
53,0,X,Y,J,0,0.4623966782775423,0.2502698887961419,0.5141431473915639,0.3923763458850319
53,1,Y,Y,J,1,0.4832306728983514,0.260517983659033,0.5227568779831651,0.3890571128340317
53,2,Y,X,D,1,0.534651189785803,0.25,0.5209858778261945,0.3646200480418659
53,3,Y,Y,J,1,0.5188856306786453,0.25,0.4928800246779959,0.3610771893323425
53,4,Y,X,D,1,0.5153557088665633,0.281101508340237,0.4770379648041548,0.3562881616705717
53,5,Y,X,D,1,0.5011906698274712,0.2840772499131136,0.4509930338097085,0.3472849780265614
53,6,X,Y,J,0,0.4991315334524557,0.25,0.4568457599363043,0.3822417321156437
53,7,Y,Y,J,1,0.4693940863920279,0.25,0.4766387522736635,0.4200928461751443
53,8,Y,X,D,1,0.5140805877951702,0.2649102902766979,0.4765412338993883,0.4311301528147561
53,9,Y,Y,J,0,0.502090008427983,0.2678535838222547,0.4668605127177281,0.4485398178158745
53,10,Y,Y,J,1,0.5259984165233008,0.3067042406881314,0.4703317391099526,0.455680832613034
53,11,Y,Y,J,1,0.5466878608952369,0.3358854276531063,0.4677995338769614,0.4735305117724454
53,12,Y,Y,J,1,0.538647042832874,0.344426860116131,0.4521329126530073,0.4709269904898686
53,13,Y,Y,J,1,0.5198636682665726,0.3883625526407305,0.4441020656731201,0.4641451714671003
53,14,Y,Y,J,0,0.5348077595456612,0.3855231860777978,0.4419811547394592,0.4342359034916169
53,15,Y,Y,J,0,0.5390111727667266,0.3664238865948272,0.4476729717147067,0.4281104127824448
53,16,Y,X,D,1,0.5585665212317653,0.360984613092784,0.4613728579252555,0.3950721713738915
53,17,Y,Y,J,0,0.5674343841761187,0.3319288531660696,0.4689819494122085,0.4249638490408169
53,18,Y,X,D,0,0.5084444419356777,0.3557679650091365,0.4320741465516999,0.3695220722984715
53,19,Y,Y,J,1,0.5142835821477625,0.3564038108984477,0.4462183873677292,0.3842945741005015
54,0,X,X,D,1,0.64890407259574,0.744407229302871,0.7408750067076286,0.3560085447678439
54,1,Y,Y,J,1,0.6455945738899544,0.75,0.75,0.3570734696752951
54,2,X,X,D,1,0.6590100495442164,0.7159177459452505,0.75,0.3741519079759638
54,3,X,X,D,0,0.6279851492001738,0.7003422401065635,0.75,0.3860355032617659
54,4,X,Y,J,0,0.6292017776255623,0.685743275656457,0.75,0.349543326787669
54,5,X,X,D,0,0.6042464947999319,0.6405156491050611,0.742330949222549,0.3643348368238612
54,6,X,X,D,0,0.5924952666208464,0.6427773221789879,0.75,0.3662945884546576
54,7,X,X,D,0,0.5960573812544998,0.6245258977391224,0.75,0.358819157733098
54,8,X,Y,J,0,0.5843313123945881,0.6460344217651034,0.7230921681846462,0.3246588780780773
54,9,X,X,D,0,0.5547215532915006,0.6312235157725476,0.7158532599372396,0.2686541570021774
54,10,X,Y,J,1,0.5929526388546721,0.6402969971957017,0.696152228841843,0.2715358602357964
54,11,X,X,D,1,0.6071434837282559,0.670733180701498,0.7028513365330725,0.25
54,12,X,X,D,1,0.5924942887817073,0.6810061201455032,0.75,0.266696654299724
54,13,X,X,D,1,0.6091513271232335,0.66673320849471,0.75,0.25
54,14,X,X,D,1,0.5824813098155995,0.689563814776164,0.75,0.2592517993660342
54,15,X,X,D,1,0.5917778671232249,0.7301436606212294,0.7307567672981228,0.25
54,16,X,Y,J,1,0.5994695746098331,0.7080822009652963,0.75,0.25
54,17,X,X,D,1,0.6370504403605123,0.6862221377956372,0.75,0.2524448755343125
54,18,X,X,D,1,0.6164648706593392,0.6909937362726541,0.7221772195090627,0.264847802133925
54,19,X,X,D,1,0.5551622582318985,0.7084466429895543,0.6857253304127917,0.25
55,0,X,X,D,0,0.4064418344831525,0.7095700793692884,0.4104004343328744,0.4090427683039845
55,1,Y,X,F,1,0.4485915896820344,0.6913135810676849,0.3883025460072107,0.3625460858903327
55,2,Y,X,F,1,0.4149965159384028,0.7036887095094656,0.3306118899061026,0.3828041447917801
55,3,Y,X,F,1,0.4196073596055144,0.6793145786237835,0.3912986185825857,0.3761764458117059
55,4,Y,Y,J,0,0.4272909173563321,0.6770993865699614,0.4175828981804547,0.3923908652855643
55,5,X,X,F,1,0.3841344452160432,0.6600038201029295,0.4012027302186797,0.4064606191037182
55,6,X,Y,J,1,0.3633348459238933,0.6595889387480204,0.3716132431553668,0.4321144388127241
55,7,X,Y,J,1,0.3317168114316591,0.6479894355770851,0.3516241423887813,0.4307818398985863
55,8,X,X,F,0,0.3372583422337444,0.6572267300486538,0.3690015932120476,0.4471446445492886
55,9,X,X,F,0,0.3536973699227443,0.6366045107027791,0.3137236429086087,0.4455692023273827
55,10,X,X,F,0,0.3374983141475463,0.6421112926225919,0.3027272436129797,0.4584629500479122
55,11,X,Y,J,0,0.3184842841354164,0.615344145504374,0.3364652475328764,0.4312350884331274
55,12,X,X,F,0,0.3035386660599951,0.6484359784663003,0.3387084630888204,0.4469823262842674
55,13,X,X,F,0,0.3280553222675865,0.6714982520021009,0.4133344314265788,0.4430523794760355
55,14,X,Y,J,0,0.3163027923113182,0.6450013769379753,0.3705398845081893,0.4561735011377066
55,15,X,Y,J,1,0.3243072466622342,0.6767258219954868,0.4464415927494212,0.4433809988099009
55,16,X,X,F,0,0.3668056218530428,0.6819808042757073,0.43668082224557,0.4846655626156324
55,17,X,Y,J,1,0.3560876529737666,0.6794132585262602,0.4287368653303952,0.4969419365246726
55,18,X,X,F,0,0.3358626415727431,0.700844068806625,0.4183296650906706,0.5155400087903399
55,19,X,X,F,0,0.3774511475596548,0.699870706934988,0.39683455968032,0.5295864941852171
56,0,X,X,D,1,0.3182827301829442,0.299064938223785,0.5836907678187064,0.7156594592763379
56,1,Y,Y,J,0,0.3513161989258221,0.2654140218343053,0.588384111591098,0.75
56,2,X,Y,J,1,0.3729865827262248,0.25,0.5865171225711879,0.7436392799445588
56,3,X,X,D,1,0.4145004615821233,0.2615739067308498,0.5600296273334735,0.7487076655173563
56,4,X,Y,J,1,0.4465683171811864,0.2737646385389582,0.5491641613019208,0.7340303537602995
56,5,X,X,D,0,0.450204196799747,0.2542374412334199,0.5468446733380734,0.75
56,6,X,Y,J,1,0.4309740733970264,0.2610628933103987,0.5561796972440226,0.75
56,7,X,X,D,1,0.4092071665468592,0.25,0.5686413273338985,0.7224888636040416
56,8,X,X,D,1,0.4186446833746574,0.25,0.6085785155909651,0.731997742725967
56,9,X,X,D,0,0.3931207988144642,0.25,0.6020898609854387,0.7044677561505595
56,10,X,Y,J,1,0.4011356958100046,0.2682308055131802,0.5826796455987671,0.6573278083870618
56,11,X,X,D,0,0.3782837118745798,0.25,0.5554664100470877,0.6678114827751359
56,12,X,X,D,0,0.4098767854686274,0.25,0.5568608448251102,0.6662241243703408
56,13,X,X,D,0,0.4283379702287209,0.25,0.5524485982887599,0.623950688551418
56,14,X,X,D,1,0.4592403519571387,0.25,0.5550744003093372,0.6679900306146099
56,15,X,X,D,1,0.4729294610906832,0.2540384354732162,0.5328794458903454,0.690578212197543
56,16,X,X,D,1,0.4425315409395643,0.25,0.5592221839955049,0.6642858262830537
56,17,X,X,D,1,0.4142189795388925,0.25,0.5744196441273739,0.6655048872006747
56,18,X,X,D,0,0.446556640860359,0.25,0.5578490024200808,0.6938268527351499
56,19,X,X,D,1,0.4618623173401767,0.2643231880719077,0.5420949821412914,0.6692592638573478
57,0,X,X,D,1,0.6873712516593931,0.5886086482067443,0.4401648956423811,0.4906378811615987
57,1,Y,X,D,1,0.6669350906166042,0.5766284223580768,0.488958099515429,0.4672159262154847
57,2,X,Y,J,1,0.6583132631071898,0.5900722354386452,0.558214225098904,0.4468189202692098
57,3,X,X,D,1,0.6741792936325326,0.614116711038658,0.5835757014179007,0.4154431734016073
57,4,X,X,D,1,0.6562127782474535,0.6361286445838807,0.6235898814611697,0.4415178890850983
57,5,X,Y,J,0,0.6285642863868968,0.6597214579077367,0.6128924789889685,0.4121225183425566
57,6,X,X,D,0,0.641022761173176,0.6788426640173604,0.5983614507632058,0.4533156573856036
57,7,X,X,D,1,0.6674225127640974,0.6997227911068933,0.5695943378799933,0.4222658941821799
57,8,X,Y,J,0,0.6811747533272562,0.7308301813266379,0.5401444816960201,0.4285532062330713
57,9,X,X,D,0,0.6840333296911193,0.75,0.5572671547671316,0.3726825745800675
57,10,X,X,D,1,0.6662141631180356,0.75,0.5456419080012138,0.3809091679757654
57,11,X,X,D,1,0.6878294571017469,0.7489856645219367,0.5331105474523657,0.4168719462104899
57,12,X,X,D,0,0.6846040870522433,0.75,0.4824135204924733,0.4096015702341382
57,13,X,X,D,1,0.682023893151544,0.7420998466048649,0.4968666854518183,0.4408933654488802
57,14,X,X,D,1,0.6834524816667541,0.7051777399090421,0.487902220753321,0.4320767623327583
57,15,X,X,D,1,0.62221861390099,0.6959074628892082,0.499063820834189,0.4004108882467325
57,16,X,Y,J,0,0.6552021087146502,0.6817428622217477,0.4570935863645901,0.3656934519455538
57,17,X,X,D,1,0.6777775197032614,0.6580437042218283,0.4643593014447376,0.3747249487882773
57,18,X,Y,J,1,0.6799542847945214,0.7032358060733918,0.440851042086427,0.3633582885718219
57,19,X,X,D,0,0.6619163502191183,0.736343683584915,0.4313553402151916,0.3641912393735805
58,0,X,X,D,0,0.2877166173892572,0.6065130760579782,0.7393398196133258,0.500248190862383
58,1,Y,Y,J,1,0.3204458731041935,0.5913935643186925,0.75,0.4819355325017794
58,2,Y,Y,J,1,0.355584699134748,0.5925642874872795,0.7365111996241138,0.4940736693171961
58,3,Y,Y,J,1,0.3748657484699886,0.6147207419365954,0.7447065691730885,0.5507264044054001
58,4,Y,Y,J,1,0.4015549395678933,0.6427259077413863,0.7231143679698103,0.5684226944207789
58,5,Y,Y,J,1,0.3579675702889709,0.6092880257684827,0.7333074937575867,0.5656451278813647
58,6,Y,X,D,0,0.365041643646372,0.6304584160649149,0.6892183967994064,0.5825954076770373
58,7,Y,Y,J,1,0.3886768234297038,0.6165934508596397,0.6535418485352404,0.6077635528608566
58,8,Y,X,D,1,0.3800824997690242,0.6596312934294063,0.6619485758946757,0.6086488653151158
58,9,Y,Y,J,1,0.3938858760013306,0.6435613084858522,0.674711962990891,0.6364238524133865
58,10,Y,Y,J,0,0.3902918313418429,0.6437775749297886,0.6526522262546901,0.6752091268169287
58,11,Y,Y,J,1,0.4098717369907602,0.6435144048746541,0.6462936384424113,0.6429592261999847
58,12,Y,X,D,0,0.4185382548973079,0.6506755335683615,0.6484447744532452,0.6256904313044681
58,13,Y,Y,J,1,0.4250752321387438,0.6492282416301762,0.6352234982516297,0.6280999535395184
58,14,Y,Y,J,0,0.4500645574713883,0.6866530724618745,0.618259887473633,0.7067834498370971
58,15,Y,Y,J,1,0.4540599120386897,0.7059953743206863,0.6331745062393906,0.700888399143944
58,16,Y,X,D,0,0.4610310098703667,0.7049713186680922,0.6249797838465909,0.6803940488801958
58,17,Y,X,D,0,0.4687149143113386,0.6986818407750912,0.6297020920532105,0.6960080720739037
58,18,Y,Y,J,1,0.4783314671128493,0.6565715861468863,0.6661778123324623,0.7278509027513327
58,19,Y,X,D,0,0.4692396582918873,0.6727295955497231,0.695463143673288,0.7159003466807478
59,0,X,X,D,0,0.4082151995099408,0.5112110249833799,0.4023619489328962,0.6343888743716708
59,1,Y,Y,J,0,0.4147132724141899,0.4949487322071708,0.427051788478841,0.5938929480698868
59,2,X,X,D,1,0.4198244347197901,0.5285491066910524,0.4436016670598134,0.6426383537280946
59,3,X,X,D,0,0.4156991096625509,0.5803110698114122,0.4495811861832615,0.6755120994959682
59,4,X,Y,J,1,0.3989422528754703,0.5657362524049784,0.4902898093464664,0.6739555664587301
59,5,X,Y,J,0,0.4147617101588262,0.5700565233482786,0.5040818041001665,0.6943153508688891
59,6,X,X,D,0,0.4437942245808809,0.5270411740950723,0.5128890895900029,0.6812721743131651
59,7,X,X,D,1,0.4166588541309793,0.4733173805392521,0.5230715108826581,0.644445571042864
59,8,X,X,D,0,0.4789653601679713,0.4697191239875546,0.5318832086813599,0.689047631893984
59,9,X,X,D,1,0.440177125358177,0.457138229695653,0.5209294037666261,0.75
59,10,X,X,D,1,0.4495120823861229,0.4591050087071637,0.5328626358303273,0.7423661766385231
59,11,X,X,D,0,0.4672380277927295,0.4700009226167128,0.4940977838773351,0.75
59,12,X,Y,J,1,0.5139744505589768,0.455787172700226,0.4848182911977361,0.7316766512122937
59,13,X,X,D,0,0.4779348723621655,0.4258819057045173,0.4735623553500991,0.75
59,14,X,X,D,0,0.4997222525313053,0.3927929633266603,0.481879593965714,0.7280894532058182
59,15,X,Y,J,0,0.5169918018431388,0.3833899019523679,0.4868577864136237,0.6899117793364065
59,16,X,X,D,0,0.5074319848724597,0.3926744820917657,0.4104480833136205,0.6448763286471914
59,17,X,X,D,0,0.5000738315691662,0.4065854032869671,0.4609638263212683,0.625853197397831
59,18,X,X,D,0,0.5369110089350897,0.3655339696836908,0.4722257388113166,0.6155139632266873
59,19,X,X,D,1,0.509145261956177,0.3460004442473732,0.4509949362034554,0.599900629918497
60,0,X,X,D,0,0.4448679352127922,0.5319672327052116,0.3912503114330816,0.3899044565751595
60,1,Y,Y,J,0,0.4344520068786535,0.5001980193530036,0.3620840380776342,0.4028818635689095
60,2,X,X,D,1,0.438997136034958,0.474133396801198,0.3999411795976328,0.387971666402331
60,3,X,X,D,0,0.4255062224784934,0.4893992435396308,0.4168222928150045,0.3751071224318858
60,4,X,Y,J,1,0.4345521353712201,0.4858055194534431,0.441710186658543,0.3553601234369802
60,5,X,X,D,0,0.4142500165870179,0.4841894938953911,0.4302737426851867,0.3386556882971873
60,6,X,X,D,0,0.4234330751779424,0.4544418872920491,0.4402279467243521,0.3265565605544144
60,7,X,Y,J,0,0.430143807279059,0.4554494317239037,0.4539183534298207,0.2915117542125488
60,8,X,X,D,1,0.4139690194086841,0.4858618875770254,0.4995000684970235,0.2806319855165194
60,9,X,Y,J,0,0.41213081629905,0.4632936406107204,0.4578849500321343,0.2748772152705508
60,10,X,X,D,1,0.3917051888027615,0.501834047114308,0.4356972769587979,0.254590644456649
60,11,X,Y,J,0,0.3941465869149573,0.5180032005891594,0.423422671363423,0.25
60,12,X,X,D,0,0.4009902521112981,0.5446597001463511,0.4359707960917314,0.25
60,13,X,Y,J,0,0.4114509721176299,0.5307097022768137,0.4140844421296476,0.25
60,14,X,Y,J,1,0.3762584274969221,0.5072753668778505,0.4641316473299381,0.25
60,15,X,X,D,1,0.3501456097859393,0.4678732330363456,0.4686099889122892,0.2516895489912168
60,16,X,Y,J,0,0.3443626159355382,0.4476809683326883,0.4923112756105959,0.25
60,17,X,Y,J,0,0.3618128614995845,0.4823120797511964,0.5117948139432849,0.2679887403006591
60,18,X,X,D,1,0.3690080106581507,0.4940075635441401,0.4776953218303988,0.258399231428728
60,19,X,X,D,0,0.367094704275864,0.5314524900389421,0.4460598908814968,0.25
61,0,X,Y,J,1,0.3143553446982573,0.6859250651009947,0.3682984599382908,0.5043041611720451
61,1,Y,Y,J,1,0.3196338579484513,0.6914589142466125,0.3680873225847246,0.5687655917759086
61,2,X,X,D,0,0.3087718911273405,0.69638559027419,0.3738681244419078,0.5796008706354276
61,3,X,Y,J,1,0.3270275139693541,0.6775051517218837,0.3849886743653424,0.5536950140748501
61,4,X,Y,J,1,0.3670243625936386,0.6261395420845196,0.3875371557256322,0.4819721524720869
61,5,X,Y,J,0,0.3638762637907375,0.6673550202230336,0.4139930276850459,0.4881972006174626
61,6,X,Y,J,1,0.3700219512254965,0.6381575348568882,0.3750086852518037,0.4807767195465134
61,7,X,X,D,1,0.4054273858012713,0.5788394309850451,0.3602679489544284,0.5131679105974356
61,8,X,Y,J,1,0.4055444198724894,0.6255613516728415,0.387168867451648,0.528315479992341
61,9,X,X,D,0,0.4275319359805531,0.6116839904301092,0.4090997643811219,0.5797791742489412
61,10,X,X,D,0,0.3860670305122646,0.6349353040226532,0.405190824597089,0.5005873496086056
61,11,X,Y,J,0,0.4121641491747217,0.6578426534470163,0.3970162148632966,0.4990108487061329
61,12,Y,Y,J,1,0.4446278658761949,0.6299750242073593,0.4134528999885599,0.544952586695328
61,13,X,X,D,1,0.4082720174073022,0.6230670659841271,0.3783748342939485,0.5359709741333569
61,14,X,Y,J,0,0.40093500807251,0.5798491068354166,0.3780241952143386,0.5167357145575894
61,15,X,X,D,1,0.37185643590565,0.5980060620485035,0.3975549104530784,0.5048114988746132
61,16,X,X,D,1,0.3885018080030623,0.6300305246411712,0.3892391828778016,0.5164204762404873
61,17,X,X,D,0,0.3755523848963721,0.6355179488808176,0.4008327228051512,0.5267267359991833
61,18,X,X,D,1,0.3728251569561437,0.616061599104897,0.432604934033798,0.5501403006290613
61,19,X,X,D,0,0.3375590817672453,0.6222123310065923,0.4025419766747288,0.5174450934891247
62,0,X,X,D,1,0.412529124987066,0.3619154836457218,0.383229069586613,0.6344363026151194
62,1,Y,X,D,1,0.3922916854754357,0.3493511008391014,0.3913763790386763,0.6409499763227046
62,2,X,Y,J,1,0.3588843277062011,0.3697211349024548,0.4096908462887242,0.6853169529931035
62,3,X,X,D,0,0.379320870629076,0.3865578588401718,0.4066916561286877,0.6484291873292928
62,4,X,X,D,0,0.3924568523743643,0.3680497845995481,0.380698795470291,0.6568180903437022
62,5,X,X,D,1,0.3758536074667287,0.4298752657080924,0.3796797077518084,0.6740297246654725
62,6,X,X,D,0,0.385618350330291,0.4061047920376361,0.3785205629202731,0.6782806302480867
62,7,X,X,D,0,0.3917606762870936,0.421672098572041,0.3829405892725179,0.6792948283463196
62,8,X,X,D,1,0.402357286728723,0.4475709633202823,0.4138607143147354,0.7178124342791592
62,9,X,Y,J,0,0.3924617002655919,0.4440175713741389,0.4162889690006714,0.7281243461745179
62,10,X,X,D,0,0.4006059332095555,0.4685498688708792,0.4632105083110709,0.6995193922262208
62,11,X,X,D,0,0.4255320632212857,0.4650857330627161,0.4456612847818426,0.7282023282200445
62,12,X,X,D,0,0.4407108806904171,0.4983467934681477,0.4254674260737238,0.75
62,13,X,Y,J,0,0.4482242746218686,0.4782097557530721,0.4364935761704995,0.75
62,14,X,Y,J,0,0.4911306626874163,0.5057159743300623,0.4088486255196348,0.7335449406435967
62,15,X,X,D,0,0.4615452273416178,0.4774937633580912,0.4431809127245827,0.7388117398708456
62,16,X,X,D,1,0.4518261579402136,0.5257396340447491,0.4824579926072689,0.75
62,17,X,X,D,0,0.4754535862336226,0.5441753998804647,0.4538107921960141,0.7215480535345902
62,18,X,X,D,0,0.4722464751765832,0.5352413525045909,0.5236182232407273,0.7402166557801141
62,19,X,X,D,1,0.4749970959235398,0.5306978038770946,0.5254466854711303,0.75
63,0,X,X,D,1,0.6722780377693303,0.6701439043549102,0.4691234607726299,0.6137733210794503
63,1,Y,Y,J,1,0.6624370878199443,0.6342472423765603,0.4610633968202252,0.651484926483432
63,2,X,X,D,1,0.6603842712632141,0.6224734532014274,0.4520113796919359,0.6675833075920249
63,3,X,X,D,0,0.646019761490857,0.6073443029333047,0.4558036992573183,0.6513299856125859
63,4,X,X,D,1,0.6905251664443934,0.6021012965505077,0.4647548619397586,0.635574399200976
63,5,X,X,D,1,0.7158238654744732,0.6024973492038527,0.4308952623963046,0.6183723872498653
63,6,X,X,D,1,0.6948291453521785,0.5898290998140813,0.4313459629791887,0.618628445650307
63,7,X,Y,J,1,0.7148652375655304,0.5899861274363615,0.4621982177165444,0.635318954654821
63,8,X,Y,J,1,0.6997531758263557,0.5688122869715877,0.4573982093350626,0.6308778743620482
63,9,X,X,D,0,0.6844558942755221,0.5758348315752185,0.4454277616802007,0.6009212017156846
63,10,X,Y,J,0,0.669733765452281,0.5262049755055748,0.4914270716420147,0.6125304182472586
63,11,X,Y,J,0,0.6825535493603057,0.5336666566729624,0.476461787486706,0.5786533025237777
63,12,X,X,D,1,0.6700716886841801,0.5386767638122627,0.523132194133449,0.5748262938746191
63,13,X,Y,J,1,0.658627834420357,0.5668139823036981,0.5250388269373605,0.5349803825451825
63,14,X,X,D,1,0.627190771603662,0.5407834238445529,0.5516297123270195,0.5504928340422521
63,15,X,X,D,0,0.6223387683916473,0.5203458516447427,0.519208354232821,0.5466532277464762
63,16,X,X,D,1,0.6178739982543707,0.5299218652482441,0.5198389204274368,0.5700068181900094
63,17,X,X,D,1,0.6424382702668309,0.534539646448268,0.4954892521036446,0.5444182807822496
63,18,X,Y,J,1,0.6078096193255841,0.5165317059314126,0.443643976271866,0.5359714772206186
63,19,X,Y,J,0,0.635320138211535,0.5231664423724061,0.4408520622522691,0.5561980047791634
64,0,X,Y,J,0,0.7088621746616302,0.7083260706243115,0.28820050671322,0.7092110680444356
64,1,Y,Y,J,0,0.7200350790964163,0.7153596834651789,0.3013695510851999,0.7047533341749792
64,2,X,X,D,1,0.6876533838466243,0.7110547645142286,0.3572783486474775,0.6852820138453374
64,3,X,X,D,1,0.660698721420758,0.713253427533128,0.3143059897446616,0.6924080803301533
64,4,X,X,D,0,0.6484758762812792,0.7086404460799002,0.2952643158473535,0.7379300657961895
64,5,X,X,D,0,0.6416638781279222,0.7369822440390414,0.2699278792689468,0.75
64,6,X,X,D,0,0.6307961577334252,0.75,0.2605123696118608,0.75
64,7,X,X,D,1,0.6122956618015337,0.7318506016434851,0.2656855219008884,0.7303917480565829
64,8,X,X,D,0,0.6374369656240609,0.7302308284352522,0.25,0.75
64,9,X,Y,J,0,0.6493675569582574,0.7491324906975565,0.25,0.75
64,10,X,X,D,0,0.6220502855372817,0.7401445269368518,0.25,0.75
64,11,X,Y,J,0,0.5923993490380169,0.75,0.2991908331838724,0.75
64,12,X,X,D,0,0.5712349029895868,0.75,0.2745422280207829,0.7428137557781964
64,13,X,X,D,0,0.5663540572233845,0.7477094763035645,0.3007660394780487,0.7451834392337857
64,14,X,Y,J,0,0.6025508952740688,0.734109664189271,0.2891275728460316,0.6929278511546245
64,15,X,Y,J,1,0.5956086921480657,0.75,0.3163196922389327,0.7031295481650764
64,16,X,X,D,1,0.5640637077841155,0.75,0.3376104879325448,0.685015055654115
64,17,X,X,D,0,0.5130775819561936,0.7082991033057106,0.3788308663897447,0.6464775359624927
64,18,X,X,D,0,0.519996548841745,0.7214320414024128,0.4038898027742797,0.6088123141953727
64,19,X,X,D,1,0.5532664012214779,0.7308786018778601,0.4424554903825984,0.6050614433152463
65,0,X,Y,J,0,0.2541201655187161,0.418411440535466,0.6892775698950033,0.4025400914412622
65,1,Y,Y,J,1,0.2541524554445102,0.386762614027392,0.6968611396173805,0.4337593766642585
65,2,Y,Y,J,1,0.2664601020677167,0.4081247200641426,0.719477509925934,0.4044740954534832
65,3,Y,Y,J,1,0.2905303692683992,0.4143139045754905,0.6964503451884753,0.4169570027544917
65,4,Y,X,D,0,0.2535843465267048,0.4301708368023145,0.7266721528438944,0.44322823052715
65,5,Y,X,D,1,0.25,0.4548642804721968,0.7375484656574544,0.4502233062379449
65,6,Y,Y,J,0,0.2966194461074011,0.4419777147998877,0.71392126999339,0.4555078821746266
65,7,Y,X,D,1,0.3406102779925922,0.4637042669820301,0.7007233123148103,0.4221099765469577
65,8,Y,X,D,0,0.3057178459358116,0.4426389099884346,0.6935379302348876,0.4343964161295899
65,9,Y,Y,J,1,0.2841782743248719,0.4643658591989929,0.6734812746397688,0.4458954742825133
65,10,Y,Y,J,1,0.2778342494602237,0.4512293195105782,0.6997957675383175,0.4372905418039889
65,11,Y,Y,J,0,0.2873501413882167,0.4484412825445882,0.6564983057159285,0.4252238700784865
65,12,Y,X,D,0,0.278389063463495,0.4480303722564402,0.6720273341410332,0.3900706492232214
65,13,Y,Y,J,0,0.2880264696294935,0.4573445831506594,0.6437983260833106,0.4186558833379754
65,14,Y,Y,J,1,0.2994878725315405,0.4235993651040639,0.6417830501031144,0.4419971415591697
65,15,Y,X,D,0,0.3081365756338001,0.4116253910855658,0.6039473215662314,0.4710490176726823
65,16,Y,Y,J,1,0.2936047641092011,0.4017080372314747,0.5911939050422402,0.4878058867863174
65,17,Y,Y,J,0,0.2743003392139064,0.4055035901895111,0.584917166565448,0.4616664550294497
65,18,Y,Y,J,0,0.25,0.3745685282598775,0.561817424437712,0.3947013501447229
65,19,Y,X,D,0,0.2555145183935718,0.3457651498744302,0.5649868112592705,0.3807551126557267
66,0,X,Y,J,0,0.3723577952114162,0.4148093655216975,0.6147376290413883,0.7404934050580804
66,1,Y,X,D,0,0.3535110579691965,0.4069049657186781,0.6004819030977679,0.7089291337879868
66,2,X,X,D,0,0.3659022583759833,0.3909708367952574,0.5608377260814265,0.7203541715134826
66,3,X,X,D,1,0.3473843536177046,0.415194974995691,0.5486717331261257,0.7444717182386412
66,4,X,X,D,0,0.3540075974104305,0.4629085565892264,0.5306590675298833,0.7406727875548226
66,5,X,X,D,0,0.3199175477668672,0.4788066612635401,0.5002114758745118,0.7492909898182374
66,6,X,X,D,0,0.3316787978282512,0.4727064378602451,0.4971697231544649,0.7206624625960599
66,7,X,Y,J,1,0.2990379641908165,0.4599443603408183,0.5538182281449571,0.7120579087780138
66,8,X,Y,J,1,0.3273449978865873,0.4430190800079551,0.5250453467620364,0.7117772056355685
66,9,X,X,D,0,0.2950350564784021,0.4286723718714845,0.5416566032191764,0.7366181984613734
66,10,X,Y,J,1,0.3355907398748101,0.3914285991108523,0.5279517498985351,0.7388880127569302
66,11,X,X,D,1,0.3308435309641023,0.3934056816986424,0.5407014675074275,0.7485904206885554
66,12,X,X,D,0,0.3533646240679206,0.3693644632205324,0.6057350148892259,0.75
66,13,X,X,D,0,0.3404106356493197,0.3751408161256699,0.6399377244441877,0.6992844574177224
66,14,X,X,D,0,0.3253907041229227,0.3784648755235467,0.6138669454521737,0.75
66,15,X,X,D,1,0.3431858844776536,0.413072755239264,0.6460503954972133,0.7386162225293345
66,16,X,Y,J,0,0.3297196996636737,0.4054040755342638,0.629486283520575,0.7187171834281639
66,17,X,X,D,0,0.3303646316028344,0.4281191481692568,0.6288058269248379,0.727936052386554
66,18,X,X,D,0,0.3104667138510301,0.416142346796538,0.6543047482659375,0.7205272447754383
66,19,X,Y,J,1,0.3200442916158756,0.4440123302831406,0.6482154744459516,0.7254753411739497
67,0,X,X,D,0,0.5674655209195639,0.2604797276707634,0.6415447077843657,0.3689147166788881
67,1,Y,X,F,0,0.5641446280028071,0.25,0.6454722529580095,0.3658754854747405
67,2,X,Y,J,1,0.579932011201849,0.2935216084270884,0.6509293108337519,0.3727997547571025
67,3,X,X,D,1,0.5741447875451282,0.3079607777997164,0.6369353896924606,0.3364508361686605
67,4,X,Y,J,0,0.5959499643261358,0.3062125964533705,0.6004698555859961,0.3440093445143639
67,5,X,X,D,0,0.586283735326805,0.3040364753543684,0.6091930844397941,0.3405019175989155
67,6,X,X,D,1,0.614310080637578,0.3452603579764528,0.5965537617890687,0.3555393017111813
67,7,X,Y,J,1,0.6124375864984011,0.3344136795196283,0.6378307741641185,0.345330318857121
67,8,X,Y,J,0,0.5902719855814117,0.3305315027472478,0.6542303544749998,0.3763699293730309
67,9,X,Y,J,1,0.5951439032348237,0.3779487121195222,0.6078401610866992,0.3702305947975703
67,10,X,Y,J,1,0.6141793477116916,0.367871034094507,0.6085020961150726,0.3604984963932447
67,11,X,Y,J,0,0.6044404517634476,0.4108067890826039,0.5746365334346156,0.3767607069360607
67,12,X,X,D,1,0.643275353900017,0.4374349694553744,0.5993745676195461,0.3849732812737622
67,13,X,X,D,0,0.677020885777116,0.4375871793782998,0.6196748323013096,0.4212826852275062
67,14,X,X,D,1,0.6880720467829482,0.4372055042676827,0.6429501558880761,0.4366937623606804
67,15,X,X,D,1,0.7127216500615801,0.4298214532521709,0.6792726833410946,0.4398727308554706
67,16,X,Y,J,1,0.7114277381058217,0.438526784735571,0.6753183566559476,0.4326235930244641
67,17,X,Y,J,1,0.6348565141187421,0.4324634668424835,0.6684615029307537,0.4311089649135799
67,18,X,X,D,0,0.6113950672175832,0.4514739446931161,0.71551018306935,0.4789986656972599
67,19,X,X,D,0,0.595644318412048,0.4751274324732396,0.7230648220717107,0.4817941171745575
68,0,X,Y,J,1,0.4180260311308292,0.6737909952974328,0.3842956130153053,0.6493310552490961
68,1,Y,X,D,0,0.4517372523378186,0.6824035557572872,0.3950396172343791,0.6714840201058537
68,2,X,Y,J,0,0.4835821475185847,0.7106603469913453,0.4359496082426095,0.6509884918267493
68,3,X,Y,J,1,0.4983067053682881,0.7126645421589077,0.4155482958061558,0.6238014760053464
68,4,X,X,D,0,0.4741233017574897,0.6693248312087753,0.4249604651372331,0.590020589099825
68,5,X,Y,J,1,0.4639215335141832,0.6430730645324091,0.4438070143691852,0.5709299646287465
68,6,X,X,D,0,0.4512000842569502,0.630803462597901,0.4612748155953055,0.6059936864709636
68,7,X,Y,J,0,0.4710018623197379,0.6266785496269877,0.4995071296178546,0.5840215788721935
68,8,X,X,D,0,0.4880760644736645,0.6687247045988536,0.4957611387985083,0.5593923056340675
68,9,X,X,D,1,0.4747361886511448,0.6694372382348766,0.4885268197118682,0.5723728540748502
68,10,X,X,D,1,0.4506727741813169,0.6808295729991098,0.4757233517079329,0.5836010381845149
68,11,X,X,D,0,0.4793959553442394,0.7096712421679481,0.4633368567139887,0.5889041449510252
68,12,X,X,D,1,0.4266341261433709,0.6908033779470485,0.502844732230049,0.6137754062926887
68,13,X,X,D,0,0.4423760948624344,0.746079035879296,0.4883366175038267,0.5856799890501471
68,14,X,Y,J,0,0.4115551476849243,0.75,0.4848451616170066,0.5949676838586053
68,15,X,X,D,0,0.3823287610194303,0.75,0.4985726042067708,0.5982172979936972
68,16,X,X,D,0,0.4078626344050142,0.75,0.4986916593273274,0.5828035931584189
68,17,X,X,D,1,0.4242853638405177,0.75,0.5049604179957143,0.5859017736082405
68,18,X,X,D,0,0.384404488781371,0.75,0.5050970195105042,0.5762481947933888
68,19,X,X,D,1,0.3652367341182854,0.7376339665150454,0.5520364172413766,0.5867485596064806
69,0,X,X,D,0,0.67889011237359,0.3706543923078832,0.4647507358074715,0.6362763560945195
69,1,Y,X,F,0,0.6393780481306937,0.3543117269547636,0.5081365704696457,0.6351894214494824
69,2,X,Y,J,0,0.6220861582681907,0.3252385586710998,0.5165201035279782,0.6581116788478034
69,3,X,X,D,1,0.6307609090161924,0.3553783014606919,0.4973814021215696,0.6708551633941027
69,4,X,X,D,0,0.597357724592442,0.3616346443990147,0.4725091023668549,0.6639042993327615
69,5,X,X,D,0,0.6370158647072143,0.3323128559032576,0.4387177913421236,0.6258404024759605
69,6,X,X,D,1,0.6684781589249459,0.3571506531655903,0.4156868739833167,0.6853264890221104
69,7,X,Y,J,1,0.6188841115081206,0.3183442214865579,0.4201855482845977,0.6752086392210835
69,8,X,X,D,1,0.6097332551871778,0.2783108858550457,0.390441346092096,0.6619950005549301
69,9,X,X,D,1,0.6460691489885202,0.2761722607944598,0.4026176468098548,0.6626577228497202
69,10,X,Y,J,1,0.6226490119877814,0.3222705429186695,0.4047539194129184,0.6562525228116272
69,11,X,X,D,1,0.667855684753403,0.2924006531699371,0.3762978478560629,0.6446443992011998
69,12,X,X,D,1,0.6492655439739784,0.3080512185818496,0.3906849778236917,0.6309993869450043
69,13,X,X,D,0,0.6786563285470738,0.2936636191399529,0.3924836885341385,0.6446937892375827
69,14,X,X,D,1,0.6524600894197625,0.3336843618216027,0.4238752041729886,0.6672953336419788
69,15,X,X,D,1,0.6560796802468467,0.39150621508352,0.4134783278259795,0.6701070597269889
69,16,X,Y,J,0,0.6522711416951334,0.3914023571638453,0.3672001901707784,0.7181607910083975
69,17,X,X,D,1,0.6488270740766328,0.3883573696317919,0.36153620936267,0.7183378757066493
69,18,X,Y,J,0,0.6525120078952402,0.3693797309542808,0.3954363188629044,0.7496697289675548
69,19,X,X,D,1,0.6714417240313147,0.3942548757439237,0.3832870730499191,0.75
70,0,X,X,D,1,0.5194603572790082,0.3362019925754166,0.3316274184706547,0.6423830092440259
70,1,Y,Y,J,0,0.5404637831018888,0.3318384241114728,0.3304715034496879,0.6578321759238549
70,2,X,X,D,0,0.5434715219778135,0.3455434345172004,0.3130577555598618,0.6413481157815221
70,3,X,X,D,1,0.5407780009957459,0.3379129392535228,0.26993862583421,0.6231409850658132
70,4,X,X,D,1,0.5114739137282268,0.3785325807065582,0.2818150835483034,0.650622289913184
70,5,X,Y,J,0,0.5437781272060735,0.3973760318193215,0.2762593927669403,0.5805102464578011
70,6,X,X,D,1,0.5446873306117612,0.4509550575863399,0.2899850759311984,0.5566251242764655
70,7,X,X,D,1,0.5215767282297742,0.4530447983135208,0.2517599922014382,0.5758712783612786
70,8,X,Y,J,0,0.5409577767349033,0.4961286317948433,0.2937946179268963,0.5404851879532265
70,9,X,Y,J,1,0.571855201743267,0.4839603201688937,0.3400161386484628,0.5554723312994115
70,10,X,X,D,1,0.6024939408337467,0.53916403697618,0.3030319953120176,0.5779587989160886
70,11,X,X,D,1,0.6343022270426344,0.5682378775584368,0.3380725947952919,0.5984542530275225
70,12,X,X,D,0,0.6152029936303408,0.5624379903552341,0.3440247099565893,0.6541763512091306
70,13,X,X,D,1,0.5577218644918683,0.5914466898807585,0.3408606517110834,0.6491992254101805
70,14,X,X,D,0,0.5082490194197812,0.6464865204943441,0.3370053964343511,0.6469228188431748
70,15,X,X,D,1,0.4735607407462914,0.6082892979777794,0.2883082140989743,0.6604976748423353
70,16,X,X,D,0,0.4801596574716403,0.5846878065107693,0.2791969263032406,0.6932408937802286
70,17,X,X,D,1,0.4929144801974441,0.5691511112096982,0.2814273009057609,0.6894551610456745
70,18,X,X,D,0,0.5127732656953368,0.5134121868692155,0.2844141114743436,0.6830162084085439
70,19,X,Y,J,0,0.503654011140138,0.5397966102947658,0.2947660857303443,0.7168196120366896
71,0,X,Y,J,1,0.4723515631231302,0.706033344386773,0.5307117649544633,0.5876911435582712
71,1,Y,Y,J,0,0.4625709852785902,0.719350540597385,0.5294628866965446,0.5558678432197808
71,2,X,Y,J,1,0.4639007756715886,0.729183690124223,0.5355299587710943,0.5797069812817007
71,3,X,X,D,1,0.4812633107530948,0.7136516483411888,0.5238788334810383,0.5952800814593864
71,4,X,Y,J,1,0.4865365177230323,0.7380705446726725,0.5130440791109901,0.564370268314074
71,5,X,Y,J,1,0.4828042860343777,0.7013610459146651,0.5113070702107648,0.5161193396159605
71,6,X,X,D,1,0.4969853104223274,0.6987392245502226,0.5141989205824024,0.5072409101682847
71,7,X,X,D,1,0.5038839645805624,0.7068926391509222,0.5190044912370074,0.5062902183623784
71,8,X,Y,J,0,0.5194159756218022,0.7082573598104188,0.5164046439672938,0.5123026453811128
71,9,X,X,D,1,0.5322687464584915,0.739349848887302,0.5009998566450932,0.531714398228124
71,10,X,X,D,1,0.5144583878273086,0.7273347857796583,0.5178836546299006,0.4659120608667361
71,11,X,X,D,0,0.4958790535839462,0.719385404352075,0.4988103709204527,0.4707445351395586
71,12,X,X,D,0,0.5084082192389778,0.7289331536324687,0.5281089499332196,0.4772248247563991
71,13,X,X,D,0,0.4970771558940481,0.75,0.5267162414446253,0.4758722618574199
71,14,X,X,D,1,0.5057374407838805,0.75,0.5562889172408255,0.4500490068292497
71,15,X,Y,J,1,0.5043026999752533,0.75,0.5403451870302294,0.4626321734413754
71,16,X,X,D,0,0.4628447062684524,0.7326410388156854,0.5432990728020263,0.4520902204266123
71,17,X,Y,J,1,0.435804055019228,0.7254023274447504,0.5461766056932672,0.4220337706337332
71,18,X,X,D,1,0.4261063468199298,0.7201025542569987,0.5646672305989865,0.4491084556313744
71,19,X,X,D,0,0.4147394807974093,0.7054583872549912,0.5948909545335334,0.4958392008400812
72,0,X,X,D,1,0.5670911974933803,0.3690630824180276,0.7326370523051321,0.6698281954769343
72,1,Y,Y,J,1,0.5614570680046226,0.3524806472200247,0.6966248611638364,0.6439876236259716
72,2,X,X,D,1,0.5663646822776173,0.3347010596524012,0.6921566936791033,0.6577369537239482
72,3,X,X,D,0,0.5684326086135176,0.3489086116348604,0.6732346536276272,0.6386250522490947
72,4,X,X,D,1,0.5698738058400897,0.3296530823183635,0.6684592772086033,0.6410610971486523
72,5,X,X,D,0,0.5480198184463059,0.3400259116750905,0.6934164019563045,0.6111271064126023
72,6,X,Y,J,0,0.5413711585263462,0.3069663366322747,0.7132732187948976,0.6387404204692017
72,7,X,Y,J,0,0.5472513669051676,0.3482243684342608,0.684251449119325,0.598202177273594
72,8,X,Y,J,1,0.5682576036135565,0.4200233251261299,0.716856558099423,0.6254047526559539
72,9,X,Y,J,1,0.5688377838490523,0.4064082866899169,0.7281035111010022,0.6168954754960839
72,10,X,Y,J,1,0.5495993951467002,0.4133195065334613,0.7384030893291332,0.6019766525107485
72,11,X,Y,J,1,0.5478583928952379,0.4037237218137278,0.742777283340387,0.5726261725856665
72,12,X,X,D,1,0.5269225528879159,0.4008735509169279,0.75,0.5848457443602141
72,13,X,Y,J,1,0.5435022420112083,0.3802884469171962,0.7227620639347258,0.6469823028757944
72,14,X,X,D,0,0.5422728944503232,0.3685170185602897,0.6791344547837204,0.671621248663523
72,15,X,X,D,1,0.559856140407077,0.3466246480770148,0.6576534744390374,0.6604090418813683
72,16,X,X,D,0,0.5774286377905129,0.3433167063148372,0.6058666302383486,0.6650616058603582
72,17,X,Y,J,0,0.5700944681006513,0.3191822020198752,0.5876123419310287,0.749133986901488
72,18,X,X,D,1,0.5547543212908971,0.2864152243578873,0.5769796385708935,0.7194493657737385
72,19,X,Y,J,0,0.5391429730476701,0.3018911000711929,0.569277001041245,0.7373076027043161
73,0,X,Y,J,1,0.7319111840326045,0.3605271043164353,0.5814957070755761,0.2978746691504877
73,1,Y,Y,J,1,0.7216735236021061,0.3591206476276999,0.6250927160723287,0.3167846623043285
73,2,X,X,D,1,0.6967542836984038,0.3894421948183246,0.5880054061450111,0.3629320627283366
73,3,X,Y,J,1,0.7112174442163364,0.3625952547881144,0.5580986922913046,0.3239193691541765
73,4,X,X,D,1,0.7043365150680854,0.3483508427607866,0.5553603696741226,0.3329577169947156
73,5,X,X,D,1,0.7281735242961382,0.3508871649366384,0.5183755664957077,0.326814958841268
73,6,X,X,D,1,0.6904641646880563,0.3940269733118138,0.5047481165339628,0.3352239974498931
73,7,X,X,D,1,0.6725506845559839,0.3866045403850887,0.4371987724265114,0.3302546278491287
73,8,X,X,D,1,0.6735798032475111,0.3862227072604283,0.3850164021944882,0.3589361704253397
73,9,X,X,D,1,0.7041654564424371,0.3722224584122919,0.4220039383755339,0.3911899529300897
73,10,X,X,D,1,0.6953524418140207,0.3479091999337108,0.4344596562569819,0.3844776353488251
73,11,X,X,D,1,0.7202472695638334,0.3743308312157663,0.449103684104008,0.3684178016533331
73,12,X,X,D,1,0.6796957400690756,0.3941988505764746,0.4428519786034958,0.3843366576071648
73,13,X,Y,J,0,0.6640032937136748,0.4264956793184291,0.4629539669879807,0.3556605158218527
73,14,X,Y,J,1,0.6524272997113061,0.4233067251033245,0.4600184569310055,0.2747825084071858
73,15,X,Y,J,1,0.6186103876763915,0.4558662618442257,0.4232293945467313,0.2717752260621075
73,16,X,Y,J,1,0.5907371920158432,0.4657683886913292,0.4435391993317856,0.25
73,17,X,X,D,1,0.6070425816870063,0.5064762560502194,0.4458869690129968,0.25
73,18,X,X,D,1,0.61838499521977,0.5098892203243218,0.482519244129005,0.25
73,19,X,X,D,0,0.6312975558257035,0.5400453067452999,0.524034418547715,0.25
74,0,X,X,D,1,0.3913331020041782,0.719525859581998,0.2752010224109528,0.5900279365117339
74,1,Y,Y,J,0,0.4157123273721972,0.7169883496757502,0.25,0.5497182757724031
74,2,X,X,D,1,0.4110175318128747,0.698323103254531,0.2856216577001764,0.5724807747178308
74,3,X,Y,J,1,0.3820163859518805,0.7085750965425411,0.2801164023852364,0.5933010711793416
74,4,X,Y,J,0,0.3799161682114886,0.6823909134065008,0.25,0.6183358104323456
74,5,X,Y,J,0,0.3628947679222297,0.6663600718664575,0.25,0.6227173106807333
74,6,X,X,D,1,0.38562001192713,0.6872832377479706,0.2692582455332156,0.6009923400682177
74,7,X,Y,J,1,0.4012704181283392,0.670302092594011,0.2712428266624082,0.5806824774104833
74,8,X,X,D,1,0.3838099499189336,0.6527903274621932,0.25,0.5756621707450295
74,9,X,Y,J,0,0.38378626398471,0.6549033368707262,0.2790846217906341,0.6129829452137702
74,10,X,X,D,1,0.4167832832808296,0.6254392398989738,0.25,0.5831668211473823
74,11,X,Y,J,0,0.4424691114484425,0.6057337637385393,0.2806219056590714,0.5801728108741195
74,12,X,X,D,0,0.4702744666933163,0.5984251403315549,0.3535964851862291,0.572505103411662
74,13,X,X,D,0,0.4984278418439022,0.6141131139138584,0.3561466199903081,0.5523595154121055
74,14,X,Y,J,1,0.4878726702158069,0.6349656166539402,0.3964438637067747,0.5450730657168837
74,15,X,Y,J,0,0.4507216978983383,0.6685652774434624,0.3850246704788927,0.5586209788311601
74,16,X,X,D,1,0.4200177335115137,0.6754703509279223,0.3753531413152455,0.5415575612225777
74,17,X,X,D,1,0.4202584802097041,0.6618002505119525,0.3713457173628317,0.5389024643080895
74,18,X,X,D,1,0.4310192601975084,0.6606548868918677,0.3631451488519872,0.5271126745396528
74,19,X,X,D,0,0.4412873020956036,0.6570100122976467,0.358646476947813,0.5325964034784584
75,0,X,X,D,0,0.356362771626899,0.6063561929412287,0.6266744160814866,0.4758494039112439
75,1,Y,X,F,0,0.3186499403292244,0.6092668631862657,0.5935418995876549,0.5173455541036479
75,2,X,X,D,0,0.2717716509887238,0.6576696899634554,0.5930896869338098,0.5200261887261095
75,3,X,X,D,1,0.2610296620007286,0.642375566706103,0.59627597313783,0.5539688044345771
75,4,X,X,D,0,0.25,0.6658644372532865,0.6343087314906205,0.5572509251496447
75,5,X,Y,J,0,0.2888324776311762,0.6680558112674821,0.6598373588417301,0.5399450449724235
75,6,X,X,D,0,0.2994092071894028,0.6971352331722513,0.6224356427664364,0.53749791926546
75,7,X,X,D,0,0.2504533046910581,0.7029829518407146,0.6244392350070694,0.5926232387379274
75,8,X,X,D,0,0.25,0.6763820844380355,0.6458415675321023,0.6259081644702542
75,9,X,X,D,0,0.25,0.678839111981886,0.649964325783994,0.6119365928043917
75,10,X,X,D,0,0.2934178697806424,0.6816791362876069,0.6341861914640076,0.6390240221439133
75,11,X,Y,J,0,0.2921901607522164,0.7300013340074335,0.6298208129319425,0.6601994770374267
75,12,X,X,D,0,0.3359758612618621,0.6818253366092282,0.6141096083800541,0.6700760052172391
75,13,X,X,D,1,0.3549724949123652,0.6263249175259548,0.6194273959652282,0.6780127474654231
75,14,X,X,D,1,0.3910894042499797,0.6294742991845085,0.6113204767901026,0.6458395791391721
75,15,X,X,D,0,0.339841435455373,0.641941824837495,0.5966752330465117,0.6590688651553407
75,16,X,X,D,0,0.3315776589999735,0.6938861233136767,0.5827992238388674,0.6530041922585226
75,17,X,X,D,0,0.3075990089499112,0.7453889924997371,0.5895542862218387,0.6459655925354152
75,18,X,X,D,0,0.2953488364238088,0.7232777801995456,0.6134923125188475,0.671466313455113
75,19,X,Y,J,0,0.3585048850421777,0.736830386215783,0.6074572525901522,0.6358506982192533
76,0,X,X,D,1,0.4783296132187215,0.5200879698167592,0.6441756496589081,0.5631180004529717
76,1,Y,Y,J,0,0.4713489727973257,0.5391591214669432,0.6360252745695887,0.5700112829288597
76,2,X,X,D,0,0.5055326747659457,0.5428580346452413,0.6855127756206832,0.5772607638324968
76,3,X,X,D,0,0.4956953870779746,0.5798790936778028,0.6941425295667565,0.5555434881835358
76,4,X,X,D,1,0.4457289757413706,0.546016234993973,0.6527039397767147,0.5898323113680719
76,5,X,X,D,0,0.4330922250064085,0.5239016421158014,0.6420418370512229,0.6088303971493969
76,6,X,X,D,0,0.4205155065752264,0.5420306291633789,0.6291887889341302,0.5910741511597357
76,7,X,X,D,0,0.4285527058459845,0.5130458835296104,0.6520423299425143,0.6164993723866797
76,8,X,X,D,1,0.4460359410742655,0.5064836023749297,0.6888579985312239,0.6615829986148923
76,9,X,X,D,1,0.4537527946295838,0.497976317374444,0.651832078492364,0.65487304395088
76,10,X,X,D,0,0.4628250672766203,0.465032667944107,0.668062040276452,0.6740514932553218
76,11,X,Y,J,1,0.4551134958590536,0.4706928014055478,0.710991592596609,0.702929975043211
76,12,X,Y,J,1,0.4999691236884724,0.4697382263146344,0.7016347863369126,0.6483085555995981
76,13,X,X,D,1,0.5118106633239331,0.4598692594925548,0.706492875456885,0.6394971080128972
76,14,X,X,D,0,0.5089802947642403,0.4458338433037024,0.7029415529530453,0.6566109177587115
76,15,X,X,D,1,0.5012488750016743,0.4363450237713264,0.6978285491408334,0.7093858074518143
76,16,X,X,D,0,0.5135746826054791,0.484911473892018,0.7071612451112727,0.7158919492035876
76,17,X,X,D,1,0.5281877662540395,0.443661368878867,0.7250370823182581,0.7190778612296491
76,18,X,Y,J,1,0.554000178955117,0.4357989302330373,0.7449507608427623,0.7277511162602287
76,19,X,X,D,0,0.545357515877137,0.4835316387623982,0.7343731362076741,0.7303384977506703
77,0,X,X,D,0,0.6853241806921798,0.6791676090422516,0.3481118214969505,0.5772670778857142
77,1,Y,Y,J,1,0.6864791626295161,0.6677980608950074,0.3426449445056487,0.597978738021821
77,2,Y,Y,J,0,0.6702353903130542,0.6285494640235643,0.3673593952199973,0.5770872912247004
77,3,Y,X,D,0,0.7036527052756506,0.6372414681037107,0.3332456291175558,0.5485392019740831
77,4,Y,X,D,1,0.7175578177024492,0.6497574878068161,0.3352536679226604,0.5705688523972411
77,5,Y,X,D,1,0.7237628073028772,0.6426153734752222,0.353298060897489,0.5851969572676798
77,6,Y,Y,J,0,0.75,0.6245688139427109,0.3215595364994786,0.5807988904352096
77,7,X,X,D,0,0.7107241347774678,0.6533287433594518,0.3022396949211795,0.6050754751075618
77,8,X,X,D,1,0.7229979077470305,0.6158929280202687,0.3148635958991775,0.5521425922975719
77,9,X,X,D,1,0.7087954743734557,0.6152119885790727,0.320293178648508,0.544150095985363
77,10,X,X,D,1,0.7264021357011422,0.6318885771250147,0.3352455321529956,0.5597513470966728
77,11,X,X,D,1,0.7344373839058582,0.6318715168258319,0.3583206648430616,0.5416636326674171
77,12,X,X,D,1,0.7125107917800475,0.6313155304907382,0.3280346550322922,0.5943582089795982
77,13,X,X,D,0,0.7349398598952205,0.6006369815374126,0.3251591928573747,0.597065796147382
77,14,X,Y,J,1,0.7385566235008064,0.5977496853859494,0.3196407674099679,0.5908070166441086
77,15,X,Y,J,0,0.6932149329152051,0.611495967117448,0.295663077820919,0.5556049463904859
77,16,X,X,D,0,0.6872027762911016,0.6152623576646945,0.2850832351146062,0.5353691100381485
77,17,X,X,D,0,0.7074391614774538,0.6027989815534938,0.25,0.558967252921479
77,18,X,X,D,0,0.7388623094767119,0.5775636173226898,0.25,0.5662282342224457
77,19,X,Y,J,0,0.75,0.5747803243968539,0.2701597126562231,0.5916785136533825
78,0,X,Y,J,1,0.3299408759129648,0.4235749900175692,0.6161579663564516,0.6855303087457947
78,1,Y,Y,J,0,0.2724719857849502,0.4302832039637524,0.5713597613070632,0.7225389921498746
78,2,X,X,D,0,0.3029004356618078,0.4077122700520261,0.5755473609163437,0.7462036727368087
78,3,X,X,D,0,0.275847960050354,0.3814276714157956,0.5588097907917613,0.75
78,4,X,X,D,0,0.2667506299774005,0.3493615603619268,0.5480750140299512,0.7318334563422088
78,5,X,Y,J,0,0.25,0.3709260177914754,0.5349104651995982,0.75
78,6,X,Y,J,0,0.2556739454893604,0.3789662018646781,0.5220659785247568,0.7485612146112477
78,7,X,Y,J,0,0.25,0.3592174007153283,0.5172270527337655,0.7363582475437451
78,8,X,X,D,0,0.25,0.2818182758240936,0.4876899611313887,0.7462503953050811
78,9,X,X,D,0,0.2525107149026672,0.3049499759205137,0.4036034653622839,0.7408978048194329
78,10,X,X,D,0,0.2630253268994907,0.2881960100696467,0.4114894123630317,0.7157767181125965
78,11,X,X,D,0,0.25,0.3252915159214139,0.4087543845241112,0.7108869129344555
78,12,X,X,D,0,0.2586861816379133,0.3287939068182638,0.4429411886429409,0.7405100326723381
78,13,X,X,D,0,0.2545988705665064,0.338477115196014,0.4202558659810738,0.7386870235384155
78,14,X,Y,J,0,0.25,0.3263033739999603,0.4208065437728016,0.75
78,15,X,X,D,0,0.2538611605043678,0.313332535154048,0.4284877471666061,0.75
78,16,X,Y,J,1,0.2567957698415679,0.3107634543218701,0.4259656447709146,0.75
78,17,X,X,D,1,0.2773794329592818,0.3134438807630681,0.3983423219942181,0.7157094978108688
78,18,X,Y,J,1,0.2599149462705777,0.3152164290224105,0.3765330897799656,0.703709153708953
78,19,X,Y,J,0,0.2669157918649648,0.3267080596621732,0.3484658444232124,0.7242345587891339
79,0,X,X,D,1,0.6543142399076975,0.6822851718003182,0.2860649167322879,0.5001912467357484
79,1,Y,X,D,0,0.6575349710830416,0.6710031084667404,0.2977978279286998,0.5336606336631751
79,2,X,X,D,1,0.6845790774900045,0.6678484758728226,0.3085598452954589,0.4866103134648347
79,3,X,Y,J,0,0.6661134771494928,0.6456675242066676,0.3082674447643069,0.4883337013940281
79,4,X,X,D,1,0.6549807924857209,0.5876119719444578,0.333439536149167,0.4804639274665045
79,5,X,X,D,1,0.6577100289865753,0.6149528141576117,0.3305254725051982,0.4983361570710916
79,6,X,X,D,1,0.6655005463750401,0.622514239973653,0.3147467711845398,0.5179321815769742
79,7,X,X,D,1,0.6809438952436123,0.6000174496007489,0.3305419286266746,0.4825189332483245
79,8,X,X,D,1,0.7005550526137715,0.597264962530456,0.3570455421034151,0.4534510695201997
79,9,X,Y,J,0,0.6686649575534782,0.6078039132467127,0.3269208196729014,0.4426068945486345
79,10,X,X,D,1,0.6825672071580995,0.606183029003873,0.3158017760465519,0.4114299034548045
79,11,X,X,D,1,0.7110035432059244,0.6185079618339877,0.351558599996061,0.3840866944655008
79,12,X,Y,J,1,0.7379691565837222,0.6209861470537773,0.3412467039477468,0.3721472126510662
79,13,X,Y,J,1,0.7255629258338726,0.6027217267604141,0.2947422254427607,0.3432388350707006
79,14,X,X,D,1,0.7136148276215666,0.6045665288569073,0.326523578913833,0.3410651829494441
79,15,X,X,D,1,0.702726411451526,0.6119602143354772,0.3143177536715444,0.3718081232855172
79,16,X,X,D,1,0.6885510109843419,0.6122793675784381,0.3093392814153369,0.4422165570560427
79,17,X,X,D,0,0.7116937529485967,0.666522798205808,0.3090919275820584,0.4435765085410745
79,18,X,X,D,0,0.6847767825479101,0.6821712941803257,0.3093823483964268,0.4740423243650389
79,19,X,X,D,1,0.6849772889357864,0.6737310717075038,0.307768038445408,0.4468979696172291
80,0,X,Y,J,1,0.3066552056108192,0.5998125257461666,0.6674498960438721,0.6192520070674365
80,1,Y,X,D,0,0.3463409450133036,0.6144266653946256,0.6923480139817121,0.6207646939888944
80,2,X,Y,J,1,0.339326225169239,0.5936939583468585,0.6624674525722691,0.5584943653622433
80,3,X,X,D,1,0.3436428064117457,0.6237609950244236,0.6663955808353595,0.570089560100339
80,4,X,X,D,0,0.297372780142692,0.6280801985587641,0.7015296971643477,0.5861711107830675
80,5,X,X,D,0,0.3649236551932745,0.629304608732408,0.6805583669247096,0.5643248610700426
80,6,X,X,D,1,0.3541151674773335,0.6285273323970612,0.6619694244388524,0.569285345526127
80,7,X,X,D,1,0.3562311629779764,0.6090528939642491,0.6490626211925508,0.5440359701307913
80,8,X,X,D,1,0.3603109305690555,0.6071661012678473,0.6807274783075621,0.5534934562543657
80,9,X,X,D,0,0.3908696373904445,0.5617861725273554,0.7037506870955968,0.5165974351512027
80,10,X,X,D,0,0.3275223190481193,0.5380333617062403,0.6963259338966165,0.5134766821148778
80,11,X,X,D,0,0.3256120828782228,0.5472950030037964,0.6949994113234954,0.527811278140055
80,12,X,Y,J,1,0.3172719443917685,0.5659401204356388,0.7410612760804918,0.4636005173127122
80,13,X,X,D,1,0.3272792918185031,0.575531313129437,0.75,0.5026439741444411
80,14,X,X,D,0,0.3235527086021105,0.5826132268744252,0.75,0.5100258066337373
80,15,X,X,D,1,0.2975969852734854,0.5968058109652333,0.75,0.5207642312311798
80,16,X,Y,J,1,0.3037636251554579,0.6561261623155809,0.75,0.5297793760581283
80,17,X,Y,J,1,0.2933434435171108,0.6336391657043559,0.7439869823963742,0.5321309922953019
80,18,X,Y,J,1,0.2746473510960782,0.6349139331251255,0.75,0.5754733952203863
80,19,X,X,D,1,0.2919446101200956,0.6503501899953821,0.7479891853969496,0.5975540657666341
81,0,X,Y,J,1,0.4460007971728695,0.7211132253264476,0.7026921883929358,0.3064003380809427
81,1,Y,Y,J,1,0.444235363191227,0.6936632142072028,0.6759071323511102,0.2854795118399016
81,2,X,X,D,0,0.4446492951294736,0.736231755242807,0.6642365624490663,0.2528250095239228
81,3,X,X,D,0,0.3951152214965903,0.7065221106283436,0.6567695107034823,0.2636336935747309
81,4,Y,Y,J,0,0.4012974163547488,0.7216798709331423,0.6676703417849641,0.25
81,5,X,Y,J,0,0.4364053871114458,0.7175203787582428,0.6933296042855035,0.25
81,6,X,X,D,0,0.4233969344276123,0.7378367190533107,0.683352108037095,0.2901580112671854
81,7,X,X,D,1,0.4643858583632659,0.7276606391850388,0.6368392183621056,0.2838600700909025
81,8,X,Y,J,1,0.4981833505514396,0.7031285236630823,0.6291051372775276,0.3096145408540368
81,9,X,Y,J,0,0.5158744147267157,0.7102757159756379,0.6233334382855135,0.3221127212058854
81,10,X,Y,J,1,0.5057388523799173,0.7441132630643162,0.6397601995495223,0.2897613876086526
81,11,X,X,D,0,0.5030303810348613,0.7247554989293785,0.6355997737671272,0.2725639597157048
81,12,X,X,D,1,0.4918192424516584,0.7040197680202518,0.6249135664644563,0.25
81,13,X,X,D,1,0.5017355082199902,0.7215414339223639,0.6357283538255547,0.25
81,14,X,X,D,0,0.5010756241711332,0.7159583448805129,0.6266260678152512,0.25
81,15,X,Y,J,1,0.5446390301287485,0.6931678594912531,0.6055753968519074,0.279304445003241
81,16,X,Y,J,1,0.5458387515059447,0.6858170573256721,0.560733692474564,0.3051760214678473
81,17,X,X,D,1,0.5415455480605917,0.6816729262550637,0.5722535031465706,0.2967649907951696
81,18,X,X,D,1,0.5432046354960329,0.6709704816003281,0.6060097314281877,0.2758691897163504
81,19,X,X,D,1,0.5657297859656245,0.7048525350839028,0.6029623161921617,0.2940743237195528
82,0,X,X,D,0,0.5237611816708205,0.5978700008534248,0.6047243559569397,0.3906959570219908
82,1,Y,Y,J,0,0.5230513234817921,0.592341800500978,0.6179420786580032,0.3998177059157357
82,2,X,X,D,0,0.550444570415972,0.6215023690268672,0.6374158864827175,0.3956122516702319
82,3,X,X,D,0,0.6096973893778515,0.63338274100333,0.6447849083684409,0.3965479286317074
82,4,X,Y,J,0,0.6260485412083853,0.6148597455421801,0.6164996113289621,0.3919225722891218
82,5,X,Y,J,0,0.6580421027768656,0.5836259628126561,0.5911148774688137,0.4134932397283084
82,6,X,Y,J,1,0.6689793336399208,0.6069246822830274,0.6035395932407219,0.3794637705041712
82,7,X,Y,J,0,0.6540390555220257,0.5664723065870718,0.593592256550736,0.3589639430236256
82,8,X,X,D,1,0.6638404294163561,0.6092501218737024,0.6113039373932593,0.3617588596867438
82,9,X,X,D,0,0.6634599152955558,0.6147981553483286,0.6120391945796408,0.3606437368146271
82,10,X,X,D,0,0.6225127725278324,0.6165928980863518,0.6321339541462248,0.3401506411777334
82,11,X,Y,J,0,0.6039512605897154,0.6668836775544157,0.6553141434963833,0.2954547281231516
82,12,X,Y,J,1,0.5961205523094537,0.6658616348158434,0.6333098575571185,0.3211721953604952
82,13,X,X,D,0,0.6237486825336747,0.6597736329557444,0.6395433848661108,0.3267503112722644
82,14,X,Y,J,1,0.6115775586958382,0.6576339524079576,0.6875041098393168,0.3373720223456006
82,15,X,X,D,0,0.6021326304673801,0.7124094733176672,0.6769935750450392,0.350277736910813
82,16,X,X,D,0,0.6216423254329839,0.6673991534094206,0.6807244689836418,0.354881799147586
82,17,X,X,D,1,0.6319363537083275,0.6852918827546562,0.7335631100569504,0.3361132166228306
82,18,X,X,D,1,0.6551682765579432,0.6935604405517989,0.7309020926909721,0.386406569995067
82,19,X,X,D,1,0.6780077809164853,0.7102674792290684,0.75,0.4134029679521301
83,0,X,X,D,1,0.4079921005262705,0.4934463039761999,0.5659133009687102,0.391987426375472
83,1,Y,X,D,0,0.356641071938004,0.5273509376641096,0.5654593179287799,0.3842970577676962
83,2,X,Y,J,0,0.366855589988247,0.5335927256548219,0.5692497470436723,0.417684128828092
83,3,X,Y,J,0,0.3876793546789189,0.500494126331232,0.5639385281080506,0.4321307802004809
83,4,X,Y,J,1,0.3983562863475103,0.5262107180483377,0.5172612179423938,0.3933816129761725
83,5,X,X,D,0,0.4081075420882022,0.4651664558831812,0.4393772952106606,0.3902587932863171
83,6,X,X,D,1,0.4302292207513105,0.4645918940165542,0.4253939627488511,0.3809401952467983
83,7,X,Y,J,1,0.420737363028719,0.4213398934098166,0.4180853481641118,0.3624660505705752
83,8,X,Y,J,1,0.4386552885763563,0.4170671989890621,0.4083292598085219,0.3462563312510714
83,9,X,X,D,0,0.4345975761108491,0.4068004815106658,0.4013923103078317,0.3350791354364046
83,10,X,X,D,1,0.4051903599727831,0.4075440744252959,0.3834960994187449,0.3008379067899454
83,11,X,Y,J,0,0.4000487347024841,0.3834247769453462,0.3868370373824081,0.2860942907745367
83,12,X,X,D,1,0.4293746139425488,0.3756132149301709,0.3607228606415707,0.2923957582323611
83,13,X,Y,J,0,0.397012112000016,0.358250552176629,0.3455927002014083,0.3026008538446996
83,14,X,X,D,0,0.3639952098285518,0.393874668962754,0.3414181632948945,0.2778116995334152
83,15,X,X,D,1,0.3514174006569472,0.3765904336260683,0.3375283306958317,0.2987631393578277
83,16,X,Y,J,0,0.3513900801383579,0.4146241956436719,0.3553023176291067,0.2986570981982254
83,17,X,X,D,0,0.3526136806426339,0.4103112415681174,0.3832621768017776,0.3246067395791552
83,18,X,X,D,0,0.3900587038640654,0.4436779266707592,0.4262923081584123,0.3305464158537326
83,19,X,X,D,0,0.4009630123060394,0.48159953650731,0.470545456868197,0.3148050739978155
84,0,X,Y,J,1,0.4675944281985894,0.4786748609685441,0.2768707519347438,0.3538527431339212
84,1,Y,Y,J,0,0.4794893849387658,0.4968618957301488,0.3063669291335459,0.3580641741959653
84,2,X,X,D,1,0.4730619199491387,0.5033447654853637,0.346564253998008,0.3789284131079086
84,3,X,X,D,1,0.5601158067593336,0.4920538116182119,0.3488090762690837,0.4255107403866554
84,4,X,X,D,1,0.5882751663310615,0.4649477848120343,0.3247656159295387,0.4457685916864328
84,5,X,X,D,1,0.567535123341698,0.4564205503923751,0.3645825184466372,0.4528014459229758
84,6,X,X,D,1,0.555575003582571,0.4499048152321148,0.3766268830448084,0.5052448832325436
84,7,X,X,D,1,0.5592346938341426,0.4446609697481766,0.3330567898767399,0.504604888959078
84,8,X,Y,J,1,0.5178452328103413,0.4803879929790475,0.342155227779378,0.5264588408249149
84,9,X,X,D,1,0.5042386781661237,0.456966755116719,0.3818866614415012,0.5188268012644649
84,10,X,X,D,0,0.4915652417065746,0.4372239782471376,0.3713484065140947,0.5091758705500241
84,11,X,X,D,0,0.4644225877214079,0.4388608771883719,0.3891398266712445,0.5439314163492551
84,12,X,X,D,1,0.474850746352742,0.4428078656722434,0.3871121014449331,0.5251127366605534
84,13,X,Y,J,1,0.4982546479120448,0.454996046855556,0.3723816800370398,0.5059799378288085
84,14,X,X,D,1,0.4936775305092264,0.4300087227001177,0.386221265232844,0.5458799730143091
84,15,X,X,D,1,0.4480519419466794,0.4097899929147295,0.371458107624745,0.5618026866270251
84,16,X,Y,J,0,0.4683735794875832,0.4103789141267182,0.3855725382847172,0.5702906731736398
84,17,X,X,D,0,0.4361725298502393,0.4033529166781911,0.3761934900636393,0.5736406485484952
84,18,X,X,D,0,0.4560875702975218,0.4613332446249886,0.3524046403437982,0.5853498200052669
84,19,X,X,D,1,0.4608586699723246,0.4242036304744366,0.3250170271709218,0.5990456091888655
85,0,X,X,D,1,0.5222129608700303,0.3422671583107209,0.6836124812103791,0.4337971926435265
85,1,Y,Y,J,0,0.5299542124127083,0.3735594261330139,0.6771318046663529,0.4469482762975316
85,2,X,X,D,1,0.4958220386759007,0.3896340701323085,0.68180045229434,0.5004210594507118
85,3,X,X,D,1,0.5200388991918735,0.3457531920109694,0.6818880071222754,0.5158027007899323
85,4,X,X,D,0,0.4811472725834441,0.3547860987712,0.6937645349304578,0.5566995904404966
85,5,X,X,D,0,0.4736143826534386,0.327976018759043,0.7140265240841701,0.6247518268968029
85,6,X,X,D,0,0.4710170437465167,0.3223239120061094,0.7156181620133116,0.6189449181565231
85,7,X,X,D,1,0.5002577921782889,0.3305811153279001,0.6977090085447801,0.6087655737777561
85,8,X,Y,J,1,0.4900790694918382,0.3840436413289095,0.7098514681617734,0.5953444130449448
85,9,X,X,D,0,0.4910151875739992,0.394339932783162,0.7312925946064437,0.5463883972724843
85,10,X,X,D,0,0.5065435336580243,0.3780860525400209,0.6954450211274031,0.5588244943843385
85,11,X,Y,J,1,0.4780648114275,0.4114272456382259,0.7102161589411495,0.55333577988287
85,12,X,X,D,0,0.4658901249863706,0.4085952619716937,0.6931593754714693,0.5482455298698616
85,13,X,X,D,1,0.4934569085645449,0.3812099088656042,0.6800677105098168,0.5910893337784453
85,14,X,X,D,0,0.4859863088789916,0.4166384712541668,0.6483199938544656,0.5800594159023412
85,15,X,Y,J,1,0.4440396896961748,0.4007186890445312,0.6703024922877004,0.552859313163685
85,16,X,X,D,1,0.5201468941910221,0.4037717668787335,0.6741027219582557,0.5808546952313585
85,17,X,X,D,0,0.4793554688459123,0.3605753713798316,0.6687628233197039,0.5730055513751515
85,18,X,Y,J,1,0.4862194044138262,0.4090374285141308,0.6874721010346073,0.5408197765158543
85,19,X,Y,J,1,0.4865435156940029,0.3514143818416736,0.6969862996500708,0.5762097445860145
86,0,X,X,D,1,0.6217015399249107,0.4026396638303301,0.6658699514544099,0.6441170067120197
86,1,Y,Y,J,0,0.6390207692206684,0.3940193950652602,0.663600066230534,0.629285005739038
86,2,X,X,D,1,0.6632549413621901,0.4120514102228279,0.668637306979387,0.5985229978603153
86,3,X,X,D,1,0.6579077812899117,0.4244201685161545,0.7167736134430631,0.5633089948844245
86,4,X,X,D,1,0.6499810474516774,0.4334051027708154,0.7045687545043618,0.5985534849703228
86,5,X,X,D,1,0.6616761600068743,0.39931816638708,0.7276231515767267,0.6187278957258187
86,6,X,Y,J,1,0.7051267259922016,0.3872850655750329,0.75,0.5664988736026126
86,7,X,X,D,0,0.6903001178132188,0.4227576831638659,0.732502587579722,0.5624735028209283
86,8,X,Y,J,1,0.7100459120496578,0.3763737866322072,0.75,0.5056307314340115
86,9,X,X,D,1,0.7122276024156221,0.3766377960050422,0.75,0.5180743900397271
86,10,X,Y,J,1,0.7101005450167021,0.3779065339708933,0.75,0.5025286673747168
86,11,X,Y,J,1,0.6542572181591753,0.4260764571193875,0.75,0.5106800039105802
86,12,X,X,D,1,0.6688146488478018,0.4202176968135661,0.7348951578274747,0.535556974879994
86,13,X,X,D,0,0.640843045495561,0.4054185663010681,0.7290114242595293,0.5547409544103092
86,14,X,Y,J,1,0.6820173082350801,0.4279744822937074,0.7136507923499393,0.5792817618017074
86,15,X,X,D,1,0.7078816387936806,0.4249795418522019,0.7378423939983658,0.5774582699631332
86,16,X,X,D,1,0.6896645252971239,0.4098144190534503,0.7476837331656359,0.607147426111589
86,17,X,X,D,1,0.6882989380393241,0.4507566174495461,0.75,0.58926161680786
86,18,X,Y,J,1,0.6741542805604205,0.4578009966919582,0.75,0.5906939123974037
86,19,X,X,D,0,0.6893157016296441,0.4881613158421825,0.75,0.6205422626481905
87,0,X,X,D,0,0.278568533212767,0.4279260346284907,0.4093102868530931,0.2702535672200976
87,1,Y,Y,J,1,0.270261249377022,0.4208330064019034,0.3959682998693949,0.2711690404732289
87,2,Y,Y,J,0,0.25,0.468900117166144,0.3703871505302155,0.2703308548702966
87,3,Y,Y,J,1,0.3092726809296514,0.4816299718091694,0.3939984649205703,0.25
87,4,Y,X,D,1,0.3195113184148475,0.4902445089604388,0.39637665927554,0.25
87,5,Y,Y,J,1,0.3540944142027774,0.5184333049246397,0.3909048483182378,0.2666905462200338
87,6,Y,Y,J,0,0.3152569034449087,0.4798880068822454,0.4277592129750796,0.2594350053247961
87,7,Y,Y,J,0,0.2956844245981557,0.4906284633404629,0.4291502102171548,0.2826969384231406
87,8,Y,Y,J,0,0.2695642284804234,0.4768770939651077,0.4242419956953772,0.2529190080983662
87,9,Y,Y,J,1,0.2850297082061558,0.4857061476729095,0.4730880223591121,0.25
87,10,Y,Y,J,1,0.25,0.4534585609339505,0.459829191115113,0.25
87,11,Y,Y,J,0,0.2579702544111471,0.4435437326751535,0.4397105653940041,0.2548256124224488
87,12,Y,Y,J,0,0.2627515701656604,0.4420986097281144,0.4865632421382433,0.25
87,13,Y,Y,J,0,0.2919655388641092,0.452931509855172,0.4720221785096741,0.25
87,14,Y,X,D,1,0.2877321352714106,0.4768756543418398,0.4196042781496824,0.271762749337614
87,15,Y,Y,J,0,0.2759799806404254,0.4973997817190204,0.4697210598601714,0.2761078334660539
87,16,Y,Y,J,0,0.2891298139120113,0.4796956962970294,0.4468621026001699,0.3123072900357262
87,17,Y,Y,J,1,0.3175500434315537,0.4890129447688497,0.4514575406785729,0.325311679958592
87,18,Y,Y,J,1,0.3286705844632354,0.4901549833266979,0.4424121846871682,0.3538033474632975
87,19,Y,Y,J,0,0.3556810794754373,0.4812797627710191,0.4395748424009862,0.362878827428746
88,0,X,Y,J,0,0.5643773454410381,0.5771638641557824,0.3021602080525946,0.2573073675858419
88,1,Y,Y,J,1,0.5672450051447581,0.5712094492388737,0.3020080634563423,0.2964314110416389
88,2,Y,Y,J,1,0.5620864277091648,0.5739598872766839,0.3147614051721748,0.2996760340789391
88,3,Y,X,D,1,0.5450669925908674,0.5941603919374534,0.3355349763970063,0.3059976945236394
88,4,Y,Y,J,1,0.5685867138824469,0.5935681272775348,0.3500887224939712,0.3233876128361879
88,5,Y,Y,J,0,0.541173830009272,0.5325196227676503,0.3456837028847676,0.3089074757284742
88,6,Y,X,D,0,0.5498656797184012,0.5450546523431831,0.3727455710894773,0.3281441588139112
88,7,Y,Y,J,0,0.5379952640463813,0.5707949866355613,0.3774221123313639,0.2843614335096299
88,8,Y,Y,J,0,0.554002133506039,0.6056552135527935,0.3471061720596949,0.25
88,9,Y,X,D,1,0.5116751210203346,0.6493343115488923,0.3644658486269916,0.2744711775603601
88,10,Y,Y,J,1,0.4888273237854869,0.6499586168487033,0.3703038017419723,0.2523750882395995
88,11,Y,Y,J,1,0.5246152842552202,0.637391686580883,0.4032467872144037,0.2794006842056237
88,12,Y,X,D,1,0.5859298724515981,0.6317232089899286,0.3792685028383241,0.2714857817434209
88,13,Y,Y,J,1,0.5792674604224618,0.6191816304407397,0.3962446748809645,0.3138263632961505
88,14,Y,X,D,0,0.5755657871356229,0.6203920376570367,0.4089850675017251,0.306994910770945
88,15,Y,Y,J,0,0.5632999377053527,0.6425205839116721,0.3983695223463101,0.325605614368112
88,16,Y,Y,J,1,0.5691870300820767,0.6507364435261264,0.4146020504661276,0.290815202909084
88,17,Y,X,D,1,0.5542596369410806,0.626863631256325,0.4237925180495965,0.3011851844778662
88,18,Y,Y,J,0,0.549681889597044,0.6591007607005518,0.4259551763681611,0.3391813719528848
88,19,Y,Y,J,1,0.5514630033103359,0.6826269812213417,0.4541207365933449,0.3436060829472258
89,0,X,X,D,0,0.4673334964782736,0.718072526074363,0.592332504749469,0.6789971038580924
89,1,Y,Y,J,0,0.4846957946496771,0.6677907384918214,0.5904418221580716,0.6817572581325748
89,2,X,X,D,1,0.4658216434607231,0.7139689208724361,0.6059295959236858,0.6682970605882097
89,3,X,X,D,0,0.4862112694901638,0.7082011486167131,0.6269786578173825,0.6521461605662321
89,4,X,X,D,0,0.4691406675905224,0.6952972386803772,0.648946220249183,0.6564568055897332
89,5,X,X,D,0,0.4222716521736632,0.7099325808604946,0.6515564057882602,0.6642873258783304
89,6,X,X,D,0,0.3881027463891229,0.7353287814186265,0.6528001989475536,0.6706517194202499
89,7,X,Y,J,0,0.3859603010819443,0.7113199987020957,0.6410112516929379,0.6952339362516007
89,8,X,X,D,0,0.4055867968918834,0.6855955032942265,0.6313221676558066,0.6944850181045829
89,9,X,X,D,0,0.4473191117116755,0.7109924019966469,0.6691139902340046,0.7240114902811929
89,10,X,X,D,1,0.4155629881844588,0.6931560894362828,0.7250468383873824,0.709233234797966
89,11,X,X,D,1,0.4203972087399709,0.7423415068126112,0.7218423380259017,0.6422865312521894
89,12,X,Y,J,0,0.4148116771310481,0.7484998954334835,0.7337715353807196,0.6309803516783417
89,13,X,X,D,0,0.4000457182417997,0.7185906240366812,0.7240836690648288,0.7260199879093348
89,14,X,X,D,0,0.4222410364666032,0.7033492793367615,0.709485456502805,0.7117451558886156
89,15,X,Y,J,0,0.4178507212046662,0.7132633194872284,0.7293614497150374,0.711142741205318
89,16,X,Y,J,0,0.3572423992277787,0.7285070121707272,0.7260897566529788,0.7039057980545713
89,17,X,X,D,0,0.3971526534667817,0.6886287589422391,0.75,0.7113227701090453
89,18,X,Y,J,1,0.4110357557682509,0.6963052410926538,0.7419811157625722,0.7153456598061091
89,19,X,X,D,1,0.4023109349270007,0.7184290292573989,0.75,0.7156955122274978
90,0,X,X,D,0,0.49382528988436,0.3744035436022265,0.662929385088652,0.4553237721947052
90,1,Y,Y,J,1,0.4719093451868859,0.3788019444665093,0.6719401104262598,0.4903857264087519
90,2,Y,X,D,0,0.507871074103541,0.3868196600678013,0.7029340677954318,0.4642680645357894
90,3,Y,X,D,1,0.5327922147801019,0.4113595695861969,0.6840484406326577,0.4352833640045864
90,4,Y,Y,J,1,0.5462323333802637,0.3853428356063501,0.75,0.4380394063498664
90,5,Y,Y,J,1,0.5854474930851296,0.3798711882349124,0.75,0.4031456882536427
90,6,Y,Y,J,1,0.6174552148304995,0.4066141367613393,0.75,0.4161689412160382
90,7,Y,Y,J,0,0.6505148169231901,0.3887735165733363,0.75,0.4335750713455265
90,8,Y,Y,J,1,0.6499600031453554,0.3732826030934449,0.75,0.4630649286087924
90,9,Y,Y,J,1,0.6042121874413338,0.3759467372522901,0.7129349759163097,0.4628507351418379
90,10,Y,Y,J,0,0.6715124707902744,0.4110395877936286,0.7024864196572719,0.4562758584495312
90,11,Y,Y,J,1,0.64461248356278,0.4319526762267663,0.6909503200899196,0.4507225573385298
90,12,Y,Y,J,1,0.6532309956788829,0.4302573271467798,0.7093990512723398,0.490958219020538
90,13,Y,Y,J,1,0.6732537628563234,0.4352566591654219,0.7405337445398656,0.4815341403809104
90,14,Y,X,D,1,0.6666236112295031,0.4939671497246004,0.7164356825254368,0.4402579272293212
90,15,Y,X,D,1,0.6849249319138646,0.4603621378024432,0.6965396760180136,0.4377032104033281
90,16,Y,X,D,0,0.6889019494162507,0.4678563631399755,0.7307629726997575,0.4693497806345256
90,17,Y,X,D,0,0.6924492917990942,0.4991640161295652,0.7360225903866578,0.4894900888648117
90,18,Y,Y,J,1,0.6675820937017787,0.5234169400922773,0.7266985969202523,0.4684611854189346
90,19,Y,X,D,1,0.6660372725575235,0.5088597123989234,0.7004729473907986,0.5061040149431896
91,0,X,X,D,1,0.4156248093519591,0.3721676465222446,0.468536335354732,0.2779845721185605
91,1,Y,X,D,1,0.4158115599822493,0.326043445762499,0.4812211098721694,0.3300430643618165
91,2,X,Y,J,0,0.4465322222575748,0.3479296786749516,0.4818611936671251,0.3070739042383117
91,3,X,X,D,0,0.481868260694536,0.3841764606742378,0.4760370805488969,0.3191185983709897
91,4,X,X,D,1,0.4470446410121938,0.3588837860940574,0.4792085081983462,0.3714982659586016
91,5,X,X,D,0,0.4609140908999689,0.375188368413678,0.4961984872058653,0.3953304884263497
91,6,X,X,D,1,0.4635130667827771,0.3749042923079286,0.5027905290123676,0.412965898953503
91,7,X,X,D,1,0.4596792491020323,0.3697783811678741,0.4787642756530555,0.4084936932964958
91,8,X,X,D,1,0.4382684742608495,0.3853615637112413,0.4804158593939345,0.431263558482353
91,9,X,Y,J,0,0.4470891911870548,0.3830911398046476,0.4876963091095654,0.3931320237373121
91,10,X,X,D,1,0.4422185163834605,0.3615793365041085,0.4620334722013469,0.4174877052411209
91,11,X,X,D,0,0.4702683808238328,0.3388874485937809,0.474647486090677,0.4133927536922265
91,12,X,X,D,0,0.4922305139565469,0.3285997765803191,0.5025576777370078,0.3952118239197772
91,13,X,X,D,0,0.5069227334847317,0.3312634007711501,0.5019462449946083,0.4095713927519914
91,14,X,Y,J,0,0.5198137827509175,0.3305470103428496,0.4887257075572449,0.409454549490587
91,15,X,X,D,1,0.519760005000698,0.3381738142520987,0.513489843005533,0.3969826937702506
91,16,X,Y,J,1,0.5070947095406032,0.3688116603368616,0.5587385657186383,0.380932324747596
91,17,X,X,D,0,0.5519592210039095,0.3402898785488689,0.5693677586228665,0.3648727660135234
91,18,X,X,D,1,0.5502357147072542,0.3349326660993813,0.5801092854922448,0.3756555560721786
91,19,X,Y,J,0,0.4936016312618058,0.3042688890171029,0.5798689589375406,0.3694853777870621
92,0,X,X,D,0,0.4117907196616595,0.5547307951336254,0.2512471745256057,0.3724034757892301
92,1,Y,Y,J,1,0.4270328922637048,0.5717824146491326,0.3070715882469195,0.3267717958026935
92,2,Y,Y,J,1,0.4643433554760404,0.5940012725702277,0.3141594637465555,0.3471538249318427
92,3,Y,X,D,1,0.4728952714925047,0.6341345148563584,0.2718965476950482,0.3862684603654954
92,4,Y,Y,J,1,0.4961265558773621,0.6505853094852478,0.25,0.380608481274317
92,5,Y,Y,J,0,0.4679184111534842,0.664939521800007,0.2516694689473777,0.3549671657189854
92,6,Y,Y,J,1,0.4637218653012646,0.7228353043630614,0.2600078329111154,0.378516073118924
92,7,Y,Y,J,0,0.4765116317401318,0.7263899104102293,0.2651795291064241,0.4039896148351745
92,8,Y,Y,J,1,0.429568566556518,0.7263509810421492,0.2960930621171197,0.4197609569364042
92,9,Y,Y,J,0,0.401306001274507,0.7126469914131343,0.2660203994364566,0.4309211915439105
92,10,Y,X,D,0,0.380089561265983,0.6940884694356856,0.2601208619333915,0.4653711587184378
92,11,Y,Y,J,1,0.3925757513405766,0.7000254291899198,0.25,0.4631073431353251
92,12,Y,X,D,1,0.3648314404481299,0.7008657912217243,0.25,0.491339490110913
92,13,Y,Y,J,0,0.3619639960641374,0.6953902716564341,0.2616195962605584,0.5186949424685469
92,14,Y,Y,J,0,0.3339827624827814,0.665569575293679,0.25,0.4855937362388331
92,15,Y,X,D,0,0.3736037061057944,0.6495404273859958,0.2550754792929406,0.5038070052191945
92,16,Y,X,D,0,0.3948658305086011,0.6549570259118838,0.263840923989712,0.4498886604333348
92,17,Y,Y,J,0,0.3632515859854481,0.689075028205462,0.2871256739967702,0.4603612078579467
92,18,Y,X,D,1,0.3587175827754462,0.7193900487931311,0.2835281243099711,0.4782769746857087
92,19,Y,X,D,0,0.336134760571533,0.6945620932535956,0.2724158309322955,0.477543032900256
93,0,X,X,D,0,0.571183673203463,0.5136442386176725,0.4786732941306486,0.4764484230949158
93,1,Y,Y,J,1,0.5618865941320428,0.5325571840124874,0.4681959705802144,0.4697090164825483
93,2,Y,X,D,0,0.5658907746586607,0.5395629145286241,0.500822718046318,0.4732544938646249
93,3,Y,Y,J,0,0.4971395869647886,0.5324428373517536,0.4534267138619619,0.4607297859989774
93,4,Y,Y,J,0,0.5163529092907567,0.5043346848310589,0.4441633698344121,0.450679767713856
93,5,Y,Y,J,0,0.5498293046528923,0.5356751850824987,0.4692607965827144,0.4748530656388388
93,6,Y,Y,J,0,0.5338231687123848,0.579218021167797,0.4898191797710244,0.4960990687471572
93,7,Y,X,D,1,0.5280389920767713,0.5662223788165572,0.4517657897041847,0.4987537972445639
93,8,Y,Y,J,0,0.5182906143298812,0.5599128773529561,0.4716774513058659,0.5109527147590479
93,9,Y,Y,J,1,0.5065270048579564,0.5786198798921771,0.4586464311039383,0.5353696856957656
93,10,Y,X,D,0,0.5207724021674249,0.5456801388257282,0.4586862242744204,0.5381745324095857
93,11,Y,Y,J,1,0.5424689007826723,0.5785118380377458,0.4568797604700648,0.5361570774230281
93,12,Y,Y,J,1,0.5036112243929091,0.5816874749950429,0.4911146508719678,0.5253857196956578
93,13,Y,X,D,0,0.49014170832115,0.5220265751377867,0.4788219399570425,0.5197656395574536
93,14,Y,Y,J,0,0.5106678282348749,0.5163553588281877,0.4834984291327435,0.4551652626915163
93,15,Y,Y,J,1,0.4732884137237457,0.5195338065854087,0.4588205247196585,0.4669422989142058
93,16,Y,Y,J,1,0.4544883077957709,0.5165632672341361,0.4812751429306429,0.4146442217408448
93,17,Y,X,D,0,0.4751515559208898,0.4851655894354357,0.4821401295433158,0.4756455837302256
93,18,Y,X,D,1,0.5066182280638667,0.452510151250384,0.4456916203998817,0.457005578055607
93,19,Y,Y,J,0,0.5234155369013064,0.4502813421836213,0.4174145691812253,0.443161415425382
94,0,X,Y,J,0,0.5178033672797729,0.7231960647099478,0.6431482301563314,0.4948507910676727
94,1,Y,Y,J,1,0.5017470126238575,0.704970268751611,0.6602057978727145,0.4869537008761
94,2,Y,Y,J,1,0.4792224337325426,0.7245933460577171,0.6093467238140052,0.4353977082135948
94,3,Y,Y,J,1,0.4077061811770195,0.6943611575614134,0.5593795533368537,0.3925326859573873
94,4,Y,X,D,0,0.3691592435658677,0.7270103891009526,0.5757814550098397,0.3898620439446757
94,5,Y,Y,J,1,0.3368121302633262,0.7111288983364357,0.573704989039847,0.3821276121066122
94,6,Y,Y,J,0,0.3529453692444886,0.6800709884109872,0.6044566569670659,0.3890986440125841
94,7,Y,Y,J,0,0.3214261091702804,0.643192283165142,0.5897172874650983,0.4206068000753228
94,8,Y,Y,J,0,0.3081891518108627,0.6588154319759192,0.5955020443393585,0.4069855833083374
94,9,Y,Y,J,1,0.3074111205220549,0.6703253823619002,0.5827298332060967,0.4234057109111034
94,10,Y,X,D,0,0.2761438747124953,0.6592921264193293,0.5742255756148101,0.4353465647795743
94,11,Y,X,D,0,0.305616054871475,0.6444041117372593,0.6080745244478345,0.4052655862874893
94,12,Y,X,D,0,0.3195777112804229,0.6417174523093992,0.6090028070217278,0.4011688239875702
94,13,Y,X,D,1,0.3130194921542021,0.6384189670455355,0.6138825418551662,0.3945902476989146
94,14,Y,X,D,1,0.2892712036087612,0.6535573292014195,0.597207182966264,0.3616022668194813
94,15,X,X,D,0,0.3023509960825109,0.697956593858724,0.6245258362723124,0.3783028642589821
94,16,X,X,D,0,0.3046110439210741,0.6956544768519682,0.6439842418631293,0.3456723922283876
94,17,Y,Y,J,1,0.2577313370996351,0.7249357314230287,0.6620745983810115,0.3638373477271471
94,18,Y,X,D,0,0.25,0.705499424794408,0.6828953058043483,0.3702319832970147
94,19,Y,Y,J,1,0.2567543111513839,0.7159045185386551,0.6927003757547885,0.4072928568313005
95,0,X,X,D,1,0.5549312394870196,0.4621552050980961,0.3428586035957235,0.6348448783126908
95,1,Y,X,D,0,0.5504195331683691,0.4367392836449519,0.3284650582829664,0.6054666400370995
95,2,X,X,D,1,0.5490676519807096,0.4529041762857475,0.3071105342016307,0.5889353477207633
95,3,X,X,D,1,0.5355772708355545,0.4466450957867195,0.2987830373834891,0.6224400221749494
95,4,X,X,D,0,0.5442832291059699,0.4363313861053673,0.2779384752808542,0.65999616852665
95,5,X,X,D,0,0.5429690710683813,0.3820238622258946,0.25,0.6674161630471458
95,6,X,X,D,0,0.5448444382750304,0.407332865497752,0.25,0.721780954599433
95,7,X,X,D,1,0.5415786596864105,0.43270805745578,0.2540755151320109,0.7072060467302195
95,8,X,X,D,1,0.5935193834220203,0.4158638215098588,0.2677774367048122,0.692687994124236
95,9,X,X,D,1,0.6061132556009753,0.4149574326574672,0.2790902852635229,0.7074798787316946
95,10,X,X,D,1,0.613722815748065,0.4189421307516118,0.2856774534501381,0.7159275307107659
95,11,X,X,D,0,0.6043360376550829,0.4148115491704897,0.2639078851776332,0.7237327461601945
95,12,X,X,D,1,0.5890189811150462,0.4446189270130787,0.2981132176571232,0.7226945733190151
95,13,X,X,D,1,0.6149369919828556,0.4024767266624227,0.3124497694764764,0.7300969980862262
95,14,X,X,D,0,0.572359479549315,0.4089177864011112,0.3299870978810639,0.7097921302344385
95,15,X,X,D,0,0.5425737328357769,0.3856854973275171,0.3164556976150849,0.7130336148682342
95,16,X,X,D,1,0.5104957570722246,0.4003375032430346,0.2555165359355567,0.7051090107153225
95,17,X,X,D,1,0.5057203062161625,0.4330690000342069,0.2734843676935404,0.75
95,18,X,Y,J,0,0.465321654523793,0.3961693612676125,0.2650831710610987,0.75
95,19,X,X,D,0,0.4390514037666847,0.4177352623978781,0.3127606477543705,0.7062677287744602
96,0,X,X,D,1,0.4678467329400452,0.6989007649766439,0.7014595177156571,0.6399224500271781
96,1,Y,Y,J,0,0.4886367214408793,0.7087885592190946,0.6985750945147677,0.6692342222607505
96,2,X,Y,J,0,0.4973983702200552,0.6907443462040139,0.6560249692108391,0.6925032475333601
96,3,X,X,D,0,0.4670535578712456,0.6990844711561051,0.684039784759513,0.7279735278547378
96,4,X,X,D,1,0.4852241938694411,0.75,0.6460954409749718,0.6989099012565381
96,5,X,X,D,0,0.4921492195741527,0.7339841926791026,0.6433833193258219,0.6967213378661895
96,6,X,X,D,0,0.4578305067656896,0.7352465918751176,0.667923558712799,0.6763157604285049
96,7,X,X,D,1,0.4727910414403344,0.700891903596611,0.6846890647667909,0.6773487956529923
96,8,X,X,D,0,0.4602978183162325,0.6968754115181579,0.6591617832617276,0.670255592347217
96,9,X,X,D,0,0.456764685606459,0.6794856984668197,0.6705415727358468,0.6457179407696998
96,10,X,Y,J,1,0.4344187807009961,0.6902607166169071,0.6390243249413917,0.6848687732451432
96,11,X,X,D,1,0.4672316667482714,0.7117627295672259,0.659982298601887,0.7187855392439072
96,12,X,X,D,0,0.4822501704380412,0.7161182003379793,0.6697227304057983,0.7269181188390125
96,13,X,Y,J,1,0.4640321995536694,0.7110161997197747,0.6872433904312285,0.7356583656965064
96,14,X,X,D,1,0.4763528342141795,0.680037032810745,0.708184017982148,0.75
96,15,X,X,D,1,0.497004684095657,0.6864918801433227,0.6733241635919149,0.75
96,16,X,X,D,1,0.4515973956332841,0.658529869303025,0.650201736589761,0.743400056272802
96,17,X,X,D,1,0.4810103677934296,0.6665552128144115,0.6379830241173722,0.7496030391472102
96,18,X,X,D,0,0.4938823535187895,0.665409349033639,0.6177833698015343,0.7494763545446634
96,19,X,X,D,1,0.4055222968565677,0.6235494110296014,0.5935066590204808,0.75
97,0,X,Y,J,1,0.5219847183239021,0.616915713766397,0.7081899841334025,0.4167083115592042
97,1,Y,X,D,0,0.5065465582849223,0.6145895777290995,0.7219420096925139,0.41155302071244
97,2,X,X,D,0,0.4897760305751657,0.6033115962008894,0.6837953139042366,0.377734634835897
97,3,X,Y,J,0,0.4854481082011442,0.5853284970150134,0.6738487020143766,0.3865847377156546
97,4,X,X,D,1,0.4964429084890022,0.5768979006187828,0.7096856146330924,0.3355227690802324
97,5,X,Y,J,1,0.4928812270010139,0.6118449669844558,0.6955143753098667,0.3550497177282433
97,6,X,X,D,1,0.5150935963427562,0.6426035045757327,0.7371796313983155,0.3510893032523554
97,7,X,X,D,0,0.4768842526310339,0.616942567342785,0.7254624616080088,0.31666462756902
97,8,X,X,D,1,0.4699999433188215,0.6211864067587887,0.7252720028458599,0.3004963259235764
97,9,X,Y,J,1,0.519952519896735,0.630073096433536,0.7278643572786575,0.3019715805489649
97,10,X,X,D,1,0.5264983615023661,0.588352936703449,0.7498400231135258,0.3374028343875008
97,11,X,X,D,0,0.5246041816661429,0.5931253108769806,0.7358721515154872,0.3373990094597874
97,12,X,X,D,1,0.4891463987613981,0.5751876975277391,0.7393908379647742,0.3732410791730693
97,13,X,Y,J,1,0.4763956582244903,0.55289346078917,0.7222454277002919,0.3835940298495683
97,14,X,X,D,0,0.4394035070685456,0.5683752925986741,0.75,0.3909809173830418
97,15,X,X,D,0,0.4424880905416693,0.5650406378806434,0.7277433972396045,0.3678599592239353
97,16,X,Y,J,1,0.4054129509407209,0.5559537281258062,0.717216186407239,0.3556461588191144
97,17,X,X,D,0,0.4120584604327285,0.5231145385212163,0.669066889192816,0.3839893754196013
97,18,X,Y,J,0,0.3817041055358532,0.5179491065466428,0.6392893167367742,0.4163728948885509
97,19,X,X,D,0,0.3747081247068043,0.5073894095637865,0.6423465767193312,0.4118808247420373
98,0,X,Y,J,1,0.3435563489683462,0.4544865976998674,0.6039243913729417,0.4227956996109662
98,1,Y,X,D,0,0.3192275037301582,0.4274814884921688,0.6316435265138982,0.4035968927715384
98,2,X,X,D,0,0.3180770709135451,0.4689083870913058,0.6793650840263449,0.368399750893728
98,3,X,X,D,0,0.3249822461001509,0.438616356655553,0.6779548796259026,0.3295141473003494
98,4,Y,X,D,0,0.3629580233787637,0.4594837165805922,0.647606726294734,0.3234333469286107
98,5,X,X,D,1,0.3950162295156963,0.3852221785242607,0.6901176014086776,0.3247364992205885
98,6,X,X,D,0,0.3883479838332576,0.3750692321730458,0.6758954422198995,0.315055287233902
98,7,X,X,D,1,0.3959024093044997,0.3492891148035222,0.667339691331046,0.3423632010703077
98,8,X,X,D,0,0.3822770381623775,0.3678241500586386,0.6514038412213792,0.35165815088497
98,9,X,X,D,1,0.4052388530497501,0.3734012100119992,0.6617979046661803,0.3587550248322497
98,10,X,X,D,0,0.3746794271167087,0.3580071242403511,0.6515032951476284,0.383478849326703
98,11,X,X,D,0,0.3748394839489783,0.3406495375236892,0.6081006515222585,0.4371113559068387
98,12,X,X,D,0,0.3806631983153704,0.3217792018295667,0.6253987663016163,0.4114112370799204
98,13,X,X,D,1,0.3690412016902907,0.2583244028796093,0.656260745915787,0.4035006978418005
98,14,X,Y,J,0,0.3250488263505165,0.2912587068555252,0.6588901871351345,0.415044808523495
98,15,X,X,D,1,0.3395436977580355,0.2641706882246926,0.6267323255558789,0.383193394583784
98,16,X,Y,J,1,0.3288459173543183,0.3020365656653852,0.6087200325190931,0.3646650414854759
98,17,X,X,D,1,0.3552353156443686,0.3621488324612035,0.5748929988628542,0.3560089364870307
98,18,X,X,D,0,0.3779754676030771,0.3763390972505931,0.5331765837791943,0.3496595390087818
98,19,X,X,D,1,0.3866626499620881,0.3513052818668956,0.48090242159146,0.3605992909069304
99,0,X,X,D,0,0.2906643765695366,0.3682886836729932,0.514559729351875,0.4220264929547905
99,1,Y,Y,J,1,0.2718634323610121,0.3627005937356876,0.5200855589269162,0.433674375209219
99,2,Y,Y,J,1,0.2946854541140011,0.32345424972769,0.5362325826762288,0.4136240763285141
99,3,Y,X,D,0,0.3281108261078204,0.302764171355728,0.5199507117014048,0.3888503152162418
99,4,Y,Y,J,1,0.3415992724298654,0.3206847026349014,0.5512703965103501,0.4241620396359671
99,5,Y,Y,J,0,0.3667549107533574,0.2771446958462638,0.5331928689476509,0.4758966187822926
99,6,Y,X,D,1,0.342901423676835,0.2582071015620391,0.5331369723918682,0.4703817070170789
99,7,Y,Y,J,1,0.3418883066662636,0.2687462223737695,0.5138395596217055,0.4735258264680388
99,8,Y,Y,J,1,0.3329630462016024,0.2766840770538164,0.5079270625765762,0.5000446424416112
99,9,Y,Y,J,1,0.326196187325006,0.2952434983007503,0.5100232924102142,0.4938965559861308
99,10,Y,Y,J,1,0.3155352191945147,0.2982959880117462,0.5006888189991058,0.5243810467295212
99,11,Y,X,D,0,0.3212002401471001,0.3167110101675341,0.5129152399472049,0.537741301792694
99,12,Y,X,D,0,0.3435834693527752,0.3534975561493976,0.4779403901538224,0.5325335458697785
99,13,Y,Y,J,1,0.314579164546464,0.4035007779559815,0.5257228960597758,0.5452061693727766
99,14,Y,Y,J,0,0.3318556631255283,0.4113286242992289,0.5439543595030966,0.5696937940583878
99,15,Y,Y,J,0,0.3242502731162556,0.4176598356415636,0.5732470543833275,0.5839763734954437
99,16,Y,Y,J,1,0.3094885969093336,0.3759788854274252,0.5672565987805573,0.5370931407948576
99,17,Y,X,D,1,0.3507393466438759,0.3925476792876639,0.5964591517724249,0.559452914228534
99,18,Y,Y,J,1,0.3582223703390539,0.4214342743325443,0.6022592239608325,0.578230134148395
99,19,Y,Y,J,1,0.3910223635781856,0.4365799502751333,0.5635579440927196,0.5962881625975552
100,0,X,X,D,1,0.41747925964249366,0.26564648502816485,0.586043504368736,0.7231706797679153
100,1,Y,Y,J,1,0.4498528720120826,0.25,0.5786437393277513,0.6998218093884979
100,2,X,X,D,0,0.45943501797422776,0.266528967384401,0.5479173482335242,0.6956491619847031
100,3,X,Y,J,0,0.4969061809762963,0.25,0.5175519926528129,0.6658050731544427
100,4,X,Y,J,0,0.5222663199164835,0.261915366627984,0.5400812975840009,0.6492867910745207
100,5,X,X,D,1,0.5328134671741073,0.25449508180947505,0.5857672139540724,0.6554790813046034
100,6,X,X,D,1,0.5427823722481735,0.26555856340359285,0.5436363379534334,0.6687905652713173
100,7,X,X,D,1,0.5153117507139275,0.2511711155136848,0.5005799578900458,0.6014264941286789
100,8,X,X,D,1,0.5019524177303453,0.25,0.4995103382578847,0.6437888222936039
100,9,X,X,D,1,0.4878665776517246,0.25,0.4947618509465672,0.5672255451068893
100,10,X,Y,J,0,0.5092360649020665,0.25,0.48691127534796147,0.5825751345648658
100,11,X,X,D,1,0.49643142978648286,0.25,0.4935693719654434,0.600376674399353
100,12,X,X,D,1,0.5199225914622329,0.25,0.4424504689276224,0.6079607912348984
100,13,X,X,D,0,0.5160688480030231,0.2864566860492958,0.42462223425619655,0.5738528384849767
100,14,X,X,D,1,0.4615588799064373,0.2861897582728456,0.4226412231379152,0.5668774825422147
100,15,X,X,D,1,0.45254654383844023,0.2948585872247584,0.4642150604776881,0.5537086762029205
100,16,X,X,D,1,0.48619354466145653,0.31374561687814373,0.4085861537485589,0.5258043031364947
100,17,X,X,D,1,0.4781232753066818,0.3016149504054069,0.421333471558824,0.5850050469979913
100,18,X,X,D,1,0.4958677442277781,0.31336044709476923,0.4540214532608611,0.6028123421528117
100,19,X,X,D,0,0.500402491458604,0.2556942833075524,0.4670701325487586,0.6240548051039723
101,0,X,Y,J,1,0.7267509107902832,0.5326823717890924,0.7088642626409806,0.29045371194257885
101,1,Y,Y,J,1,0.75,0.5381985979700804,0.7160572177588495,0.26026529373004675
101,2,X,X,D,1,0.7200888136700564,0.5294919700542436,0.713923334773788,0.251684755493207
101,3,X,X,D,1,0.7050763068086903,0.5023938163121566,0.6891754968874657,0.2674957981443847
101,4,X,X,D,0,0.7159656938790128,0.5317224782675594,0.7062919578275166,0.2750239648612584
101,5,X,X,D,0,0.688909525540363,0.5575129982355289,0.6994064796796235,0.2712668093586566
101,6,X,X,D,1,0.677979164856248,0.565680442810803,0.7305027621722254,0.3066841811774056
101,7,X,X,D,1,0.6802521255602492,0.5616734224378457,0.7254827047632509,0.31076368550661765
101,8,X,X,D,0,0.6383864023822126,0.5364232591936031,0.7255856581683797,0.3555904861961231
101,9,Y,Y,J,1,0.6225014801676022,0.5391809182593612,0.6736549801940797,0.3371924870305285
101,10,X,X,D,1,0.5948805969478338,0.5387412431129261,0.637556537737261,0.34986159103165815
101,11,X,Y,J,0,0.5918905357037337,0.5751450536549557,0.65517575058662,0.35686609220685506
101,12,X,X,D,1,0.5546372385134252,0.6122871856455575,0.6565068108917957,0.3502038318265557
101,13,X,Y,J,1,0.5845385701554979,0.5837232724467113,0.7036427774484727,0.37438436901605926
101,14,X,X,D,1,0.6200253778944966,0.5959932755203071,0.6616848321415988,0.38896216791114835
101,15,X,X,D,1,0.6569576810149481,0.5796424276682065,0.6914028633576961,0.4001256699448128
101,16,X,X,D,0,0.6660443733733895,0.6041952064593024,0.7035582163526323,0.38040767393212616
101,17,X,Y,J,1,0.6697952456820074,0.593909778925965,0.6877879947819473,0.4146646301640745
101,18,X,X,D,1,0.6601077600451686,0.6066885887226825,0.7220812872461738,0.4282196819852293
101,19,X,X,D,1,0.6736724056363814,0.608720079750882,0.7010568258973209,0.4514454738106025
102,0,X,Y,J,0,0.3201706941801277,0.37098923952282253,0.3213706093041656,0.3018932940209285
102,1,Y,Y,J,1,0.3420735947157312,0.3726329087314856,0.2865221559644804,0.30273442144811896
102,2,Y,Y,J,0,0.3295530699032099,0.3989976896220549,0.3020610754021096,0.2618444481301242
102,3,Y,X,D,0,0.3569638092767282,0.37811762290274964,0.3330314248979768,0.26032193517253355
102,4,Y,Y,J,0,0.37503505908599793,0.3896578550334477,0.3694567073359575,0.2759246540960418
102,5,Y,Y,J,0,0.372656633411815,0.3828239427481136,0.35919788164979255,0.3110261972659607
102,6,Y,Y,J,0,0.37029346044297057,0.4039783408067106,0.3225745614518414,0.2692223181071784
102,7,Y,X,D,0,0.3637787138828271,0.40717769717782504,0.2963857025587228,0.25
102,8,Y,Y,J,1,0.35268828590055645,0.4067461618311321,0.3065454607153123,0.25
102,9,Y,X,D,1,0.3703903967742838,0.42555336674761,0.25,0.25
102,10,Y,Y,J,0,0.3201639827769409,0.4375159071278287,0.26855662981435724,0.25275699517670586
102,11,Y,Y,J,0,0.36965831683015327,0.44065735041391796,0.2817189320649097,0.25
102,12,Y,Y,J,0,0.3341225231238959,0.4604735668362339,0.29113609487369063,0.25
102,13,Y,Y,J,1,0.32447961700035755,0.49062539235152386,0.29068151918745444,0.25
102,14,Y,X,D,1,0.3387331638344959,0.5144886483941267,0.2816096837509531,0.2780355699783954
102,15,Y,X,D,1,0.3662861844491109,0.5269359756425506,0.2673929982130745,0.3080468063708609
102,16,Y,X,D,0,0.3623186562419744,0.5669604447252177,0.2739119755653758,0.29591655711854237
102,17,Y,Y,J,0,0.3684529482157132,0.6107298228759948,0.25,0.32906735730810227
102,18,Y,Y,J,0,0.3480509413306746,0.6341756842388782,0.25,0.3522801987680886
102,19,Y,X,D,0,0.30562326252436217,0.6614159134950333,0.2716500504804851,0.36814390044138395
103,0,X,X,D,0,0.6144603459630604,0.7403541906031231,0.2926272250396964,0.4476607226984156
103,1,Y,X,F,1,0.6117237650231859,0.7145133130545873,0.2986543199379231,0.4402968462408219
103,2,Y,Y,J,0,0.5643218254747632,0.7440504200927451,0.29508843623043557,0.42802515120139484
103,3,X,X,F,1,0.5772681424643221,0.716565585768941,0.30773617014090415,0.4482937305128445
103,4,X,X,F,1,0.5630639543181214,0.75,0.3325709720161825,0.427659541401084
103,5,X,X,F,1,0.5680059093667829,0.75,0.33001235672997864,0.426349103810628
103,6,X,Y,J,1,0.5956988126547129,0.75,0.3677287818217004,0.4392294466089088
103,7,X,Y,J,0,0.5834836987432696,0.75,0.4151378151394014,0.43740834244697435
103,8,X,X,F,1,0.615403290168779,0.75,0.38231714468187383,0.3970005657978116
103,9,X,X,F,1,0.6098923460718534,0.7256368768283653,0.41738377272513816,0.38869613093673155
103,10,X,X,F,1,0.5760385098070165,0.6815812871166651,0.4590296208606885,0.3976695586326987
103,11,X,X,F,1,0.587288995084523,0.6975769214131016,0.41958390164832954,0.3840748393434418
103,12,X,Y,J,1,0.5867514806214191,0.7075553987436356,0.4217934824142658,0.4013252566380858
103,13,X,X,F,1,0.5715377802710692,0.7089285844141652,0.4695284294426188,0.3898115212455615
103,14,X,Y,J,0,0.6100200113348309,0.694962025993926,0.45211486088937203,0.3361394219164104
103,15,X,Y,J,0,0.6164324714728585,0.6820406753618661,0.48223874406776873,0.3493574510377619
103,16,X,X,F,1,0.6307514575005125,0.6978225286618914,0.48122889343787706,0.3206595407244584
103,17,X,Y,J,0,0.647559587329644,0.7048207045452056,0.46517341095498455,0.32315690953029896
103,18,X,Y,J,0,0.662966412483739,0.6944790638140865,0.4784427340779126,0.3485040797556486
103,19,X,X,F,0,0.6974240185243694,0.6952293813063114,0.46486942599030034,0.35454567024772127
104,0,X,X,D,1,0.7281176085810332,0.5361871874836253,0.46612217600753064,0.4350182887008173
104,1,Y,Y,J,0,0.7170737003090035,0.5413614898048973,0.47306792432606787,0.43408051112571033
104,2,X,X,D,1,0.7111324376998749,0.5230285780008168,0.4592598538752369,0.4263643963126173
104,3,X,Y,J,1,0.731609119926952,0.5625911787444738,0.4644548806147462,0.4472413559674259
104,4,X,Y,J,0,0.7477686466452812,0.6129684088549612,0.4692774586877496,0.4381997387402866
104,5,X,X,D,1,0.7420125611134321,0.637996317352542,0.42191718452114985,0.43584401329266004
104,6,X,Y,J,0,0.7112773190588002,0.6513310600286286,0.4150368534248844,0.42904276625525756
104,7,X,X,D,0,0.701899980293199,0.6357020412225874,0.43907418552007643,0.42353231134192243
104,8,X,X,D,1,0.7204579546549296,0.6309980805692215,0.41967484070967975,0.4049301150186296
104,9,X,X,D,1,0.7115000679849695,0.6136713814752771,0.4106131420293449,0.430967311682598
104,10,X,X,D,0,0.7190765776901453,0.6373084797012029,0.4067491633280854,0.4212018287225646
104,11,X,X,D,1,0.7304768010603865,0.6746832890547302,0.4309896100276556,0.4007394197745395
104,12,X,X,D,1,0.75,0.6461921915790115,0.4324682071634641,0.3921461099951921
104,13,X,Y,J,1,0.7340792486881905,0.6291519751946976,0.43617851457554596,0.42516714518993504
104,14,X,X,D,1,0.7358583278281295,0.6193745147319373,0.4415516039683598,0.4324696885453923
104,15,X,X,D,0,0.7204404613380901,0.6297668837002587,0.4394169695933053,0.45082588472263746
104,16,X,X,D,0,0.75,0.6711207033029891,0.45823284577601775,0.42746872522423995
104,17,X,Y,J,0,0.7211110521960844,0.6788372281303964,0.44757862809238463,0.37641265702963983
104,18,X,X,D,1,0.7189307129641785,0.6635117161373276,0.45069715783067466,0.4080389487508085
104,19,X,X,D,1,0.7476201738810001,0.6540913998545685,0.41709735423255934,0.3928986224164568
105,0,X,X,D,0,0.2819358337221328,0.6701707670387665,0.6956365686365255,0.6098091565300443
105,1,Y,Y,J,1,0.28104317271236573,0.6129783754329977,0.7075894862458993,0.6090048643398515
105,2,Y,Y,J,1,0.30196096946052664,0.5882233541592817,0.6575936654538173,0.6448958088504098
105,3,Y,Y,J,1,0.2541720649514771,0.5575837041472038,0.6089118775170193,0.6432439888449281
105,4,Y,X,D,1,0.2502872088464054,0.5326833749487754,0.62300189627167,0.6454273772590806
105,5,Y,Y,J,1,0.25,0.5573364087493539,0.619439169753612,0.6605871592923583
105,6,Y,Y,J,1,0.2744403834812465,0.5788912769917183,0.6585929089272773,0.6664355633674162
105,7,Y,Y,J,1,0.3181974709198229,0.5932029991118559,0.6714805136814813,0.6850726362548256
105,8,Y,Y,J,1,0.30849617636891613,0.5703000674482951,0.6702514355291515,0.6915594039037142
105,9,Y,Y,J,0,0.28049774287451357,0.5816327804089904,0.6714697319474827,0.6815537369457292
105,10,Y,X,D,0,0.25,0.6114847655123884,0.6928833872078238,0.7011687817144672
105,11,Y,X,D,1,0.2525799948967802,0.6396489839228843,0.6949808629088603,0.7144393910497486
105,12,Y,Y,J,1,0.27574743141160946,0.6027173352500835,0.7008925325355385,0.75
105,13,Y,Y,J,1,0.33631302008931985,0.5849532892852428,0.7273691804776263,0.75
105,14,Y,Y,J,1,0.34798064536569107,0.5842328169971118,0.6627804703560959,0.7135806862307337
105,15,Y,X,D,0,0.355087349286711,0.6080513664964178,0.6634693019487362,0.7113532259545322
105,16,Y,Y,J,1,0.3356288213133063,0.5900047557496424,0.6670539724100711,0.7438615373418217
105,17,Y,Y,J,0,0.2809251156855342,0.5645149563820362,0.6505771725477948,0.75
105,18,Y,X,D,0,0.2792787062110008,0.5943763741901947,0.6564664415302625,0.6774151022852885
105,19,Y,Y,J,1,0.25,0.5341041991228302,0.6311193198549815,0.6688119164689902
106,0,X,Y,J,1,0.4370732581823199,0.389063183114688,0.25025420745105764,0.43896629491791805
106,1,Y,Y,J,1,0.45342322016769876,0.3368923217682585,0.25,0.469413151762996
106,2,X,X,D,0,0.45543235675132654,0.30217230489674535,0.25313805909417925,0.4831919588287825
106,3,X,Y,J,0,0.43385619853263047,0.3048992306276981,0.25,0.489972081437729
106,4,X,X,D,0,0.39681677951361166,0.3476605463967902,0.25,0.485371729624615
106,5,X,X,D,1,0.39838022845245813,0.39956108064535123,0.25055092731003725,0.49381823850099904
106,6,X,X,D,0,0.4043623606873173,0.4038471674439828,0.25,0.48861847726760277
106,7,X,Y,J,0,0.39065197093648846,0.3690013187851814,0.26254581804908994,0.4808818273369752
106,8,X,X,D,0,0.38154688008987536,0.3826028052343728,0.25,0.5196425269188324
106,9,X,X,D,1,0.41151684027178614,0.43463674160827775,0.28358838359851896,0.4940013354346393
106,10,X,X,D,0,0.39886523177948663,0.44221017467630475,0.28520661721840973,0.47181944034234297
106,11,X,Y,J,0,0.41501154635950877,0.4501643517213764,0.3095823695099809,0.46300921153857355
106,12,X,X,D,0,0.42530655745949975,0.48213672853459133,0.277325823290016,0.4474692760658615
106,13,X,X,D,0,0.40885343269897856,0.5515775908727641,0.2555039534902768,0.3913972446656495
106,14,X,Y,J,0,0.4145262063362853,0.5730194185743063,0.25,0.35654300831285446
106,15,X,Y,J,0,0.4290490655086768,0.5530790346237879,0.2522453589471782,0.3292376106803168
106,16,X,X,D,0,0.43756475972443437,0.5599103992955545,0.2808918410982809,0.29419629275051784
106,17,X,X,D,0,0.40689249108662673,0.5940232059559778,0.28429521247491873,0.2938865426263071
106,18,X,Y,J,0,0.40727336544389664,0.6077365051845443,0.2653177419300639,0.302129344911455
106,19,X,X,D,1,0.47368811713092257,0.583486245421719,0.25,0.3351569374714184
107,0,X,X,D,1,0.26400937183759554,0.6147878598522878,0.3175238005219901,0.7071773679700131
107,1,Y,Y,J,0,0.28083655233746796,0.6353468387260791,0.32367076753691426,0.7212611074380914
107,2,X,X,D,0,0.25997080883241513,0.579463871254793,0.2770372630262417,0.75
107,3,X,X,D,1,0.2829923860811431,0.5448777582799277,0.2904411070815408,0.7380940976450205
107,4,X,X,D,0,0.2776465889313159,0.5703113413103902,0.3217093870703546,0.7184629542293794
107,5,X,X,D,0,0.27574643242698016,0.5770856095075628,0.31861631580973926,0.7360658537367119
107,6,X,X,D,0,0.2774545647553926,0.5416290656102839,0.34343431520702766,0.7466349170857259
107,7,X,X,D,1,0.30393083954525724,0.568373015842561,0.3778856921882363,0.7340561899417528
107,8,X,X,D,0,0.3204107873914155,0.5702056840709269,0.3986493207110075,0.75
107,9,X,X,D,1,0.34439084696888717,0.5832363658830577,0.4225888596615611,0.7261420591490707
107,10,X,X,D,0,0.35313039558536363,0.5963672017081343,0.40517323320224824,0.7295092604160485
107,11,X,Y,J,0,0.3676403515361964,0.6218208852346143,0.3752016799760556,0.7252897048316493
107,12,X,X,D,0,0.36233285198363696,0.626410445188796,0.41263261716096833,0.7358440108942917
107,13,X,X,D,1,0.3160471202531196,0.6515285741818199,0.44241427781360493,0.75
107,14,X,X,D,1,0.30198744786407794,0.6308923963352415,0.4573166728115022,0.75
107,15,X,X,D,1,0.2590610024869733,0.582649455009574,0.5204251430052861,0.7434961365792235
107,16,X,Y,J,1,0.2823764532916122,0.5542626740362323,0.524122974133727,0.7135120559829214
107,17,X,X,D,0,0.286902962495762,0.532100223339842,0.5155590878712626,0.660614752561437
107,18,X,X,D,0,0.29226878046224625,0.5329310358528428,0.5213873102178268,0.6757370860452634
107,19,X,X,D,0,0.2757490488234994,0.5548192231692607,0.554749230887343,0.6712949855687717
108,0,X,X,D,1,0.25970149413760063,0.4728637247817137,0.3917935770483916,0.6965462154024012
108,1,Y,X,D,0,0.25,0.47110533591927184,0.431878064314198,0.6589789902498522
108,2,X,Y,J,1,0.29480897903097475,0.45820197227533727,0.4486039672233746,0.6193512678028358
108,3,X,Y,J,0,0.2626534621108203,0.49749839545175445,0.4355463272122774,0.5986085716751433
108,4,X,X,D,0,0.26269445775717065,0.48117066041940393,0.39676228534395863,0.5804160090706936
108,5,X,Y,J,1,0.25,0.48284488572257156,0.4027044389964922,0.5341272849883905
108,6,X,Y,J,0,0.25,0.4977449938303086,0.4066312391763536,0.5530504066745274
108,7,X,Y,J,1,0.2504135740900523,0.5449853867482275,0.42907991912800264,0.5592961415609843
108,8,X,X,D,0,0.2711732594762961,0.549005051353911,0.37473818399986714,0.5642710862612609
108,9,X,X,D,1,0.29725172379139525,0.5621977189369007,0.35396131790632207,0.5512636423305938
108,10,X,Y,J,0,0.3421400314094576,0.5173379004756592,0.31270219724358295,0.535327486537659
108,11,X,X,D,0,0.3624498603909597,0.45498583257786795,0.3479870444413754,0.553899684599289
108,12,X,X,D,0,0.3583517154885732,0.45833047011508,0.32596378064516185,0.5595565747744797
108,13,X,X,D,0,0.3662034714151988,0.4862245634009156,0.36039398657544536,0.5967263067715417
108,14,X,X,D,1,0.432750628575969,0.5229050953930361,0.3680421605128644,0.596623803397624
108,15,X,X,D,1,0.4443543199679274,0.5502589479561649,0.3783794382559864,0.6095211729998982
108,16,X,Y,J,1,0.4956028020154291,0.574930459206746,0.36017886830897616,0.6222086325335969
108,17,X,X,D,1,0.5387776004534088,0.5837603207050008,0.3238491978381117,0.655331682654696
108,18,X,X,D,1,0.5649157622557122,0.5481151465465076,0.3408005652822224,0.671569735726259
108,19,X,X,D,1,0.5678660420877351,0.5429364213897953,0.3619754064603355,0.6928590450519881
109,0,X,X,D,0,0.3749372607185153,0.6922437998737548,0.7085792445149472,0.28526009861706914
109,1,Y,Y,J,1,0.3817886454554096,0.7090567536323118,0.7338958220780466,0.301868376039603
109,2,Y,Y,J,0,0.3485126640173809,0.75,0.7273849710979625,0.30581212779273603
109,3,Y,Y,J,0,0.33544463039991346,0.75,0.6991015369203634,0.3241114798938797
109,4,X,Y,J,0,0.37473028563669375,0.75,0.6845724442721915,0.3063839406227435
109,5,X,X,D,1,0.3678611965647119,0.75,0.7084506132007993,0.30471429873389533
109,6,X,X,D,1,0.3575164257699037,0.7087065746844015,0.7344026668829623,0.29285452055081795
109,7,X,X,D,0,0.37586349752073245,0.7335341413179985,0.7214015115778438,0.3497561603553375
109,8,X,Y,J,0,0.44839533083657,0.75,0.7136193991533286,0.35291396644317014
109,9,X,X,D,1,0.4825346589978293,0.7424073744050714,0.7077213610098806,0.346495660134656
109,10,X,Y,J,0,0.47243263614527303,0.75,0.7359662790326998,0.3365853645169498
109,11,X,Y,J,1,0.44973606339883854,0.75,0.7130618091415193,0.3480288791523427
109,12,X,X,D,1,0.41501565678255914,0.75,0.7477541987453239,0.3491585041216221
109,13,X,X,D,0,0.42442397287590594,0.75,0.7187772723586879,0.36980021767860904
109,14,X,Y,J,1,0.3642598893251318,0.75,0.7125318398327259,0.41245871357935354
109,15,X,Y,J,1,0.3308625912359088,0.75,0.7150686832970082,0.38879723108066955
109,16,X,Y,J,1,0.3540978931824068,0.7341453218604828,0.6963402311010374,0.3751819114088605
109,17,X,X,D,0,0.38508226075758506,0.7432454521563028,0.7369254261714511,0.34566620864417025
109,18,X,Y,J,0,0.3966442801606452,0.7294057240796624,0.7448206138492064,0.3786577453114019
109,19,X,X,D,0,0.43130359977093935,0.7034285213520146,0.7323059549221411,0.42419162654005715
110,0,X,Y,J,0,0.5122037526483154,0.5114118030884743,0.6581680731253368,0.5560254719878438
110,1,Y,X,D,0,0.5324945908083656,0.44719579834696294,0.6751030990025295,0.5256287438485606
110,2,X,Y,J,1,0.5335509334262384,0.43978963300502505,0.6543861580433483,0.5200198965273786
110,3,X,X,D,0,0.4783709890680434,0.43377155473199863,0.6500903172861167,0.5131213052745395
110,4,X,X,D,1,0.5071597341490757,0.43909117709336903,0.6501055174260227,0.5267319377923844
110,5,X,X,D,0,0.5011393360258953,0.4575800489550359,0.6657835932335832,0.5404467861166403
110,6,X,X,D,0,0.49939368432761344,0.4411192137670314,0.6623892242892419,0.51503306241325
110,7,X,Y,J,1,0.509963997431536,0.46989369025000205,0.6668720212774878,0.5163043317737703
110,8,X,Y,J,0,0.5247845899820884,0.4559447184258624,0.6602645992481516,0.5175140504928807
110,9,X,Y,J,1,0.5056251852788199,0.4851783442925203,0.6758935122630955,0.5293707047746288
110,10,X,X,D,0,0.5021156802148868,0.4651855498097313,0.685098391657192,0.528568279811145
110,11,X,X,D,0,0.46284961398205393,0.45703138331180077,0.7043572886366453,0.5126855892156801
110,12,X,Y,J,0,0.48693641175856994,0.47652338904239033,0.7129503387491717,0.4930160556429006
110,13,X,Y,J,1,0.5011369985867287,0.43392080550181567,0.7215237373643412,0.5096636961549272
110,14,X,Y,J,1,0.5440421516012531,0.4013476636058499,0.75,0.5163456022287427
110,15,X,X,D,1,0.5417038135793316,0.41150686699303485,0.7478645882713726,0.49924032488539477
110,16,X,Y,J,1,0.5444052806748568,0.39863838900916654,0.7349017221801888,0.47916616029526476
110,17,X,X,D,1,0.5363031735329411,0.4079721345214616,0.7324593812047034,0.4740738578501631
110,18,X,X,D,1,0.5866097699746332,0.44029034402056205,0.7297805834021386,0.47460254358800924
110,19,X,X,D,0,0.6089267183588336,0.47141733849581907,0.7297774677555454,0.4907035575868015
111,0,X,Y,J,0,0.735851120415051,0.445802179406271,0.3540909164512008,0.3066204186524561
111,1,Y,Y,J,0,0.6974639520847864,0.4176393807781617,0.36554474386656766,0.2724740861258299
111,2,X,X,D,1,0.6797508297001789,0.41227478645947957,0.4067780696015841,0.25
111,3,X,Y,J,0,0.6553594439851745,0.42153863978543,0.3950067031411887,0.25
111,4,X,X,D,0,0.6177788755576957,0.43341312250686287,0.38052311499665514,0.2736976463676653
111,5,X,X,D,0,0.6195543520534991,0.4453002339827186,0.421167378258434,0.257113463242207
111,6,X,X,D,1,0.6097417159884039,0.4203671548550856,0.42192873677669473,0.2856967614476324
111,7,X,Y,J,1,0.6045760491020644,0.4450896939668115,0.4179881325022202,0.30010194569043136
111,8,X,X,D,1,0.6297241964742165,0.3941086061865944,0.42050435215438764,0.3395272988639846
111,9,X,X,D,1,0.6010391616020347,0.3881033954201409,0.4011144184210565,0.35546714085456305
111,10,X,X,D,1,0.6394850397261368,0.40832829467257414,0.3781170756089577,0.35439322225217673
111,11,X,Y,J,0,0.6206510864370146,0.4023467132208245,0.36072252847443087,0.32585938369695383
111,12,X,X,D,0,0.6336979492175089,0.40317162841233606,0.38432352235683276,0.33050764559670864
111,13,X,Y,J,0,0.6470341299180733,0.37761704892818554,0.375396898363452,0.30068270759402893
111,14,X,X,D,0,0.6202297678476327,0.3578370762226661,0.3893944191909494,0.30862160621777407
111,15,X,X,D,0,0.6000540073979801,0.3376782571095742,0.3536342034651322,0.2824464732601973
111,16,X,X,D,1,0.6090051400066797,0.3199689236229524,0.32993261260380846,0.27889986569120767
111,17,X,Y,J,0,0.5884757143114514,0.26630804721281043,0.35807449993457235,0.2652451637431117
111,18,X,X,D,1,0.5841417371036407,0.26321878444513364,0.3862266066220475,0.25
111,19,X,X,D,0,0.5988773086434136,0.27262436003173074,0.3775488920146954,0.25
112,0,X,X,D,0,0.3284667618632335,0.5384689068450048,0.45763021034045914,0.4223933784956613
112,1,Y,Y,J,1,0.3024027883314677,0.5509137271150433,0.4343392412013028,0.441829124764998
112,2,Y,Y,J,1,0.32099807078847453,0.536079475414029,0.4189893218735047,0.44008492950205347
112,3,Y,Y,J,0,0.3656137026988304,0.5442381503080373,0.3831251269134473,0.41021424425952313
112,4,Y,X,D,0,0.3815310751048292,0.524043228794801,0.41421900876432816,0.40475307072440647
112,5,Y,Y,J,0,0.43103179426822635,0.5386114660732189,0.4386802393061037,0.4220973350356337
112,6,Y,Y,J,0,0.408812193800528,0.5313026644745024,0.4480481457729283,0.4407933578683701
112,7,Y,Y,J,1,0.39378989688702726,0.5330543143927005,0.49571447913759087,0.4459930756645459
112,8,Y,Y,J,1,0.35840863570366743,0.5364086100323098,0.5136166506885131,0.441992282576996
112,9,Y,X,D,0,0.3682520373460797,0.5671980834186449,0.5204341908618431,0.43284109238409973
112,10,Y,Y,J,0,0.3549485587202905,0.5352764357932195,0.5440131624918136,0.47829674632601826
112,11,Y,X,D,0,0.3837568222906711,0.5807511140318717,0.5453189710097393,0.4342597291873747
112,12,Y,Y,J,0,0.37463040187905056,0.5657942673540128,0.5944590170424122,0.4326607072485268
112,13,Y,Y,J,0,0.3569055656987637,0.5735370097765065,0.5597492584234995,0.4140862486219594
112,14,Y,Y,J,1,0.38043600369473274,0.5389927840893947,0.5292587767604657,0.39953324126112894
112,15,Y,Y,J,1,0.3880672752860094,0.5418861134020709,0.5156401360233914,0.41236393879288635
112,16,Y,Y,J,1,0.4381248945078182,0.511299295298137,0.4786800703334786,0.44097978159805046
112,17,Y,X,D,0,0.4387902722227622,0.5112549586966953,0.4766165007921621,0.45343538283223594
112,18,Y,Y,J,1,0.44064996123936284,0.5587279297540617,0.4415185391973013,0.4613044710568732
112,19,Y,Y,J,1,0.45590850827447443,0.5225629857317581,0.449763016992236,0.46068295508512436
113,0,X,X,D,0,0.5015780671996127,0.2592158807290847,0.42267526890705065,0.6205848897906348
113,1,Y,X,F,1,0.4610227298943321,0.27427499213671996,0.4388760234929033,0.6238676462257112
113,2,Y,Y,J,0,0.5023050930836107,0.2864293574916441,0.41103320820280304,0.6029125918433427
113,3,X,Y,J,0,0.49882115981632774,0.30721163157288056,0.39207706778830625,0.5811782691493157
113,4,X,X,F,1,0.4677905428588827,0.2883053876895028,0.39324523835322667,0.5781580400841906
113,5,X,X,F,0,0.4977269783941159,0.2713049434543654,0.41349561133236734,0.5546831570601128
113,6,X,Y,J,0,0.5083491930345461,0.25302117797887713,0.4081048319675398,0.5829049492188219
113,7,X,X,F,1,0.5034329887108635,0.25,0.40928435378720096,0.5663037733848367
113,8,X,X,F,1,0.5226600140323887,0.25,0.4493206609692919,0.5828232382672719
113,9,X,X,F,0,0.5230694486543616,0.27086375141594327,0.4844237443108259,0.5698795185333169
113,10,X,Y,J,1,0.5649589837927425,0.25,0.4713758691196349,0.583256838259644
113,11,X,X,F,0,0.5642893949409423,0.28229866362958894,0.47525245515083575,0.6138755095974171
113,12,X,X,F,1,0.5739179160793078,0.2679606585229919,0.44492996191056555,0.6204706964499986
113,13,X,X,F,0,0.5986352499891531,0.2735755181803752,0.46291742249893847,0.6269024262710013
113,14,X,X,F,1,0.5905899611611451,0.2782081962503483,0.4781558504650919,0.6544259685027654
113,15,X,X,F,0,0.5703460407571939,0.2680388974760403,0.5022075507399978,0.6733205417688689
113,16,X,Y,J,0,0.5681608763137063,0.2590783618961529,0.4928004118266243,0.662821284989474
113,17,X,X,F,0,0.6045540705498406,0.25,0.47956058024989123,0.647968376559816
113,18,X,Y,J,0,0.5667962046076679,0.2551300043958038,0.5120600353148813,0.6409882603959616
113,19,X,X,F,0,0.6162615641885044,0.2784413719108082,0.5465218797884334,0.600876110502454
114,0,X,Y,J,0,0.3439010802330328,0.2885876132430486,0.5925372716990093,0.43946238391571346
114,1,Y,Y,J,1,0.32577184122534786,0.2931948454143508,0.5746275550013906,0.43189556113989014
114,2,Y,Y,J,0,0.2733326459645783,0.31356670746197446,0.5722162485228829,0.43545146263105955
114,3,Y,X,D,1,0.25,0.3003931451774234,0.5700318308611698,0.3953705988250664
114,4,Y,Y,J,0,0.25743967728850853,0.2537869506904656,0.6080664429122471,0.39904387617880704
114,5,Y,X,D,0,0.28887601087048864,0.3033312971538571,0.6366393648022546,0.3965508630586561
114,6,X,X,D,0,0.2737050699557193,0.3213749386132146,0.6427272595598568,0.38318292318887587
114,7,X,X,D,0,0.2502299839930212,0.3229699983018385,0.6109213756632149,0.3944142604878791
114,8,X,X,D,0,0.25,0.3432857181157052,0.6268618897663172,0.4058489878422374
114,9,Y,Y,J,1,0.2746408305365997,0.3222606620780148,0.6239951647830271,0.3847220056894774
114,10,Y,Y,J,1,0.2800335824731352,0.3365995797852206,0.5867687693037533,0.393318687817996
114,11,Y,Y,J,1,0.25,0.3476527093639783,0.5615699492953643,0.43250226551795107
114,12,Y,Y,J,1,0.25,0.3609023510596719,0.519256580751156,0.41467031991423575
114,13,Y,X,D,1,0.25,0.3852678921491285,0.48263521059272657,0.4350179402849972
114,14,X,Y,J,0,0.25,0.37707212832514153,0.47882030770066475,0.43381255870011803
114,15,X,Y,J,0,0.2686167487842693,0.4013227823710123,0.49717600849892957,0.44212135182630863
114,16,X,X,D,1,0.2616904038153013,0.42146136946313806,0.48838799462564664,0.41489538351541144
114,17,X,Y,J,1,0.2508342583359594,0.3999383293707466,0.4792271225048919,0.4235360290650436
114,18,X,X,D,0,0.26937528115140447,0.3771432141499475,0.4947846698913243,0.39775362297304573
114,19,X,X,D,0,0.2675257766425811,0.37631923037329473,0.5155725335265803,0.3967330962307996
115,0,X,X,D,0,0.39606086149546543,0.6582491836441567,0.34230113333320555,0.715935644053946
115,1,Y,Y,J,0,0.37524781140035346,0.6415900505973781,0.3691956660905525,0.7216995014351039
115,2,X,X,D,0,0.37573951216626905,0.6355370066514485,0.3870938034061969,0.7214629610539971
115,3,X,X,D,1,0.43425791343009207,0.6303323441996682,0.3706235227252184,0.735259683618236
115,4,X,X,D,0,0.4803138846904121,0.604577981661455,0.37156177055915024,0.75
115,5,X,X,D,1,0.44391188538941184,0.6058430937617525,0.38472075552163676,0.75
115,6,X,X,D,1,0.4291758546319119,0.5734989891192994,0.3966905533430666,0.7419165450994236
115,7,X,Y,J,1,0.44830890682738767,0.5825145200320556,0.36428726788222154,0.75
115,8,X,Y,J,0,0.47881079741422894,0.5650514279514652,0.36827822900056023,0.75
115,9,X,X,D,0,0.5115420932676633,0.5695999571639717,0.39118897955072807,0.7469310578430799
115,10,X,X,D,0,0.5145800688489134,0.5877069908322547,0.3741423620789713,0.6874032965737625
115,11,X,Y,J,0,0.48117303301083625,0.606525409513181,0.38869475093107625,0.6584457215922515
115,12,X,X,D,0,0.4529196915213562,0.5704895579903285,0.3738564087145808,0.694827604859597
115,13,X,X,D,1,0.47236452309676435,0.6125087315275688,0.3287474071672686,0.7405251625188101
115,14,X,X,D,1,0.5154870765001844,0.5915925499910927,0.3692545439464116,0.6849394557073006
115,15,X,X,D,0,0.4868783810298896,0.5488405776546864,0.35881154667779774,0.6692602472327047
115,16,X,Y,J,1,0.45800614921788196,0.5660885495417426,0.3881300013047626,0.6786994096832087
115,17,X,Y,J,0,0.4688277938111205,0.5616471002102658,0.3683881417263919,0.6528933019743941
115,18,X,Y,J,0,0.44457367558884786,0.6164128451517853,0.35542111659140035,0.6480919387342425
115,19,X,Y,J,0,0.44795128029318376,0.5698074193146181,0.3737654170941693,0.653992462625084
116,0,X,Y,J,1,0.6311208089048951,0.6186662578165756,0.732677402151362,0.4303659745836082
116,1,Y,Y,J,0,0.6226015802005831,0.6481010132226197,0.7434590702856381,0.4397630261526404
116,2,X,X,D,0,0.5892227226538006,0.6335593010048356,0.75,0.4210861067802839
116,3,X,X,D,1,0.5759653010516712,0.5930460553555114,0.7318795714083346,0.4018278919876925
116,4,X,Y,J,1,0.6212785786661749,0.5802881475852634,0.75,0.3810328949105319
116,5,X,Y,J,1,0.6117257142245539,0.6230452265196036,0.7187027219046787,0.37947246113447897
116,6,X,X,D,1,0.5859224077424801,0.6223024726661683,0.7145982704521852,0.3402119964549837
116,7,X,Y,J,1,0.5801599279349912,0.6243291825092011,0.7007598384123008,0.3550041510337779
116,8,X,Y,J,1,0.5696973284498078,0.6827678181647522,0.7461465979347977,0.3179853417373372
116,9,X,X,D,1,0.5978032371829739,0.7050553623379496,0.7494293671238766,0.32978911067543304
116,10,X,X,D,1,0.5972940892426176,0.651406054164542,0.7388966516880615,0.3333287426724738
116,11,X,Y,J,1,0.5894055205597756,0.6688953506444308,0.7327765618183864,0.3322708646539343
116,12,X,X,D,1,0.5952874698056185,0.6820080167127555,0.75,0.3107283073229936
116,13,X,X,D,1,0.601039921256548,0.7085389150635686,0.75,0.3377685541852371
116,14,X,Y,J,1,0.5774846350605951,0.702370033256364,0.75,0.31301467214212303
116,15,X,Y,J,1,0.5717771047934905,0.7242496099695999,0.75,0.32501935530644993
116,16,X,X,D,0,0.5927474410163575,0.7255090695484513,0.7413322311908018,0.33371983727116306
116,17,X,X,D,1,0.569507404624376,0.709603008889942,0.6977736151092262,0.32761255150378277
116,18,X,X,D,1,0.5736442600149202,0.7054132540037906,0.7019627823609812,0.33840284542790583
116,19,X,X,D,0,0.5840952429520855,0.6744861397943019,0.708099322771219,0.3648076095931802
117,0,X,X,D,0,0.3822325772958569,0.7331654880045116,0.28246227965442033,0.5118833620185406
117,1,Y,Y,J,0,0.41123027127385553,0.7333882089728359,0.319087060191779,0.5153873409151475
117,2,X,X,D,0,0.44890476646370864,0.7097187439208287,0.2938631193397159,0.5027156415781993
117,3,X,X,D,1,0.5073362977815481,0.7024993935176546,0.30086843400107377,0.5047817577602992
117,4,X,Y,J,0,0.47945738961439677,0.7387499527232109,0.30898836130598567,0.47194020873053744
117,5,X,Y,J,0,0.4836114777671563,0.7195178880333234,0.2961417618035487,0.5006280795407188
117,6,X,X,D,0,0.49366310500845606,0.725929803397234,0.30088469815173907,0.49773076406724814
117,7,X,Y,J,1,0.5054515598692697,0.7152623022557726,0.33880534151673947,0.4750655862422074
117,8,X,Y,J,0,0.4995730896891333,0.75,0.30959008927317966,0.4886214051294723
117,9,X,X,D,1,0.5015314901662743,0.7343228646414693,0.34980742521989466,0.4840768364579752
117,10,X,X,D,0,0.528658742482963,0.7263399883684839,0.3013104951965689,0.49271741088433113
117,11,X,X,D,1,0.5155016866643041,0.70990904857165,0.2755661982533059,0.49300099678307063
117,12,X,Y,J,1,0.5191129608383191,0.7367093702646587,0.29198684354931986,0.4993303307511745
117,13,X,X,D,0,0.5220051294945011,0.7196413177419136,0.2645387447014196,0.49684065301197217
117,14,X,X,D,0,0.5265777691235176,0.7414610464103468,0.2759982709257568,0.5204635209595064
117,15,X,X,D,1,0.5604245324306811,0.7438179857565457,0.3106892112129441,0.5414285292595851
117,16,X,X,D,1,0.49602813626055203,0.7268850938452464,0.2704355753305002,0.5503332757375796
117,17,X,Y,J,0,0.5166996157429251,0.684085172162288,0.3085055795890983,0.5370391933923994
117,18,X,X,D,1,0.535038798157383,0.6705510405554549,0.3222036125854126,0.5267370849057473
117,19,X,X,D,1,0.5341009098750011,0.6622083496977937,0.31232380775534385,0.5304056716987227
118,0,X,X,D,1,0.6876650306529757,0.6155116234729547,0.28157150150189225,0.5006609095517185
118,1,Y,Y,J,0,0.6750771085810922,0.6015868559286738,0.30199505666833854,0.49927086365221357
118,2,X,X,D,1,0.7110389617870075,0.6303779555686877,0.2872597455819209,0.47966026276731866
118,3,X,X,D,0,0.7161208654035464,0.6452156985211875,0.26126673682686663,0.5099662534806242
118,4,X,X,D,1,0.7463305791646947,0.6292611507669444,0.27044390162172677,0.5109044701311718
118,5,X,X,D,1,0.75,0.6175501105755836,0.25,0.48506111145478537
118,6,X,Y,J,0,0.7128035647204247,0.5953889288082418,0.25,0.4354820459636227
118,7,X,X,D,1,0.7360073481955848,0.5755854739383411,0.29749204527005124,0.4378372229612701
118,8,X,Y,J,0,0.75,0.5980577726514621,0.32882506323973626,0.43279182349110057
118,9,X,X,D,1,0.75,0.6366549332043153,0.3503100149795168,0.42627831010700573
118,10,X,X,D,1,0.75,0.6308566097196694,0.3164161534798178,0.4370418670060358
118,11,X,X,D,1,0.75,0.6527355011332423,0.36511151407502074,0.44798349807519566
118,12,X,X,D,1,0.75,0.6401305185017044,0.34261824848328626,0.46009275861323456
118,13,X,Y,J,1,0.7370160632634589,0.6413989230933314,0.31510062209796347,0.45540632941121634
118,14,X,X,D,1,0.75,0.6167647243851901,0.32135233989642975,0.408563301957493
118,15,X,Y,J,0,0.75,0.6474922827688306,0.35772938260301207,0.4100606421527151
118,16,X,X,D,1,0.75,0.6584840077007644,0.3417178199782087,0.4800050091519779
118,17,X,X,D,1,0.7486472473249631,0.6022696879187255,0.33305901369321783,0.49378374424106686
118,18,X,X,D,1,0.7347894675683005,0.5998923031568231,0.29656755277666036,0.4816329183566666
118,19,X,X,D,0,0.75,0.5817906957751261,0.2959939490852968,0.4951703506723014
119,0,X,X,D,1,0.497082041433083,0.7071699686785959,0.2871410295915277,0.5243432436388219
119,1,Y,Y,J,1,0.49986856194896573,0.6864570051351605,0.32086609508244135,0.5302226397066677
119,2,X,Y,J,0,0.5151470681737158,0.7130401443355247,0.3586863839265395,0.546832710065704
119,3,X,X,D,0,0.49263925409931425,0.75,0.34866318648366046,0.6309222920011652
119,4,X,X,D,0,0.48955414946851294,0.746829128953717,0.3101627390876112,0.6330451142938488
119,5,X,X,D,0,0.4814896695142173,0.7023677205303928,0.2999591787961578,0.6451206305846162
119,6,X,X,D,1,0.45826035418281896,0.675110518523938,0.25,0.6695147966721089
119,7,X,X,D,0,0.4570238752324136,0.6849158083714169,0.25402873464554004,0.6926860261481701
119,8,X,Y,J,0,0.4906783829833578,0.7151366245511726,0.25534456854580106,0.75
119,9,X,X,D,0,0.509306496035399,0.692479880283099,0.25,0.7157085931188967
119,10,X,Y,J,0,0.52764739707352,0.6914939014462811,0.25,0.7360811500279095
119,11,X,X,D,0,0.5094831189788419,0.6770589821373305,0.25,0.75
119,12,X,Y,J,1,0.5430429357725566,0.6928466068799624,0.27185772002393305,0.75
119,13,X,X,D,0,0.5781641990442588,0.6723180002600572,0.2666634936062094,0.75
119,14,X,X,D,1,0.5994043714193813,0.7071057565335939,0.26673005172928166,0.7155009040556575
119,15,X,X,D,0,0.6105721847660632,0.6777042785671659,0.25,0.6985337728378122
119,16,X,X,D,1,0.6129576047238965,0.6686567382490683,0.25,0.6499428606449243
119,17,X,X,D,0,0.5585128947029663,0.6705536738098379,0.25988507267604155,0.6252009380353614
119,18,X,X,D,1,0.5509554311553749,0.6624222378447423,0.25,0.6592562833921031
119,19,X,X,D,0,0.5005401892137595,0.694242155899985,0.2958972961033351,0.680151610101116
120,0,X,X,D,0,0.46385905307913855,0.4649847146140095,0.5954981300992732,0.5035797395933095
120,1,Y,Y,J,1,0.484187677344608,0.5196270986146622,0.5698976038350861,0.4745544309100528
120,2,Y,Y,J,0,0.4834125545126057,0.5114458351177174,0.5909570587754855,0.4725213745538752
120,3,Y,Y,J,1,0.4628875188386631,0.5215875276867529,0.5799775352048471,0.5100701542763316
120,4,Y,X,D,1,0.4430446301505348,0.5520937491232957,0.6008522204407006,0.4932255015211172
120,5,Y,Y,J,0,0.4541634241091877,0.5355242736498824,0.6165430937024032,0.5459211993241283
120,6,Y,Y,J,1,0.4643055566436608,0.510730258755995,0.5692006325595542,0.4962707125067018
120,7,Y,Y,J,0,0.4837435360562034,0.5281348802725628,0.5860795872790863,0.47663105446414505
120,8,Y,X,D,0,0.5258992143824968,0.5156652273046934,0.5726915117303105,0.44864396569100706
120,9,Y,Y,J,1,0.5902556311137773,0.5106308769532808,0.5648299559990674,0.45339620287159554
120,10,Y,Y,J,0,0.5882326481004876,0.5244472316417917,0.5644290474822964,0.48324393354345546
120,11,Y,X,D,1,0.567325520274589,0.49613365920632224,0.59638501444238,0.502854329336687
120,12,Y,X,D,1,0.5369001043368093,0.49405833532250165,0.5662196990328862,0.5135916209134737
120,13,Y,X,D,0,0.5390863508903886,0.5242213519418446,0.5722539523288482,0.49469750979128674
120,14,Y,X,D,0,0.5190001483315868,0.5522037275849682,0.6222524856005075,0.47334099040911826
120,15,Y,Y,J,0,0.557074170761476,0.5614509531563259,0.6584304305698147,0.4523479527213286
120,16,Y,Y,J,1,0.5498303338947284,0.5603906129494718,0.6889885885607792,0.4870172927853245
120,17,Y,Y,J,1,0.5544019916095347,0.5704498069900039,0.6634102284127755,0.48036353039410984
120,18,Y,X,D,1,0.5684685666599867,0.5654919361847818,0.6658136539724429,0.4973066408935438
120,19,Y,X,D,1,0.5382347441428785,0.5923258150947208,0.6633737339259995,0.5090200689333538
121,0,X,X,D,1,0.39816528267034695,0.6542540573692857,0.2617417805842564,0.5945284075600378
121,1,Y,Y,J,1,0.4047738437815642,0.6264272607151766,0.25,0.6382359380983399
121,2,X,Y,J,1,0.42586824625805064,0.6078675784324018,0.25,0.6469524206911705
121,3,X,Y,J,0,0.4253264469650665,0.6647977301328503,0.25,0.6529733473340824
121,4,X,X,D,1,0.47093998922785546,0.7144430611800168,0.25,0.6462975977002297
121,5,X,X,D,1,0.4681308954438326,0.7236991490285162,0.25,0.650142314885788
121,6,X,X,D,0,0.4955294648151264,0.7306008715612824,0.25121729506426155,0.6973436640896393
121,7,X,Y,J,0,0.5379171125248408,0.75,0.2651952785972958,0.6905013115020593
121,8,X,Y,J,0,0.5269899937101072,0.7087319507428218,0.25574704695939754,0.6646790869334399
121,9,X,X,D,0,0.5112749341723722,0.6950543498728523,0.2629185222606026,0.7311650326819547
121,10,X,X,D,1,0.48152021148410706,0.7481497843086368,0.2518734852824452,0.75
121,11,X,Y,J,0,0.44752204026375825,0.715415965212699,0.26847278657119583,0.75
121,12,X,X,D,1,0.4520608401638006,0.6692017623234908,0.2880872676432271,0.7410932611140646
121,13,X,X,D,0,0.4460524970676074,0.6871129984072244,0.27102101733476636,0.716724978744476
121,14,X,Y,J,0,0.4429947905428351,0.6546575353382361,0.25808306347619153,0.7193762898627323
121,15,X,X,D,1,0.41633454865475245,0.6373675549287307,0.27347114574578824,0.6868779825154621
121,16,X,X,D,0,0.41094479748377205,0.6088021080504249,0.3088417711928518,0.6794444926913035
121,17,X,X,D,0,0.3903078567114577,0.6534730976946229,0.289643434017908,0.6433474784464163
121,18,X,X,D,0,0.3809925901656367,0.6408809760503271,0.30518287563306357,0.5957644190012562
121,19,X,Y,J,0,0.37127756095637104,0.5868284389746907,0.329505548815885,0.5995724705203104
122,0,X,X,D,0,0.6133383630272418,0.6861735234301753,0.44605862737605706,0.46358686517661996
122,1,Y,Y,J,0,0.6028689456346026,0.6702762104460557,0.44270824022687727,0.4435848096207872
122,2,X,Y,J,0,0.5977225518329659,0.7070788164005699,0.46906592524073554,0.46744673216442456
122,3,X,Y,J,1,0.6023026862837645,0.6787125525200489,0.44063832825081256,0.4542660550973481
122,4,X,X,D,1,0.6061127264592077,0.6944785847964469,0.4731348105783063,0.44813426518453126
122,5,X,X,D,1,0.6404029670684123,0.6640382258591655,0.4977713957842331,0.46729935734308137
122,6,X,Y,J,0,0.6071214088743759,0.6542956531948856,0.4866298524983507,0.47341134661773054
122,7,X,X,D,1,0.6029129636103635,0.6538934979209603,0.48522384400935986,0.4820605406409961
122,8,X,Y,J,1,0.5989310423682407,0.6519484939022094,0.4497112218425625,0.48243028487399464
122,9,X,X,D,1,0.5945829526916403,0.6805109905557247,0.4746442546901461,0.4816502784058097
122,10,X,X,D,1,0.5646079892614879,0.6642160169121921,0.46205839765260853,0.49581566984757697
122,11,X,Y,J,1,0.5760658248714827,0.6630705011692177,0.4741152914402389,0.513366136445977
122,12,X,Y,J,1,0.6037733593125283,0.6439602630769741,0.45713321164503234,0.5297647601193459
122,13,X,X,D,0,0.6265044078774211,0.6333788507546246,0.46105457316127746,0.5322426116562595
122,14,X,X,D,0,0.6615161679107282,0.6300105271593521,0.44716094726816896,0.5121295394240966
122,15,X,Y,J,0,0.636322634639821,0.6633222907039827,0.44030250390519177,0.4879599902465226
122,16,X,X,D,1,0.6333799173321475,0.6532280579773493,0.41937402171029964,0.47341311858688273
122,17,X,X,D,0,0.6300850336684659,0.6453067134105561,0.4002440067787912,0.46651235970703625
122,18,X,Y,J,0,0.5994673057667335,0.6819663005777338,0.3952995230021206,0.4222620249003642
122,19,X,Y,J,1,0.6158753197005301,0.6909673200021342,0.3835135768857079,0.4101628653627093
123,0,X,Y,J,1,0.5371180285404373,0.33570332838739153,0.6868285295943997,0.6175481002646391
123,1,Y,X,D,1,0.5026409279520208,0.3089067764663371,0.6891890817804285,0.6267080161842532
123,2,X,X,D,1,0.48780425603735356,0.34116835767767134,0.6752266663873572,0.625245500141957
123,3,X,Y,J,1,0.5010603191345945,0.3814223768072487,0.6550974626253714,0.6397940978708049
123,4,X,X,D,1,0.5181803467357092,0.4109841313325932,0.6462567058365087,0.6128613854777746
123,5,X,X,D,0,0.4847244615435834,0.4605621512209591,0.6487516611775922,0.6398943446171569
123,6,X,X,D,1,0.437822420748243,0.4731495741742335,0.7385566881456267,0.6519996879866811
123,7,X,X,D,1,0.4398043156000811,0.5164982787587437,0.7280458619629914,0.6331293497507495
123,8,X,X,D,0,0.422530089036928,0.5581091340439559,0.7204758255945741,0.6069231979641646
123,9,X,Y,J,0,0.4380779480048842,0.5539504883972759,0.7248893648932546,0.6110942156573774
123,10,X,X,D,1,0.3985452239511779,0.571223697839358,0.7425089884060327,0.6600504862432836
123,11,X,X,D,0,0.4152366628303986,0.6058870778516484,0.7391291562940803,0.6614456373916732
123,12,X,X,D,1,0.42691436609814704,0.58938959660288,0.75,0.6883711555164859
123,13,X,X,D,1,0.4655256311275874,0.6087274062074162,0.6799581705573781,0.6891767980231274
123,14,X,X,D,0,0.4270444278557533,0.6299157314951703,0.6795976506078526,0.6855477641018985
123,15,X,X,D,1,0.4133306004725172,0.5924152039830768,0.6536521355242123,0.687949700734794
123,16,X,X,D,1,0.3696970891258277,0.5848769920309976,0.6261495064926488,0.7449230455701125
123,17,X,X,D,0,0.38476853237240677,0.5720748911772581,0.608584089455354,0.75
123,18,X,X,D,0,0.3935222933686185,0.57671892449084,0.6279120199331626,0.7194988680234309
123,19,X,X,D,0,0.36716666748791704,0.5788409516419051,0.6396762161046925,0.7476929482200916
124,0,X,X,D,1,0.37697677232550875,0.3692478976984073,0.39758127601551485,0.4806708428698658
124,1,Y,Y,J,0,0.37439120538358545,0.35359624664731504,0.401896490183608,0.5249859478425551
124,2,X,X,D,0,0.36038814414245246,0.3588994397548767,0.406407180120209,0.5195857540057622
124,3,X,X,D,0,0.33738631514295714,0.37868458019712126,0.39276160234851704,0.4914801869523887
124,4,X,X,D,0,0.33419215166542343,0.39088906863604317,0.39383301008455474,0.4723705356405707
124,5,X,X,D,0,0.34900416026305237,0.37983531315576,0.42353099195246957,0.5102970420026367
124,6,X,X,D,0,0.3748818020881194,0.3394595166582055,0.42242161492049957,0.4987863343193568
124,7,X,X,D,0,0.34376544721080654,0.3712379383771732,0.4294712245633186,0.4656764937127103
124,8,X,Y,J,1,0.3313401726343148,0.36741650176236423,0.42680881712749325,0.47593053129726054
124,9,X,X,D,1,0.3016208606383336,0.38110165770744087,0.4701871666775762,0.46589872943112176
124,10,X,Y,J,1,0.2806182785677232,0.40415027703024853,0.5024707494574714,0.4815296323239262
124,11,X,X,D,0,0.2756011511769493,0.34262417334051337,0.5008869204624171,0.448490649485033
124,12,X,Y,J,0,0.29733456455215346,0.3316458109099658,0.4648929240708476,0.41578731426395227
124,13,X,X,D,0,0.3000012671860744,0.3527001530133261,0.4903344379407662,0.4069566120436405
124,14,X,X,D,1,0.3039351966280416,0.3513987578028123,0.44051944499875306,0.41245317764575085
124,15,X,X,D,0,0.27938303432220224,0.3326221741014103,0.41757753769499695,0.40695196170713016
124,16,X,X,D,0,0.25,0.33510945662053687,0.417637257912087,0.3954801924837038
124,17,X,X,D,0,0.2502199349819659,0.32469006861106686,0.4148432171332885,0.36440694951038183
124,18,X,X,D,0,0.25,0.30626135051958964,0.41181577045193674,0.4036442944318375
124,19,X,X,D,0,0.2564374000107923,0.29745388603687906,0.41981479282173945,0.40157517447943974
125,0,X,X,D,0,0.48884647202143844,0.3675473144731347,0.5612369931703609,0.6513397178114753
125,1,Y,Y,J,0,0.505370668275316,0.36457647537957155,0.5371871685068343,0.6510737829802963
125,2,X,Y,J,0,0.5001882756931023,0.3908406818103523,0.5248428378985077,0.6370116087294173
125,3,X,Y,J,0,0.4698475786937301,0.4262036970411283,0.5187852936116862,0.6215836897181303
125,4,X,X,D,0,0.46518468898273013,0.436482539002501,0.5177889127370331,0.5745116312309057
125,5,X,Y,J,1,0.44188589032233483,0.447429487405216,0.4901623006574419,0.5556118589314313
125,6,X,X,D,1,0.4567545947217303,0.4580365892513831,0.48940533227195604,0.5290479927753444
125,7,X,Y,J,0,0.43241876836432935,0.5160857377399177,0.4890423309818173,0.5272103281082646
125,8,X,X,D,0,0.42589227500560406,0.5532729619501616,0.4935671400611958,0.5455749060432754
125,9,X,Y,J,0,0.44519234541827224,0.5572439032827499,0.4743341281544084,0.5743774995835114
125,10,X,Y,J,1,0.4610075693601452,0.5893738596700505,0.4081901512560259,0.5579505824766914
125,11,X,X,D,1,0.46743267568564895,0.615095670578593,0.3698866979055715,0.5697358771188978
125,12,X,Y,J,0,0.454201716168421,0.6218130797864099,0.3594572719806003,0.5304423538269346
125,13,X,X,D,0,0.44815150944974147,0.634947098317535,0.3983808944739788,0.5599611340891585
125,14,X,X,D,1,0.4965490310220497,0.611034806077225,0.40530645323345277,0.5247956443907019
125,15,X,X,D,0,0.4757902257725122,0.6193981978342649,0.4085878521663086,0.5930319853000094
125,16,X,X,D,0,0.4709123734289104,0.6355716127783118,0.3788007922311571,0.5877226553915522
125,17,X,Y,J,0,0.4884796941479634,0.5810523540004394,0.3955934381455102,0.5598029475188986
125,18,X,Y,J,0,0.5120855209662939,0.5485646929173509,0.4065744226055836,0.5457379372688999
125,19,X,X,D,0,0.4544485897382045,0.53494575113902,0.42180470768112655,0.5827957165917037
126,0,X,X,D,1,0.7022763055658879,0.3066920407049353,0.5323620096692399,0.3979071610423426
126,1,Y,Y,J,1,0.6771074268478883,0.2897664067550374,0.5715299474766364,0.3845029844101779
126,2,X,X,D,1,0.6782895008153245,0.3009092268311156,0.5738851966378888,0.40619191337560245
126,3,X,X,D,1,0.6810427722171998,0.3086503699769657,0.5721705183979064,0.3943050268545886
126,4,X,X,D,1,0.6890897056675234,0.31547848601876943,0.5892407278566563,0.3815341382323024
126,5,X,X,D,1,0.7189829751387644,0.2794843312641643,0.588799633591673,0.38627008569128624
126,6,X,X,D,0,0.6555509678157668,0.2510689308948942,0.5548312470491749,0.40729828127176254
126,7,X,X,D,0,0.6618953473346936,0.295751071616907,0.5542085399214446,0.3958994526679437
126,8,X,Y,J,0,0.645670177342118,0.30114542065994065,0.5463955258066542,0.4222523178295856
126,9,X,Y,J,0,0.6291400331351729,0.3014579091671564,0.5031734369186556,0.44598839042879135
126,10,X,X,D,1,0.6522589413802016,0.31448946241259845,0.483667688021939,0.4677358489174636
126,11,X,X,D,1,0.6423143304544877,0.27451337747160975,0.5063876703660145,0.44403346190070436
126,12,X,X,D,0,0.5915288930655634,0.2665050567531766,0.4874402787647839,0.42965990847357544
126,13,X,Y,J,1,0.5888799696713982,0.25,0.44506482387624097,0.42596164339877074
126,14,X,X,D,1,0.5987160167918726,0.25,0.46962227635856485,0.4350175572329796
126,15,X,X,D,1,0.6141262597817941,0.25,0.48441310340815774,0.43658541351137686
126,16,X,X,D,0,0.6120503718146681,0.2706478465337922,0.5069785013388157,0.43806547884336994
126,17,X,X,D,1,0.6221042954885047,0.25,0.480896043853944,0.4775131209378737
126,18,X,X,D,1,0.646870173279344,0.25,0.47699184025549374,0.49329927865706746
126,19,X,X,D,0,0.6721014747492638,0.25384856890162893,0.4771734358286694,0.49543464379678115
127,0,X,X,D,0,0.3411887094134028,0.626298999062772,0.2787352133754491,0.6190745271072927
127,1,Y,Y,J,0,0.4005544894120986,0.6042806433322438,0.2823707664192946,0.6238607201331545
127,2,X,X,D,1,0.38865235255571146,0.5726180362113341,0.2843856793625747,0.5921257533794267
127,3,X,Y,J,0,0.39581359934373717,0.546886756035017,0.2860033701915975,0.5495105686756168
127,4,X,X,D,0,0.43285574560788737,0.5530520841598137,0.2878455410279382,0.5539853381080392
127,5,X,Y,J,0,0.4441105580878308,0.5206241739243094,0.2568417992806658,0.5624673360254027
127,6,X,Y,J,1,0.42578546835891784,0.5406269633103038,0.25,0.5545634712631603
127,7,X,X,D,1,0.45135314710711877,0.5595451823102761,0.27777356297724387,0.5609453822407138
127,8,X,X,D,0,0.4538472994451295,0.6032840209962068,0.2529229072092402,0.5590686096116421
127,9,X,X,D,0,0.448276947729327,0.631070742594044,0.25,0.5382555438373469
127,10,X,X,D,1,0.4198466668102943,0.5880370605243148,0.27329792140638276,0.5434701499993211
127,11,X,X,D,0,0.39649019100488664,0.5848164317994162,0.28510297840946824,0.533615779763763
127,12,X,X,D,1,0.356278697952934,0.6247760526036551,0.3398553989327589,0.5075549439952375
127,13,X,X,D,1,0.35852027580071716,0.6590115861295618,0.3247043530378285,0.4726804764093963
127,14,X,X,D,0,0.34948003290473073,0.6765358617761116,0.3387438056688343,0.4528227746592979
127,15,X,X,D,0,0.32306201406432933,0.69451060007376,0.30776783035509964,0.4297146073865983
127,16,X,X,D,1,0.3188397989736995,0.6564535546880366,0.3169130556086674,0.37943516964436025
127,17,X,X,D,0,0.32454376342601393,0.6461380015042356,0.3338558217594639,0.4390369563127252
127,18,X,X,D,1,0.33207140285563985,0.6393749199784158,0.3425619448340014,0.4617352622414693
127,19,X,Y,J,1,0.30857638989525754,0.6139164065126789,0.33992747571414716,0.4906292089970784
128,0,X,Y,J,0,0.6698972664045899,0.4155126895217968,0.2527218721759456,0.3717965825588797
128,1,Y,Y,J,0,0.667935377300705,0.4437909677409909,0.270736900959485,0.3877096369062798
128,2,X,X,D,1,0.6469156493766606,0.4389936716759208,0.2535078372943663,0.36670639335666294
128,3,X,Y,J,0,0.6496454495838848,0.48214203566853975,0.25,0.38640840779831626
128,4,X,X,D,0,0.6265045538242746,0.5344924629781632,0.25,0.39374626146890435
128,5,X,X,D,0,0.6671645452868779,0.5399109821705159,0.2575437293074298,0.4085151464103923
128,6,X,X,D,1,0.6798273616176032,0.5671273394552617,0.25,0.3831445336995909
128,7,X,Y,J,0,0.7276493532447005,0.5722383067870934,0.25,0.3702549918744709
128,8,X,X,D,1,0.75,0.5513537799145649,0.2501610841578949,0.3852005426060899
128,9,X,Y,J,0,0.7467710259806488,0.5732516917009575,0.2571185033488389,0.4112016246752458
128,10,X,X,D,1,0.7340867791241648,0.5948881908093118,0.25,0.4458497439528851
128,11,X,X,D,1,0.75,0.6491511819018113,0.26458946186363047,0.39959169023038643
128,12,X,X,D,1,0.7429157293039963,0.6442398432314496,0.2533216801298702,0.3949846379496033
128,13,X,Y,J,0,0.75,0.6499697850999246,0.25,0.4239232207897946
128,14,X,X,D,0,0.7162231957438998,0.6530612900255232,0.2695449169802216,0.4151850780859242
128,15,X,Y,J,1,0.7077899315947656,0.6644050964326578,0.25,0.4134205837812777
128,16,X,X,D,1,0.728347933386626,0.6574908996852109,0.263484658249533,0.42342277876692885
128,17,X,Y,J,0,0.7155602247646459,0.6761406642499704,0.27251943331512496,0.47123422360461437
128,18,X,X,D,1,0.7281233579387517,0.6411499764133708,0.25,0.48633639865378575
128,19,X,Y,J,0,0.75,0.6217649006746665,0.25866654182522075,0.49566952530030334
129,0,X,X,D,1,0.5693252766320258,0.7341417042519236,0.2654472135577874,0.4367035502147054
129,1,Y,X,D,0,0.5827568656937222,0.75,0.26412166565278866,0.4335470767519883
129,2,X,X,D,1,0.5496986403234418,0.7471731982562816,0.25,0.45544412030304915
129,3,X,X,D,0,0.5633115356306145,0.7407680467388412,0.25,0.47664967896165555
129,4,X,X,D,0,0.5620720702125112,0.733280800729316,0.26452605728491635,0.47557207673875734
129,5,X,X,D,1,0.5731553450478539,0.75,0.2546677908545081,0.513816787092897
129,6,X,X,D,0,0.52572867670805,0.685295662505866,0.2655982085475089,0.5387591966558876
129,7,X,Y,J,0,0.55087743603773,0.6636728905113523,0.2762721502738999,0.5569282496018291
129,8,X,Y,J,0,0.5585649858290399,0.7116320480175631,0.2566630202706498,0.6009621042786214
129,9,X,Y,J,0,0.5364924014260595,0.7361027699957132,0.28210591164783844,0.6154248899303574
129,10,X,X,D,1,0.5721729188475232,0.7360063634732754,0.288914983756303,0.59561459806773
129,11,X,X,D,1,0.5620054662343507,0.7198638158832118,0.29618276983853886,0.5194039215195868
129,12,X,X,D,1,0.5814490116289585,0.7419779368738854,0.2997624233629402,0.5296974757205638
129,13,X,X,D,1,0.6253241280627204,0.7499509548163255,0.3191504960602395,0.5569796641443957
129,14,X,X,D,1,0.6375730143958731,0.75,0.32043243734165816,0.4788121367634022
129,15,X,X,D,1,0.6027871684744864,0.75,0.3193860333976948,0.49093709016162945
129,16,X,Y,J,1,0.6557509353749131,0.75,0.30194202581164065,0.5201866680197982
129,17,X,Y,J,0,0.687919830700104,0.75,0.2922367019094855,0.5340627373387774
129,18,X,X,D,1,0.6763548984501528,0.7184379433639121,0.31112920644802766,0.49937647216532244
129,19,X,Y,J,0,0.6574017103252396,0.7130556272077625,0.3061398780689873,0.5117116814282602
130,0,X,X,D,0,0.3346248240296906,0.5594534146150081,0.44705683994493073,0.5453331130480416
130,1,Y,X,F,1,0.3215789813618145,0.5749828157462711,0.4041029895923395,0.562894802693561
130,2,Y,Y,J,0,0.3501185624283406,0.5805997320966462,0.37881741388779633,0.5450710776253838
130,3,X,Y,J,0,0.425907526740258,0.56535338366911,0.3706196738534009,0.5355234995245327
130,4,X,Y,J,1,0.4256642448750919,0.5638376368617473,0.3849828386615473,0.49841476184346706
130,5,X,X,F,0,0.4371996348419601,0.5659257813523779,0.40840488899854455,0.49183094395746274
130,6,X,X,F,0,0.4356212495635551,0.5682464418804729,0.4086984241622865,0.46745990738635423
130,7,X,X,F,1,0.43859550459365204,0.5516083621691702,0.455078002381244,0.454634660811121
130,8,X,X,F,0,0.45659743693143806,0.5506093651195104,0.4335784292873191,0.4920234177213513
130,9,X,Y,J,1,0.4870917755831879,0.5701478559607275,0.41889159949343163,0.4942317695868739
130,10,X,Y,J,0,0.49456752595011644,0.5704147868801744,0.3954553725529709,0.5092582273792422
130,11,X,Y,J,0,0.5046381032669655,0.6119255427416578,0.41233682288504436,0.5138045069261344
130,12,X,X,F,1,0.5112253121045233,0.6212915498918324,0.3736971378327811,0.5155661138706193
130,13,X,X,D,1,0.4923959905142631,0.5935569120458537,0.3867249223118622,0.5420306951758032
130,14,X,X,F,0,0.47641896214355484,0.5955158434921796,0.30536338970616084,0.5201179933021473
130,15,X,X,F,0,0.4992304441835848,0.6073563064861411,0.31741698158738263,0.5423002886674794
130,16,X,X,F,0,0.4864772689315975,0.6432879469866891,0.25,0.5438489028287568
130,17,X,X,F,1,0.5057340800370479,0.616615673008386,0.25,0.5410820334733265
130,18,X,X,F,1,0.5148129762469658,0.6180804799097958,0.25,0.5445070175772592
130,19,X,X,F,0,0.5401282535029298,0.6158632311014341,0.2509984013352508,0.549648282424254
131,0,X,X,D,0,0.5250606566481593,0.5780020756827813,0.47769563746321664,0.27651173723414796
131,1,Y,Y,J,1,0.5284984790738074,0.5631998295338647,0.4663361962326732,0.3103533421401727
131,2,Y,Y,J,1,0.5122882999243318,0.5897113738386162,0.472731726797139,0.27119911087323456
131,3,Y,Y,J,1,0.5259765492638894,0.6395406442750811,0.4620156872779978,0.25592138888428
131,4,Y,Y,J,0,0.5357806406524801,0.6209621345200474,0.4740173920811128,0.25
131,5,Y,Y,J,1,0.5539822652269021,0.6520837275322668,0.5014109464814428,0.25
131,6,Y,Y,J,1,0.532659502910301,0.6534923962034905,0.4822102040608921,0.25
131,7,Y,X,D,1,0.5316358282802497,0.6510138130336823,0.4592082336955522,0.2647289017175445
131,8,Y,X,D,1,0.5413051272249615,0.6609838166211834,0.4826575148926884,0.2845229560971161
131,9,Y,X,D,1,0.5819308955836384,0.6858651850660271,0.49080738879734287,0.31151433844249676
131,10,Y,Y,J,1,0.5711966743495874,0.6990239686648797,0.46717462631229745,0.31850787352207477
131,11,Y,Y,J,0,0.5857031516751706,0.6893202441842028,0.49355147623725115,0.31381940561509886
131,12,Y,Y,J,0,0.5819003131326477,0.709609033654627,0.48504908898378757,0.28567213254036006
131,13,Y,X,D,0,0.5826402468263584,0.7181773796590476,0.42957271084741244,0.29783102729445304
131,14,Y,Y,J,0,0.5879390258211754,0.7184458801386309,0.4030434615375341,0.3120681287383311
131,15,Y,Y,J,1,0.596489244278484,0.7075177004446813,0.3992367356207463,0.29958416775662144
131,16,Y,Y,J,0,0.5780753928268971,0.6985716956312727,0.4136863126098644,0.3220337291456553
131,17,Y,Y,J,0,0.5889282725371324,0.7236566890934839,0.436236275097126,0.2906620757113664
131,18,Y,Y,J,0,0.5904406043754993,0.7198305726581282,0.42682021261768055,0.25634466813581247
131,19,Y,Y,J,0,0.6411134763447213,0.7164931587806098,0.4501722868547114,0.25
132,0,X,X,D,1,0.3569774574198357,0.26131550496471784,0.29768199571899934,0.7397971123442095
132,1,Y,Y,J,0,0.33394725200282355,0.31956385938886855,0.2599679450776071,0.7038903220500556
132,2,X,X,D,0,0.31808249770357705,0.29991345846352035,0.25,0.7220390349536263
132,3,X,X,D,1,0.3024595235564266,0.27877825455250205,0.2646854779876659,0.7309151795665546
132,4,X,Y,J,0,0.3121050680137015,0.2959785988932351,0.25,0.7355019088027285
132,5,X,X,D,0,0.31176972029982974,0.28539610178056773,0.2659243310116952,0.75
132,6,X,Y,J,0,0.3166272682705387,0.2896440264497803,0.25,0.75
132,7,X,X,D,0,0.3001611081559116,0.29054145781405205,0.25,0.75
132,8,X,X,D,0,0.29599511137240264,0.2593408898381366,0.25,0.75
132,9,X,X,D,1,0.30362256885038874,0.25,0.25,0.7396472140818164
132,10,X,Y,J,0,0.313993591842564,0.270559027456703,0.25,0.75
132,11,X,X,D,1,0.32510530981650093,0.31544817421354937,0.25,0.75
132,12,X,X,D,0,0.3247277686950952,0.33383967787212215,0.25,0.75
132,13,X,X,D,1,0.32197671079991097,0.3381952405289364,0.25,0.75
132,14,X,Y,J,0,0.3054289583470788,0.3385501054286618,0.25,0.75
132,15,X,X,D,1,0.314333296570217,0.3401589091666234,0.2702572273431789,0.75
132,16,X,Y,J,0,0.3551138556382868,0.33610953260004456,0.25,0.7394121673548711
132,17,X,X,D,0,0.4022832419318444,0.3550419847872074,0.25,0.75
132,18,X,Y,J,0,0.42113441100879045,0.35811217075854146,0.29315170241511035,0.7323903781308426
132,19,X,X,D,0,0.407233490468115,0.37007314090457666,0.28427342623250734,0.7028505450003981
133,0,X,X,D,0,0.5133324914386038,0.4032074601354276,0.6849538988597945,0.6200122340925824
133,1,Y,Y,J,0,0.4903692692754209,0.3756396841671421,0.6700298190341343,0.6413623776797504
133,2,X,X,D,1,0.5241481617432575,0.36397071201127984,0.6485991499308787,0.6287035522262299
133,3,X,X,D,0,0.4847586665821671,0.3740544610366252,0.6713947929646762,0.6415823378116612
133,4,X,Y,J,1,0.5063645329979845,0.3669465536517516,0.6595332495117776,0.6138677377295202
133,5,X,X,D,1,0.5348036364094402,0.34883754936576933,0.6646630519738566,0.58878745999109
133,6,X,X,D,0,0.5386435693818881,0.3415953435161883,0.6542692106285485,0.6149853127714509
133,7,X,X,D,0,0.5107493573631277,0.36571211753561456,0.6435236982064811,0.5852568406379038
133,8,X,X,D,0,0.5205018957206609,0.3558350925572965,0.6806363439282828,0.578134817593951
133,9,X,X,D,0,0.5092845973479834,0.3543939632426723,0.7028257710632337,0.598715157549872
133,10,X,X,D,1,0.5372227268592935,0.35273343982597816,0.6926128006109632,0.5522894653702507
133,11,X,Y,J,1,0.5200482140799604,0.35487705132958297,0.7139754210671495,0.5706828884212355
133,12,X,X,D,1,0.5292763515410692,0.3702990831012385,0.6706098680328443,0.5512891913296474
133,13,X,X,D,1,0.5381403025830407,0.39479882482201917,0.6814826683902502,0.5636403597997466
133,14,X,Y,J,1,0.5630948900906196,0.39355611969361404,0.6663573588120602,0.5529935924721047
133,15,X,X,D,1,0.5219364581127727,0.38483467825770046,0.6270146028564666,0.5501998974951718
133,16,X,X,D,1,0.5272985006381458,0.40219684832796826,0.6485418825535733,0.5612097504927099
133,17,X,X,D,1,0.5465800570162197,0.40028552008796375,0.6069763061640272,0.5532300103514877
133,18,X,X,D,0,0.5864437136966952,0.4404271533810798,0.6222889406419831,0.5923836402409401
133,19,X,X,D,0,0.5247484346106129,0.4641437501618362,0.6228832355440728,0.5983011251935804
134,0,X,X,D,0,0.4538678061812798,0.3637971340063127,0.5358644230961362,0.6555920638052739
134,1,Y,Y,J,0,0.464144459991239,0.40629613794367425,0.5196639446649362,0.6776633205881869
134,2,X,Y,J,0,0.4837433068744129,0.4229186101946077,0.4850354779667477,0.7031147187772621
134,3,X,X,D,1,0.4818082776682613,0.4157597777762514,0.4838437552704049,0.7132140056832494
134,4,X,X,D,0,0.46452797566491255,0.4079453409177741,0.4478748698161103,0.6959284368988723
134,5,X,X,D,0,0.49523856487977735,0.4214782621719871,0.44218181916573696,0.6887920537390424
134,6,X,X,D,1,0.4718285464406425,0.3889402503558724,0.4640210920406857,0.6428151358495522
134,7,X,Y,J,1,0.4370553002703278,0.3435092701213545,0.4957989742946147,0.629158125850767
134,8,X,X,D,0,0.4593052735076279,0.36855843586855264,0.4812502304716211,0.6005287764929402
134,9,X,X,D,0,0.4584922385262578,0.35951740030760226,0.478671864654359,0.5868946417988354
134,10,X,X,D,0,0.41602996436799444,0.3474508931979486,0.4940897423466068,0.5604395620247112
134,11,X,X,D,1,0.4191086292574227,0.34465992419678126,0.49192811380125007,0.563030949155708
134,12,X,X,D,1,0.4347364016574347,0.3324819848605834,0.473750172567277,0.6014088530035941
134,13,X,X,D,0,0.42996377891609916,0.30505069328614154,0.471749312845002,0.6259255221035299
134,14,X,Y,J,1,0.39794188488732046,0.30965509146829173,0.5146136928339249,0.6361637249557607
134,15,X,X,D,0,0.40801582526718705,0.27256702592352494,0.4680677482928156,0.6317469787244567
134,16,X,X,D,0,0.3916070137015082,0.2855452963931531,0.5241470712582691,0.6103309771155812
134,17,X,X,D,1,0.37017291427147375,0.29956240269356,0.5550411089566528,0.624776969475549
134,18,X,X,D,1,0.3686422921143012,0.3613005216324813,0.6060282489622901,0.6352391245337271
134,19,X,X,D,0,0.37043014491312065,0.3817102070841401,0.6333047053450764,0.6262439380928302
135,0,X,Y,J,1,0.5591538819050882,0.5281562556045383,0.6322545933117962,0.3016034079003747
135,1,Y,X,D,0,0.5357922736209844,0.5208703242712048,0.664970143245105,0.27847143100423843
135,2,X,X,D,1,0.6167839676521328,0.45271919195658533,0.690382094305471,0.2930210156099277
135,3,X,X,D,1,0.6351581892751852,0.4772519900353864,0.6916965887856799,0.31359266061957813
135,4,X,X,D,0,0.6611123204043572,0.49417399224769437,0.6738718918921817,0.35828307436572643
135,5,X,X,D,1,0.6130349511525691,0.5071929805249721,0.64567136132977,0.3679105132807957
135,6,X,X,D,0,0.6131093136027426,0.4582465641482686,0.6413699580978499,0.4289589660228799
135,7,X,X,D,1,0.6478689564966853,0.4814165448697391,0.626816709962636,0.4187711952302635
135,8,X,X,D,1,0.6526789836726388,0.42618979690905534,0.6238145837544343,0.43436555401045324
135,9,X,X,D,1,0.6559021545121334,0.4096629751970744,0.6060851975712536,0.43118505697432574
135,10,X,X,D,1,0.6389367948767722,0.38194144981147793,0.5767690184151022,0.3954690898232047
135,11,X,X,D,1,0.6263662311938573,0.4266227038979138,0.6297194912164444,0.3748377039847085
135,12,X,X,D,0,0.6107527989167624,0.38930084542771903,0.6099086030190328,0.4034909872437667
135,13,X,Y,J,1,0.6572516424040019,0.3926051855467173,0.5841352138629461,0.43505346303653747
135,14,X,Y,J,1,0.6492059414503917,0.43224560251032523,0.6181710038377372,0.4473713678822561
135,15,X,X,D,0,0.6031897298467466,0.44200844248222404,0.5923546230767517,0.47217670850106563
135,16,X,X,D,1,0.5834404474409212,0.4482901228024601,0.5796757693441837,0.4807833576954485
135,17,X,Y,J,0,0.5611098915545493,0.4393054376520259,0.6078927534735515,0.5104990642005116
135,18,X,X,D,1,0.5522222285739252,0.49300837702643663,0.6338141934847694,0.51534063018337
135,19,X,X,D,0,0.49703709297902365,0.4930509593639242,0.6281831912329935,0.4962588428509293
136,0,X,Y,J,0,0.4547178497187059,0.4832643503767524,0.6005045452135169,0.5514446606323029
136,1,Y,X,D,0,0.47725674766091364,0.455203094680146,0.5865758847501259,0.5421622830741579
136,2,X,X,D,1,0.48907451879043823,0.48132888341399843,0.5783642872864564,0.5923180680219728
136,3,X,X,D,0,0.45884237392728616,0.5243763693559496,0.5394437790702413,0.6086773305368647
136,4,X,X,D,1,0.502988481400363,0.4575751054037485,0.5174313636640447,0.5825573128173297
136,5,X,Y,J,1,0.4807752976325113,0.4597774663083294,0.5089876729501047,0.5778590048284805
136,6,X,X,D,1,0.4706657801426218,0.474679470576592,0.512864825622344,0.6096809934586435
136,7,X,X,D,0,0.4554157712565194,0.49273141401586745,0.5534712067712316,0.5589454954993437
136,8,X,X,D,1,0.4873026470766799,0.5372634995186519,0.5598677622421477,0.5669419143998385
136,9,X,X,D,1,0.49758886493188675,0.5196646513116773,0.5338677331458901,0.5359882788842987
136,10,X,X,D,0,0.4967067167411979,0.48385820802502544,0.5392411937470211,0.5294762986860969
136,11,X,X,D,0,0.49029151809222465,0.47227105088696647,0.5295370348189723,0.5286965008255676
136,12,X,X,D,0,0.4507482952995961,0.4858092873469761,0.5485316289345017,0.5182764330020821
136,13,X,Y,J,1,0.42443654438068434,0.46211895202622577,0.5321283921959943,0.48164259962145
136,14,X,X,D,0,0.4754107869227796,0.4757798485630263,0.5232375602228395,0.4739810000191227
136,15,X,Y,J,0,0.4598007591091397,0.48681744205062355,0.5108493056084041,0.5156697345498815
136,16,X,X,D,1,0.4570829376785557,0.497829614985671,0.4809471058585237,0.5004016591930482
136,17,X,Y,J,0,0.4664371149369316,0.47831898091826286,0.45991835773684686,0.49584610796736517
136,18,X,Y,J,1,0.475222946372153,0.44752257659806394,0.4922890619266216,0.5130447613678786
136,19,X,X,D,1,0.455653938659351,0.4381165073365077,0.49883678487824473,0.5139268174477517
137,0,X,X,D,0,0.2889895185816359,0.6564075231080133,0.25092208902801594,0.7398191009449531
137,1,Y,Y,J,0,0.2530394226143433,0.6614377944066271,0.2703418852328228,0.7121464656105033
137,2,X,X,D,0,0.2633541733230142,0.6428054060791653,0.2707683367825802,0.7413211224747728
137,3,X,X,D,0,0.2540878476476206,0.6418494260076978,0.32239030566021126,0.7107870466529873
137,4,X,Y,J,0,0.26633896577216043,0.6236148329930066,0.3303164553448053,0.6385849472599546
137,5,X,Y,J,0,0.2663346069527487,0.6371235011131274,0.3205592175208122,0.6069631676804346
137,6,X,X,D,0,0.26851855462960067,0.6175735831254775,0.34217221494469213,0.6211588006350539
137,7,X,X,D,0,0.2677646316638153,0.5713657610189202,0.312728151530104,0.5743646621280937
137,8,X,X,D,0,0.31302875394079827,0.5646898510989564,0.29111277007550795,0.564913100243882
137,9,X,Y,J,1,0.32038515830793135,0.5437987632680237,0.3003564993657026,0.5718524885301064
137,10,X,Y,J,0,0.3202834856766826,0.4998444996152369,0.3134094254227099,0.5916529689369447
137,11,X,Y,J,0,0.3083111164510286,0.4838632591079173,0.3390632547168675,0.6054405307116397
137,12,X,X,D,1,0.33007573156069125,0.4984966985079943,0.3780229087872825,0.6053187109539163
137,13,X,X,D,1,0.3218656468736274,0.512458234157499,0.34786125311765964,0.6167490938409218
137,14,X,Y,J,0,0.278728514766855,0.4952603030396673,0.3497328664151991,0.6151066403991791
137,15,X,X,D,0,0.2802989067715041,0.5554944998722081,0.38789738727462414,0.6349245109465712
137,16,X,Y,J,0,0.25,0.5087438505553552,0.41329415527299,0.6442431757759923
137,17,X,X,D,0,0.29478948784653264,0.5704188939599458,0.41600877479546383,0.6678271604078199
137,18,X,X,D,0,0.2553951249716449,0.5712560226289386,0.404292722641122,0.6869601423088959
137,19,X,Y,J,1,0.25,0.5730582729522951,0.40648041684187686,0.7047121033701
138,0,X,Y,J,0,0.6520365488013671,0.4219798380386846,0.5738535326180705,0.6593149660909676
138,1,Y,Y,J,1,0.660253546875651,0.45300790452235495,0.5865505731016367,0.6448341652301447
138,2,Y,X,D,1,0.6757651449750625,0.4892722502737654,0.5536285655056458,0.6190259977528357
138,3,Y,Y,J,1,0.6750997126508531,0.5008456383627645,0.5469622327978265,0.5778063891604821
138,4,Y,X,D,1,0.6594741528021304,0.5338038777643842,0.4742207389369065,0.536626306714492
138,5,Y,X,D,1,0.6849839207558631,0.6069293784247216,0.4720703200016305,0.5016051699973207
138,6,X,X,D,1,0.6478741167757234,0.6257133490064052,0.4585496426136878,0.5021343496896428
138,7,X,X,D,1,0.6457018352468658,0.6082041813381984,0.4950240789259294,0.4879500243508094
138,8,X,X,D,0,0.6739253194169433,0.5782937195624878,0.48300340845227785,0.4590487384019452
138,9,Y,Y,J,0,0.6974472402342509,0.5612311887254609,0.5013897472401275,0.4284444415275279
138,10,Y,Y,J,1,0.739762462525573,0.5290750634512774,0.49915762648813805,0.4518912769994513
138,11,Y,Y,J,1,0.75,0.523891609505213,0.5074301542708693,0.45522974525390525
138,12,Y,Y,J,1,0.7217115064018303,0.5351325343931598,0.5170267315919315,0.42038299558974773
138,13,Y,Y,J,0,0.7440958548505954,0.5187632982928625,0.458164774815915,0.41267288689832543
138,14,Y,X,D,0,0.7294406145376956,0.5108159652581831,0.47114385738979037,0.41287337692549947
138,15,Y,Y,J,1,0.7310775627888558,0.533401510043996,0.4507962519077714,0.3966103081386829
138,16,Y,X,D,1,0.7293958948169023,0.5132853222511525,0.4610670495208514,0.43441809182472174
138,17,Y,Y,J,1,0.6750555629603913,0.49654372671663527,0.4695439682928787,0.3771118362453341
138,18,Y,Y,J,1,0.7110472327448059,0.4918787126157586,0.45102126561606154,0.3952095523988989
138,19,Y,Y,J,1,0.75,0.46812553450399225,0.4176984067390218,0.4208106777003494
139,0,X,X,D,1,0.7365688194303172,0.33787572515668696,0.34345919121767027,0.6115688325068906
139,1,Y,X,D,0,0.7119738756310727,0.3596576269650759,0.3298319317620158,0.6242160271906216
139,2,X,X,D,1,0.6948841334526299,0.3568566120400905,0.3413882251158829,0.6208730504128763
139,3,X,X,D,1,0.701718233591425,0.3352681155399558,0.3705814151638193,0.6129844750018215
139,4,X,X,D,1,0.7125111263703452,0.3686916367836865,0.37565912450954775,0.6145772323119056
139,5,X,Y,J,0,0.6925216782952887,0.3945768887959583,0.37683045368975104,0.6110186508998835
139,6,X,X,D,1,0.7141735995980827,0.3903655263016136,0.338257840391326,0.6214855158958623
139,7,X,X,D,0,0.75,0.4025104524964753,0.32791140535293267,0.6265980387745801
139,8,X,X,D,0,0.7445891762956854,0.3935757591557717,0.30911673432985215,0.6108794581263439
139,9,X,Y,J,0,0.733634261609299,0.3642169580593757,0.28667243798046116,0.6326687091469658
139,10,X,X,D,0,0.7405067183777052,0.384486054687121,0.2728212675379165,0.623810895394951
139,11,X,X,D,0,0.75,0.40956485911104096,0.25,0.6503135014169632
139,12,X,X,D,1,0.7283627898863638,0.40069752397672365,0.25,0.6236490862366615
139,13,X,X,D,1,0.7327615243287958,0.36112670423028104,0.25,0.6136586776047632
139,14,X,Y,J,1,0.7445701193640644,0.3117510984284098,0.2715189437058394,0.5619457130154413
139,15,X,Y,J,0,0.6830095676420447,0.3500598669614817,0.2589604425070242,0.5861685869570316
139,16,X,X,D,1,0.6910098195000404,0.3471787590396684,0.26547332757190206,0.5568363503033753
139,17,X,X,D,0,0.6824701381141629,0.34329275292835304,0.25,0.5554920945675315
139,18,X,Y,J,1,0.7109773435637363,0.3712810209351477,0.2650766618614488,0.5422677366941691
139,19,X,X,D,1,0.7432225441288971,0.3763113777775247,0.25,0.5189882315660908
140,0,X,X,D,1,0.5651201365728638,0.37806993970328034,0.37448657108518524,0.4114362810671181
140,1,Y,X,D,1,0.5496499755333701,0.36861785825890175,0.3454420064290934,0.43138089574442734
140,2,X,X,D,0,0.5342156664451309,0.34822336512554963,0.33012533538859035,0.4065441932128975
140,3,X,Y,J,1,0.49881715955049044,0.35487157063761215,0.29031781869752044,0.45855609063477465
140,4,X,X,D,1,0.4803574919996695,0.38459495841741975,0.3146286028768861,0.441039558876019
140,5,X,X,D,1,0.48432561127654494,0.36865120439597737,0.29892747086268023,0.3994222194073208
140,6,X,Y,J,0,0.42930877123866834,0.3527681340188841,0.3278342962779377,0.41510220773919926
140,7,X,X,D,1,0.42649038527204586,0.3485390376522936,0.35658002624569063,0.428999089112183
140,8,X,X,D,0,0.4051603637833254,0.33384751166563736,0.32075270486865637,0.4691638547784692
140,9,X,X,D,1,0.4746631836237929,0.4089763547249991,0.3276177499611696,0.463593205026629
140,10,X,Y,J,0,0.46837353618471184,0.37060724446361615,0.3304298511649382,0.43598521177021926
140,11,X,X,D,1,0.47770954513582686,0.3710440508871483,0.35094335113112896,0.4326289484860047
140,12,X,Y,J,1,0.4849299218040315,0.35308627895700767,0.3833208261463989,0.4646390409859777
140,13,X,Y,J,0,0.4696626242009075,0.379402017637761,0.41066885493369865,0.47998907739526253
140,14,X,X,D,1,0.47195764086872255,0.35046899760644973,0.47030093917251037,0.44852715245692665
140,15,X,X,D,1,0.4829587402014546,0.33342154653754896,0.4719052183632086,0.47492808763428335
140,16,X,X,D,0,0.4834843364927022,0.3393941698352162,0.5267110312372447,0.4876077226499415
140,17,X,X,D,0,0.4756056410654907,0.3452146943829941,0.5143460200379871,0.49152430542487713
140,18,X,X,D,1,0.4742096571689744,0.34585728046078174,0.5047963188340259,0.5055509279501712
140,19,X,X,D,1,0.4710712241753777,0.36902376086658784,0.4920000160680477,0.50777433959152
141,0,X,Y,J,1,0.7167592870372863,0.250311411137175,0.5165659520158971,0.6016235692116056
141,1,Y,Y,J,1,0.6771160291956292,0.25,0.503573110564409,0.6174834184995031
141,2,X,X,D,1,0.6630916088880735,0.2596751933024727,0.5136063457257631,0.619607728756573
141,3,X,X,D,1,0.6282719492248335,0.25509684278004185,0.5123022050512986,0.5882151018820065
141,4,X,Y,J,0,0.618260408407893,0.25071377087296914,0.5302482850285405,0.5698377089461522
141,5,X,X,D,0,0.5897552059050812,0.2862911756888925,0.5164445934712674,0.5537870611844085
141,6,X,Y,J,1,0.6365989402043868,0.2690855447831584,0.5091389832136229,0.5021377124609888
141,7,X,X,D,1,0.6290865789545438,0.28502712973388844,0.5579734618396389,0.5123447000594178
141,8,X,X,D,0,0.6054502505655144,0.29086184415520777,0.5671585211838147,0.5439582268387623
141,9,X,Y,J,1,0.5881024927752422,0.28455388881242777,0.5510536053432115,0.49748199240619634
141,10,X,X,D,0,0.5755418662134006,0.27860963544076867,0.5748748581824071,0.5020969464836262
141,11,X,Y,J,1,0.5896086218056873,0.3096244146143293,0.590547537900149,0.5222610461482393
141,12,X,X,D,1,0.5861917514628431,0.32145451261795976,0.5922077678997302,0.5340069747782519
141,13,X,Y,J,1,0.5397139085489752,0.29234125183869253,0.5770668711597234,0.5446262717867981
141,14,X,Y,J,1,0.49819197349465927,0.2824422661768133,0.5917319547736976,0.5523471096724171
141,15,X,Y,J,0,0.5026140725222127,0.30371608394336846,0.5707214913986394,0.5442440101522106
141,16,X,X,D,1,0.5030831334327216,0.3334703999985907,0.5350476914834393,0.5495841307366385
141,17,X,X,D,0,0.4909000365476418,0.3577153112036141,0.550869361695286,0.5456531783158968
141,18,X,X,D,0,0.4703811690966885,0.36967093554986824,0.5627986788151648,0.55319378858447
141,19,X,X,D,0,0.469402771620817,0.37098606997323474,0.5985917628414062,0.5483116360554208
142,0,X,X,D,0,0.4629362911438287,0.47497756717553347,0.3057636874189665,0.25594346238011184
142,1,Y,X,F,1,0.47961552461429835,0.46317072952170124,0.32841658091160236,0.28678188407343497
142,2,Y,Y,J,0,0.4568040749703916,0.45750229251215513,0.32716315407123114,0.30550214360182826
142,3,X,Y,J,0,0.4370002911232619,0.40772665270605596,0.34614996564574485,0.3210916348947431
142,4,X,X,F,0,0.44106314559069215,0.40627506865440405,0.37960154712497,0.31830733094633223
142,5,X,Y,J,0,0.42272589530722543,0.40304889408498107,0.4349743119751318,0.34273746429434865
142,6,X,Y,J,0,0.4430380234214993,0.3571348927025919,0.42535727371696297,0.3174719832424747
142,7,X,Y,J,0,0.4420641066568299,0.34867587961669155,0.4196242625500586,0.27506166581274794
142,8,X,Y,J,0,0.4721636378851247,0.3777582021383939,0.4828662079430809,0.25
142,9,X,X,F,1,0.4371982213294728,0.415823725134744,0.48160245444885064,0.26374263598806325
142,10,X,X,F,1,0.38543709950234384,0.4288240616358278,0.48451181036761615,0.25
142,11,X,X,F,0,0.4400796515266176,0.4224112929915536,0.4570036365681722,0.25
142,12,X,X,F,0,0.44841915435230123,0.4595877382401181,0.4336399372888441,0.25
142,13,X,X,F,0,0.40579602963848105,0.5048705475886494,0.3940822422906141,0.2543229452237674
142,14,X,X,F,1,0.42407050621165276,0.5170910740664657,0.3956995646414328,0.25
142,15,X,X,F,0,0.3986959288059856,0.48514660694854206,0.39801576679337203,0.25
142,16,X,X,F,0,0.4293782052700933,0.48303227993089104,0.3922380259444727,0.25
142,17,X,X,F,0,0.4132416418802259,0.5237471501936493,0.42543159275490655,0.2657614917275734
142,18,X,X,F,1,0.4129932232535532,0.5443684541454135,0.418045079650734,0.25
142,19,X,X,F,1,0.4229482882302187,0.5662937961688711,0.4634162773187919,0.25
143,0,X,X,D,1,0.2934239602623408,0.26359892086110825,0.2709578984402381,0.5158691037707248
143,1,Y,Y,J,1,0.27195193858179756,0.2698445396642598,0.2693942952942328,0.5415557433229232
143,2,X,X,D,0,0.26079851471636956,0.2645989085949551,0.2826376041926343,0.5074916703328477
143,3,X,X,D,0,0.2686822243197322,0.26288230104538296,0.26311225358328844,0.5085787468582311
143,4,X,X,D,0,0.28480651525719086,0.25,0.2981833905832295,0.5436519690653653
143,5,X,X,D,1,0.2657874941267534,0.2515196562721029,0.30448864021923655,0.5361015197859754
143,6,X,X,D,1,0.25,0.25,0.3116809674976455,0.5452944546221988
143,7,X,X,D,0,0.2981300885827008,0.26462074135800157,0.27677601323366113,0.5729484333296874
143,8,X,Y,J,0,0.2727324225646186,0.2676620325822836,0.2661957614956996,0.5886283814351759
143,9,X,Y,J,0,0.25,0.25,0.2640494065872133,0.6393807237365237
143,10,X,Y,J,0,0.25,0.25,0.25,0.6032335940852361
143,11,X,X,D,0,0.25,0.25,0.26389596261616244,0.6008467291747063
143,12,X,X,D,0,0.25,0.25,0.2537097122772146,0.5725868390593809
143,13,X,X,D,0,0.25,0.26462935596543086,0.25,0.5957132661859746
143,14,X,Y,J,0,0.25,0.25,0.25,0.5874479976491993
143,15,X,Y,J,1,0.25,0.2748275877215167,0.25,0.5874218983255586
143,16,X,X,D,0,0.25551052689724196,0.2578792450600512,0.25,0.5741070839211587
143,17,X,X,D,0,0.25,0.2846889869011101,0.3157319881798938,0.5443900716633339
143,18,X,X,D,0,0.25,0.28252690268270414,0.32817400205553854,0.5390175450809863
143,19,X,X,D,1,0.26997888923171554,0.27014540575654844,0.3728990324418858,0.5295484143660768
144,0,X,X,D,0,0.6737803006141259,0.6945541004022757,0.6133119674544598,0.26467010116703166
144,1,Y,Y,J,1,0.692372626434336,0.7201762281425858,0.6231197335561295,0.2793509851553719
144,2,Y,Y,J,1,0.7001971744084361,0.7116220690910785,0.6053995562436951,0.2660232247381166
144,3,Y,Y,J,1,0.6996643860296563,0.6917158517988999,0.6062081139437824,0.26489334348321564
144,4,Y,Y,J,0,0.7090243071008281,0.7079273450535893,0.5826099715912887,0.27442644667641597
144,5,Y,Y,J,1,0.6670450974012064,0.7060060333147665,0.5755774809723451,0.2836815862807042
144,6,Y,Y,J,1,0.6999623500903246,0.6952961425570714,0.5959064177172481,0.30834157900416065
144,7,Y,X,D,1,0.7103224062012403,0.7161382091599529,0.5725430126456558,0.30409785570099684
144,8,Y,Y,J,1,0.7062983459884018,0.6699571871038704,0.5754564552663334,0.3107078090016034
144,9,Y,Y,J,0,0.675556083551424,0.6725057026105513,0.5300646285358006,0.3006348249522107
144,10,Y,Y,J,1,0.680961335251899,0.6704856554284208,0.5205564960822352,0.31532828853898276
144,11,Y,Y,J,0,0.6315999301856415,0.6382952988999261,0.5522749749710577,0.33858720089578564
144,12,Y,Y,J,1,0.6667265941036971,0.6782477302238853,0.5403798777296444,0.36532787539399075
144,13,Y,Y,J,0,0.6567590347939011,0.6544546307834616,0.5529270729201279,0.3398903620559961
144,14,Y,Y,J,0,0.6589918595970391,0.6394326729015561,0.5771658422007053,0.36240906778730164
144,15,Y,X,D,0,0.6766976308977896,0.6162851993060758,0.5444027253360834,0.4338091860456321
144,16,Y,X,D,1,0.6899317857681261,0.595924977022196,0.5825880221343225,0.44224467376453197
144,17,Y,Y,J,1,0.6756228458480966,0.5904162430870188,0.5895763918511878,0.42323630468288487
144,18,Y,X,D,1,0.6612468424080505,0.602336589258337,0.5776236217774734,0.4297812196587277
144,19,Y,X,D,1,0.6663087571976559,0.5931678817527841,0.5804130091693814,0.44263194705004943
145,0,X,X,D,0,0.7223569532038512,0.3921474489507982,0.5932983504371296,0.4843980751949909
145,1,Y,Y,J,1,0.7384154590212815,0.3738392631104011,0.6293791845126817,0.4680260983943924
145,2,Y,Y,J,0,0.7272431014410738,0.4326604610637721,0.6268950249161948,0.4908029542287552
145,3,Y,Y,J,0,0.75,0.4591685858259663,0.5917823899503231,0.5168519840612407
145,4,X,X,D,1,0.75,0.4478710295273951,0.5721608716996731,0.5097235339875217
145,5,X,Y,J,0,0.7418364076013295,0.49263551986183857,0.5727050248000545,0.5214329683200788
145,6,X,X,D,0,0.75,0.4660135969713979,0.5648679752861099,0.5368284886845399
145,7,X,X,D,1,0.75,0.501612465904668,0.5573626826825927,0.5528938155203943
145,8,X,X,D,1,0.7468491797243109,0.5263682017970419,0.5802414952440248,0.5575201697779277
145,9,X,Y,J,0,0.75,0.4897519951844015,0.5818998469366066,0.5809033434294352
145,10,X,Y,J,1,0.75,0.5255615009331125,0.5863832661089555,0.5531727033163067
145,11,X,Y,J,1,0.7059280010537338,0.5283344566291583,0.5685748970609793,0.5411004571006636
145,12,X,X,D,0,0.6995426716380613,0.4847202240415588,0.5398129134211594,0.5873061156241629
145,13,X,X,D,0,0.7294778065896727,0.5116576991663954,0.5374523924037924,0.6093651369695522
145,14,X,X,D,0,0.7456518598250756,0.4895214696187206,0.5268710773312459,0.5821655913010924
145,15,X,Y,J,0,0.75,0.4814803111623788,0.5219995964290117,0.6086383555132358
145,16,X,X,D,1,0.75,0.5214963693302832,0.5519413394200325,0.6498912843700645
145,17,X,Y,J,1,0.7175470548416762,0.5413100224760932,0.5361140004471119,0.6502766158001387
145,18,X,Y,J,0,0.7227623529361601,0.5575108491056742,0.48107176413742847,0.6598656951630283
145,19,X,X,D,1,0.75,0.5373072882789939,0.47838587244032593,0.6752918636142764
146,0,X,X,D,1,0.5403131669347669,0.4556976429279769,0.5240086387168583,0.35608373591819803
146,1,Y,Y,J,1,0.5486351183315011,0.47507286070046617,0.5242082552085578,0.3477259481568554
146,2,X,X,D,1,0.48579726983343935,0.45214099839906596,0.5136316900338087,0.3254066468468478
146,3,X,X,D,0,0.4979344849184928,0.426210583402542,0.513232681175843,0.3022186838850069
146,4,X,X,D,1,0.4976025131012472,0.41491749994155275,0.5144942296425845,0.2668591275449214
146,5,X,X,D,0,0.5023371249636582,0.40469100641732325,0.4980659213514671,0.2685211448535104
146,6,X,X,D,0,0.4558966360990802,0.3923337784888905,0.5400255509417239,0.2720801647785103
146,7,X,Y,J,1,0.4456453992979408,0.3298793232060771,0.5568741694460019,0.2672369256452022
146,8,X,X,D,0,0.4451198079876337,0.3250766025996616,0.564143369001442,0.25714715255025333
146,9,X,X,D,0,0.4445699637025394,0.3007875841973946,0.5700787339692628,0.2763206463621414
146,10,X,X,D,0,0.42740944808775544,0.3160444054786642,0.5128634512852215,0.2569196455294171
146,11,X,X,D,1,0.4174816208435188,0.2898559738908045,0.5086618669469098,0.26167831898451244
146,12,X,X,D,0,0.4735055598092949,0.26043653293830377,0.48798464058041374,0.2530845758026071
146,13,X,Y,J,1,0.4469511909840996,0.25,0.4966335262203692,0.25
146,14,X,X,D,0,0.46803625116903796,0.27742533046942935,0.5237763459462084,0.26591408680997397
146,15,X,X,D,0,0.4605909553696245,0.2849076020476024,0.5462218995748322,0.2957259318411479
146,16,X,X,D,0,0.476356483239889,0.28079911770791716,0.523021890710743,0.2748818256918541
146,17,X,X,D,1,0.5157113769995652,0.26387831539946827,0.508061168133557,0.28344698069790686
146,18,X,X,D,0,0.5317437997399239,0.27344602684090297,0.514894847019983,0.25866633052140087
146,19,X,Y,J,1,0.5072780958155962,0.2863383969723338,0.49557626155266205,0.25
147,0,X,X,D,1,0.6388566562521291,0.4273538476991499,0.3312845397245547,0.30528371766430606
147,1,Y,Y,J,1,0.5601180156571999,0.47066217717415687,0.31811251314186667,0.2986795609477411
147,2,X,X,D,1,0.5567471498229842,0.45564858336660813,0.33409550047960207,0.28274344801658197
147,3,X,X,D,1,0.5797077269101493,0.42450200572654984,0.3304688032845028,0.2806718412243467
147,4,X,X,D,0,0.5709255249028383,0.40484947093607937,0.31017431550558305,0.33582504184073125
147,5,X,X,D,1,0.5688660868178251,0.3602789804436203,0.31903573719807926,0.33995611699867856
147,6,X,X,D,0,0.5752835939332247,0.39353782426187606,0.28824268642608125,0.34975000369160447
147,7,X,X,D,1,0.5936907386534376,0.40012604084717207,0.31792000048773206,0.3829450697372492
147,8,X,X,D,1,0.5948952773299806,0.3764345631804848,0.297798759361532,0.36289254078591077
147,9,X,X,D,1,0.5481920794219605,0.3999650258431644,0.295658129233767,0.37440773213183537
147,10,X,X,D,0,0.535280281190586,0.42858086741461837,0.25,0.3524740948969331
147,11,X,Y,J,1,0.5900861723873871,0.4292368714042877,0.2757837868810344,0.3718147169558701
147,12,X,X,D,0,0.6291643938609306,0.43466567559700675,0.2776075417760505,0.3568580030209027
147,13,X,Y,J,0,0.6114911617338761,0.4531801143438207,0.25,0.2914425899739971
147,14,X,X,D,1,0.638894541119716,0.4432217143404429,0.29191706193391387,0.3019247252587231
147,15,X,Y,J,0,0.6305290651380447,0.41596806342517617,0.29679310140600107,0.287726603309658
147,16,X,X,D,0,0.6268436720794566,0.42624991569169174,0.2901031793280177,0.2623006140050546
147,17,X,X,D,1,0.6044116113935037,0.4501294293342466,0.26877015608938315,0.2512474109236349
147,18,X,Y,J,1,0.5789221123434987,0.4721108979157723,0.26579726655334623,0.25
147,19,X,Y,J,1,0.5538789839847622,0.45655087915938114,0.25866649740873826,0.29298073215710607
148,0,X,X,D,0,0.5704461731063865,0.6670903150112993,0.276678456322866,0.3615768940925552
148,1,Y,X,F,1,0.5768263001702658,0.6721490638326343,0.28440098161170796,0.3327304066846509
148,2,Y,Y,J,1,0.6352173420920533,0.6813066013332548,0.30178752113152313,0.3483099437472438
148,3,Y,X,F,1,0.638102021131393,0.6932496781947202,0.3096454944524579,0.3645935511997316
148,4,Y,Y,J,0,0.6670532546518232,0.7286470205766383,0.3305477208730475,0.3913772960647548
148,5,X,X,F,0,0.7076135303083149,0.6852655586897161,0.2782093971090338,0.3654449922360124
148,6,X,X,F,1,0.6940695798124941,0.6303793284555299,0.25,0.3863108839721152
148,7,X,X,F,1,0.7067478339632677,0.6659907893184658,0.25,0.3748879370683349
148,8,X,X,F,0,0.7064035817015087,0.6691106086262579,0.2852673128706137,0.38598532609147057
148,9,X,X,F,1,0.7249938972002924,0.7033529601060586,0.2602049951155727,0.3741964894227974
148,10,X,X,F,1,0.7247398703258012,0.7377948451921774,0.25424481541852395,0.34033480560978197
148,11,X,X,F,0,0.7334067782767563,0.7305257776037494,0.27089567585781066,0.33822564624024015
148,12,X,Y,J,0,0.7328643667604582,0.75,0.2603065405836629,0.34222825165025356
148,13,X,X,F,1,0.7080424493719639,0.7374005277142472,0.28514197245385414,0.3794245314127945
148,14,X,X,F,1,0.7317242433143093,0.75,0.29401056873233233,0.37286651940818893
148,15,X,X,F,0,0.75,0.7198403678251517,0.30668872200381075,0.4080638876326516
148,16,X,Y,J,1,0.75,0.701867578740979,0.28889961125728414,0.403378673432923
148,17,X,Y,J,1,0.736882694606071,0.666033118848876,0.2594171725325132,0.4151478828446766
148,18,X,X,F,1,0.75,0.664118257565175,0.2688891749244849,0.43987670161297115
148,19,X,X,F,1,0.7383567883221513,0.6825474011686063,0.29290765596501617,0.4571973323391384
149,0,X,X,D,0,0.5305214549941097,0.4023301581459149,0.3093077729536022,0.3829207095809416
149,1,Y,Y,J,0,0.49791820258234454,0.394613919097415,0.29577083039247476,0.38714939241830926
149,2,X,Y,J,0,0.5124223797674143,0.3752242337587083,0.3298444691079676,0.34584027623768504
149,3,X,X,D,0,0.4600017520044247,0.3579542673806211,0.3288585407368741,0.32962531728249994
149,4,X,X,D,0,0.41457936934554795,0.3722936202271625,0.3256203284701274,0.34139906308797824
149,5,X,X,D,1,0.38019236392409916,0.3264367367532954,0.3066700533500604,0.3667176515560738
149,6,X,Y,J,1,0.387723212880539,0.35206164940995505,0.2692786543972496,0.3683193538558827
149,7,X,X,D,0,0.31976087143964516,0.3405506547986331,0.29002488678254607,0.3724026272504222
149,8,X,Y,J,0,0.3005355036790899,0.31378653186883015,0.3001387050077356,0.39731640508090865
149,9,X,X,D,0,0.3179212188966517,0.2811806756361449,0.3262080164032488,0.34719296831766955
149,10,X,X,D,1,0.30405967642192944,0.29527190408216303,0.35614369059682965,0.3373210542097478
149,11,X,Y,J,1,0.30899848167372346,0.2653873689674997,0.35673614774727425,0.2964614112965931
149,12,X,Y,J,0,0.293237893064207,0.29127942547289826,0.40704734736654946,0.2957380250636168
149,13,X,X,D,0,0.29632488429262765,0.27635125153937246,0.4124074694734258,0.27916840954669325
149,14,X,X,D,1,0.32191153648175286,0.2967280750538952,0.38107758114416573,0.2673439577158476
149,15,X,X,D,0,0.3486761709924457,0.26540728673604996,0.4296299766965321,0.25
149,16,X,X,D,1,0.34833172263432527,0.25,0.4494085059765371,0.26537917359065455
149,17,X,X,D,1,0.4257682021475897,0.25,0.4894645738101747,0.27012525724595277
149,18,X,X,D,1,0.46981063682544877,0.25720707857198616,0.44341542210918317,0.2689200127088582
149,19,X,X,D,0,0.4311444869863067,0.2817515728527152,0.42714605471486444,0.25
150,0,X,X,D,1,0.7396072280224234,0.5910259225172649,0.29797618334483184,0.5880285904400775
150,1,Y,X,D,1,0.7392537241813417,0.6077542632536669,0.33655230816393467,0.6018205339579734
150,2,X,X,D,1,0.7421663669884183,0.6482039515651465,0.31954968734476247,0.5610215949116563
150,3,X,X,D,1,0.6934590757333432,0.6694096219132589,0.3334660710609974,0.5396143614240874
150,4,X,Y,J,1,0.6792032064282406,0.6083647737844124,0.3650982330826747,0.5784279951906135
150,5,X,Y,J,0,0.6773640023169882,0.5760634138903775,0.38455977967531363,0.6148553812278887
150,6,X,Y,J,0,0.6732067209705548,0.5632399520229585,0.405041477137029,0.6086740657415617
150,7,X,Y,J,0,0.638828135513188,0.5896459166265472,0.45313193408079966,0.6036153582811535
150,8,X,Y,J,0,0.6310330614735806,0.6052709955887102,0.44286038873459627,0.5438856436414204
150,9,X,X,D,0,0.6236092171948017,0.6007939998532273,0.4471291357700524,0.5310075955060224
150,10,X,Y,J,0,0.5961318448167818,0.6255159347078196,0.42499118073545916,0.49519219323543995
150,11,X,Y,J,1,0.6109981112825704,0.631121807077774,0.43714287859381096,0.5040810798351882
150,12,X,X,D,1,0.5923697233112081,0.6386296328129928,0.44843957459338807,0.4703173172914037
150,13,X,X,D,1,0.6231369268223163,0.671047384812896,0.4738925143316023,0.49113457943819067
150,14,X,X,D,1,0.6089202609930563,0.6692880091027672,0.46927926793371816,0.5471866094442664
150,15,X,X,D,0,0.6208234038610693,0.6653025022502849,0.526357807837822,0.5494696517988126
150,16,X,X,D,1,0.6229633523701661,0.6503925298029614,0.5453921269749389,0.518406885394652
150,17,X,Y,J,1,0.6029207736105748,0.6281227151441741,0.581534123323135,0.5725479671187917
150,18,X,X,D,0,0.6512681506717102,0.6223035600553735,0.5944417880700125,0.6293182662039751
150,19,X,X,D,1,0.6954382384820706,0.5946307628490108,0.6180643148511139,0.6479027603731381
151,0,X,X,D,0,0.4430882955815776,0.3334981318381197,0.4799543598785093,0.2926002402256088
151,1,Y,X,F,0,0.4692330499605814,0.2900867319044351,0.4642385348394608,0.290723209948882
151,2,X,X,D,0,0.42133630018627877,0.2577385971786706,0.42981436497000497,0.25
151,3,X,Y,J,1,0.3733051274181511,0.27269444101603685,0.43109333309258946,0.26696212027744026
151,4,Y,X,D,1,0.37377548007585804,0.2775780777194953,0.388486954566009,0.25
151,5,X,X,D,0,0.3814111986607012,0.3095238668055767,0.39072583669365346,0.2551723656643429
151,6,X,X,D,0,0.3743980336913813,0.3433652393410825,0.3948734776788755,0.2561738517270104
151,7,X,X,D,1,0.34619715467686907,0.3264350910594176,0.39073581599696605,0.2810574475107466
151,8,X,X,D,0,0.3232092436447951,0.3697192179492873,0.3623940921142128,0.2521382118118748
151,9,X,Y,J,0,0.2768535207475916,0.3973517479104508,0.3103646902212582,0.30518966504643397
151,10,X,X,D,0,0.32646905693298495,0.39183256693314517,0.3385251369732058,0.29442320458874305
151,11,X,X,D,1,0.3145649849845578,0.4159849336407262,0.3459709211807865,0.27534517395563746
151,12,X,X,D,1,0.27433407939011034,0.41742643456914114,0.352871013029598,0.26872433052237255
151,13,X,X,D,1,0.25950591456739314,0.41074487509881147,0.3477114737872294,0.2769483099347511
151,14,X,X,D,1,0.25,0.4216510701281631,0.36583987037629445,0.2635465665785253
151,15,X,X,D,0,0.25,0.4052068930926426,0.38557073851111556,0.30090163762729166
151,16,X,X,D,0,0.25,0.45117692923619956,0.3621970209856054,0.2763472952983219
151,17,X,Y,J,0,0.25,0.4492650858909848,0.34745781435100376,0.3003695305235695
151,18,X,Y,J,0,0.25,0.4348050198087022,0.36308993996165273,0.2864077849160372
151,19,X,X,D,0,0.25,0.40752356211129126,0.35391632138131773,0.2537558196179587
152,0,X,X,D,1,0.6595968021887757,0.4277880675479952,0.6079267621844644,0.2851859566611497
152,1,Y,X,D,1,0.6298339361190088,0.43897171482165365,0.6187684008354832,0.26205007813260806
152,2,X,X,D,1,0.6350595824225176,0.45389935329650966,0.5849522730115045,0.2828433321623729
152,3,X,Y,J,0,0.6310693719023914,0.47626068712392755,0.5704405927301173,0.2521108018577243
152,4,X,X,D,1,0.6260513709924127,0.4991931277522461,0.638214138338457,0.25
152,5,X,Y,J,1,0.6050200168123987,0.47950075640996637,0.6153883491750028,0.25
152,6,X,Y,J,0,0.5521450179738153,0.45369168549461814,0.6224165841728098,0.25
152,7,X,X,D,1,0.5765557144579724,0.47977489001329787,0.6006393496150938,0.25
152,8,X,Y,J,1,0.5707805783695731,0.44278797002620685,0.5510670877362535,0.25
152,9,X,X,D,1,0.5927297910116259,0.41238382522420364,0.5646087867620342,0.25943020313239307
152,10,X,X,D,1,0.6068991257901444,0.4010436531357795,0.529960785904377,0.25
152,11,X,Y,J,1,0.5593853148368633,0.4038412326441198,0.5794183286985287,0.2750382753964279
152,12,X,X,D,1,0.5578664725173444,0.39697460542619617,0.5697180802908143,0.2998971178175373
152,13,X,X,D,1,0.530040168942837,0.3924735080678681,0.577390795925896,0.2553825663714592
152,14,X,X,D,1,0.5572247633194118,0.3809861378393816,0.5643860743133278,0.26947017771892023
152,15,X,X,D,0,0.5699437223368067,0.322169084201542,0.5656804780790546,0.25208829926664045
152,16,X,Y,J,0,0.5389039757232482,0.31718699486987284,0.5588811779877593,0.2691126000045687
152,17,X,X,D,1,0.5365217947826634,0.29003529242502596,0.5462381896282005,0.27135608923609983
152,18,X,X,D,0,0.5217462951072351,0.26982085222096414,0.57157039063019,0.25
152,19,X,X,D,0,0.4743145417206246,0.25809074557764283,0.5649475246689698,0.25
153,0,X,X,D,0,0.3421169963762654,0.2846489840860984,0.5668288975627257,0.4112006576468872
153,1,Y,X,F,0,0.3507752789797197,0.2859540935773862,0.5778880854743842,0.3917350768079837
153,2,X,X,D,1,0.3520372012842162,0.28876416030859114,0.548626676002436,0.3927424796252253
153,3,X,Y,J,1,0.35992563757341506,0.32243024826011296,0.5353180426152997,0.4288387679804934
153,4,X,X,D,0,0.3326955505382163,0.33666887888632613,0.5348325668826696,0.42455846815079423
153,5,X,X,D,0,0.3172716161822584,0.35679353560579474,0.5626831759428756,0.4624400126900211
153,6,X,X,D,0,0.3383691492445365,0.38383400609235185,0.5351203404650763,0.47039626824321135
153,7,X,X,D,0,0.32338917376267284,0.3996558268067915,0.5295705783004893,0.4877409093650623
153,8,X,X,D,0,0.31038160777129364,0.39454590861472605,0.4848045428085701,0.5135358461319433
153,9,X,X,D,0,0.3180149593270471,0.37432628545089525,0.4549399525044795,0.5267344505786002
153,10,X,X,D,0,0.3319467252081295,0.3665640359744386,0.45906817229793795,0.5070639669982027
153,11,X,Y,J,0,0.35046489492313215,0.3709959713374722,0.47232325401195463,0.4899189037849369
153,12,X,X,D,0,0.33926831579228517,0.3482288507445327,0.4583274377105853,0.5107397514660389
153,13,X,Y,J,0,0.4101207833559528,0.33701653165250284,0.4705917204038266,0.5127350574279129
153,14,X,X,D,0,0.34821736570101236,0.38050498274669287,0.4401262259900096,0.5040921302455097
153,15,X,Y,J,1,0.3378024062568384,0.3877308352554172,0.4363569875094685,0.5211818997916431
153,16,X,Y,J,1,0.33831470918897627,0.36128715784831716,0.4466251795253137,0.5294254419779647
153,17,X,X,D,1,0.31429180106137816,0.317986766718554,0.42376377611146177,0.5028839664542004
153,18,X,Y,J,1,0.3152024580425701,0.32204545132040685,0.4135977913408526,0.468153252389833
153,19,X,X,D,1,0.2990162752983907,0.32298896393456733,0.42791681502065526,0.4851832711351262
154,0,X,X,D,1,0.28645892813045887,0.5319323309192201,0.7348746770750292,0.5435675402192672
154,1,Y,X,D,0,0.3129244920093423,0.5367240354251124,0.7429494830510147,0.5384111791317917
154,2,X,Y,J,0,0.3542557013862926,0.5110733563912181,0.75,0.5533671418832801
154,3,X,X,D,1,0.3565119768502007,0.5077435435318194,0.7304225767015322,0.5498993836357977
154,4,X,Y,J,1,0.3601311579267104,0.511315298540525,0.7091114046156496,0.6016236804001623
154,5,X,Y,J,0,0.337295602353358,0.5055168968957483,0.7263143971830381,0.6087578793534867
154,6,X,Y,J,1,0.32535890534252543,0.5124033157636689,0.7300679065051915,0.6106855330361566
154,7,X,Y,J,1,0.3342570646813002,0.5381458883010226,0.6834067009581714,0.6113815686872706
154,8,X,X,D,0,0.3104921869955177,0.5456183906763395,0.6904724090176468,0.6227293803310414
154,9,X,Y,J,1,0.2995682872701107,0.5296671794379992,0.6426514953553633,0.6050004411536081
154,10,X,Y,J,1,0.2559889403033804,0.5560645954983185,0.6455098232712455,0.590834128478711
154,11,X,Y,J,1,0.25,0.5837969047638647,0.6115977218596428,0.5876716070405622
154,12,X,Y,J,1,0.25,0.5854886833504274,0.6043028605307298,0.6073083224157403
154,13,X,X,D,0,0.25,0.5726437549863465,0.5800204809400022,0.6454875341758332
154,14,X,X,D,1,0.30296623261367955,0.5845913405899266,0.5392149654466506,0.6814854140333441
154,15,X,Y,J,1,0.32464928933289317,0.6140992819424934,0.5466695962535131,0.6884266676344838
154,16,X,X,D,1,0.34126461391229906,0.6153239374596243,0.5176349952972955,0.7193128096956539
154,17,X,Y,J,1,0.2727824586678269,0.6516346057067086,0.5134673746164603,0.709886058208908
154,18,X,X,D,0,0.2702248078905669,0.6500840138955232,0.5027190187358163,0.7290838521118682
154,19,X,X,D,0,0.2693114598944084,0.6556297619827942,0.5186937639014636,0.75
155,0,X,Y,J,0,0.640632627823346,0.3689562395505045,0.3611851295514292,0.4830878754530825
155,1,Y,X,D,1,0.608890730470703,0.36860958638909175,0.4093134882955031,0.43266257985339346
155,2,X,X,D,0,0.5912852493850916,0.3786886103379019,0.4110707768093945,0.44318123550613736
155,3,Y,Y,J,0,0.6077236161470011,0.3681723399565541,0.3984301167677906,0.40030990712573844
155,4,X,X,D,1,0.5609491508122872,0.39154742869484516,0.41497477496067936,0.4072331572551134
155,5,X,X,D,0,0.6122458941057255,0.40516851502919793,0.4537386600376675,0.4061277175634738
155,6,X,X,D,1,0.6229822114213481,0.4005523574528741,0.4331113236284349,0.38245089096241514
155,7,X,X,D,1,0.6527103842041964,0.3517203944097169,0.4037739306494556,0.45801295663140423
155,8,X,X,D,1,0.7249635883805258,0.3011678286006479,0.39389253078030934,0.44652830616243067
155,9,X,X,D,1,0.75,0.323540602191493,0.39967529599913504,0.44430659728298366
155,10,X,X,D,1,0.6871565500978024,0.32352631158598116,0.37585995955343776,0.4935730322598445
155,11,X,X,D,1,0.703281412222763,0.30563051079935893,0.4302443970087647,0.5019064073613677
155,12,X,X,D,1,0.6793453923997697,0.29922304629999574,0.4572420042999251,0.5249809631828488
155,13,X,X,D,0,0.6686667119606945,0.31814352160195253,0.4456947847393894,0.5363716825045479
155,14,X,X,D,1,0.6271035543129756,0.2985601976359688,0.46184451501924717,0.5564433588136335
155,15,X,X,D,0,0.6697152711733697,0.28122398027404905,0.475126001184338,0.5429087392252286
155,16,X,X,D,0,0.6866143719982215,0.27545169991732704,0.46568299280406045,0.5757677972233008
155,17,X,X,D,0,0.6666645616323064,0.28082885163464655,0.4603635242296911,0.5387335307599336
155,18,X,X,D,0,0.6689716653766288,0.2712146916344662,0.4485176049863214,0.5638407402472243
155,19,X,Y,J,1,0.6731663820314704,0.28641944796656127,0.44037921062303964,0.5646771116068622
156,0,X,Y,J,1,0.6789815087352404,0.3265359663336856,0.5560723418638778,0.6018255868090395
156,1,Y,Y,J,0,0.6344634205047337,0.32582582104562463,0.5065381418985299,0.5833846265906826
156,2,X,X,D,1,0.5966330270609972,0.31592161557246257,0.5233771348035148,0.5876384788865016
156,3,X,X,D,0,0.6262889185987562,0.31886840635504893,0.5150026874920096,0.5885191967212098
156,4,X,X,D,0,0.6082774420534616,0.2876444746794094,0.4715200754136332,0.5815957343889621
156,5,X,X,D,1,0.6409256071370543,0.28120353593059794,0.5052457651885721,0.5817623284171656
156,6,X,X,D,0,0.637452169161484,0.3016413942119469,0.5193596456447696,0.5604141836045766
156,7,X,X,D,1,0.6306604374177938,0.31859239590305033,0.5412038443577953,0.5709828328544824
156,8,X,X,D,0,0.6227820785095258,0.35908402105822107,0.5169611919472547,0.5886770637683854
156,9,X,Y,J,1,0.5717963883794233,0.375304877464893,0.5144775132102313,0.5875325850109626
156,10,X,Y,J,0,0.6019003828680556,0.38133001949332807,0.5459378121932702,0.5622920398924153
156,11,X,Y,J,0,0.6240678357213344,0.3672551604606425,0.5587808305120513,0.5576983071201564
156,12,X,Y,J,1,0.6377437761485549,0.34393562467118294,0.5472016581612602,0.5352088929305463
156,13,X,X,D,1,0.6126652494780257,0.32880568897589496,0.5404764417097021,0.5714048633170054
156,14,X,X,D,0,0.633717382206104,0.34335463134330835,0.5131464431205687,0.511006536624388
156,15,X,Y,J,1,0.6317318886858484,0.34681589158888226,0.47024987920452455,0.5095463516116625
156,16,X,X,D,1,0.6383631051151405,0.37047338731052254,0.5049794071553305,0.5212963846278034
156,17,X,X,D,0,0.6380812951800883,0.3802804798443975,0.5097995179739024,0.5404356022635151
156,18,X,Y,J,0,0.6132116925401649,0.39191925185084064,0.5233024103116104,0.5447689549031759
156,19,X,Y,J,0,0.5576909877787448,0.4067238763158745,0.5380361192548968,0.5450912034384057
157,0,X,Y,J,0,0.588012893086431,0.3094932858823368,0.5949477217327183,0.4527528537363924
157,1,Y,X,D,0,0.5959647767711613,0.2591825522269343,0.6156021841139574,0.4862209775069507
157,2,X,Y,J,1,0.5625492738162509,0.2693707282489883,0.618833748153138,0.48275700679476724
157,3,X,X,D,1,0.5621399459701283,0.2505507991933685,0.6142258840540402,0.4963010089999402
157,4,X,Y,J,0,0.6163404268262532,0.3008485997088159,0.6254190395529887,0.4991048188564605
157,5,X,X,D,1,0.6126533169263574,0.3308864112482487,0.6522251401280122,0.5225305319743354
157,6,X,Y,J,1,0.5874892795723378,0.30052378451794304,0.6475185782792388,0.5344738048452284
157,7,X,Y,J,1,0.5746229899830516,0.288467766441491,0.7205926510379785,0.5239541080648416
157,8,X,X,D,1,0.5875046991670125,0.2869655491130581,0.75,0.5400796735571352
157,9,X,X,D,0,0.563424650818545,0.28766608564347046,0.75,0.5259763638630338
157,10,X,Y,J,1,0.5284713525904111,0.27914458909702794,0.75,0.4668212184950513
157,11,X,X,D,1,0.5036300828473161,0.27988429431103884,0.75,0.4517260804340154
157,12,X,Y,J,1,0.5102305883813308,0.26679121548592316,0.7498414712983101,0.4198448657461431
157,13,X,X,D,1,0.5208467666031598,0.2742924275027989,0.7452645970585614,0.452117819168319
157,14,X,X,D,0,0.5344482905120476,0.29855013196772834,0.7194035299003637,0.497009090860611
157,15,X,X,D,0,0.5242875861068076,0.2953463893241226,0.682085486169117,0.47800561958406934
157,16,X,X,D,1,0.4903481290155285,0.3546607953803179,0.6952497522950019,0.49935608190290703
157,17,X,X,D,1,0.4483431683966477,0.34219427044576667,0.7085705560583763,0.49461663139874756
157,18,X,X,D,1,0.4834010214111028,0.36553084436807576,0.7039381157141354,0.5203857853425271
157,19,X,Y,J,1,0.5090309496226497,0.3559907367203461,0.7395245921309288,0.49351401139208073
158,0,X,X,D,1,0.6334697725266611,0.46515056083079587,0.43791167185505003,0.7186805622517549
158,1,Y,Y,J,0,0.6413441430953202,0.46225803343359423,0.43952612306729105,0.6878127684675069
158,2,X,X,D,1,0.6664306162359712,0.48954151034937093,0.4628027161632211,0.6787776949064486
158,3,X,X,D,1,0.6686877777532627,0.49532161546038045,0.4741824579555416,0.6573828968704516
158,4,X,Y,J,0,0.674399710433938,0.4959038978570084,0.4810107811287979,0.6597556214977406
158,5,X,X,D,0,0.6595554642114151,0.5282798583704528,0.4918583099811759,0.6710696934661143
158,6,X,X,D,1,0.6895255347552716,0.5314405955536833,0.4764392817044801,0.6773967479839791
158,7,X,X,D,0,0.6858486057718672,0.5181605971110919,0.46908344645637334,0.6977436926387484
158,8,X,Y,J,0,0.6615700164773178,0.49183270202041846,0.47730346284410996,0.7083756946533286
158,9,X,X,D,1,0.6381870282526957,0.5293596895811559,0.4259366168363081,0.706080924555803
158,10,X,Y,J,0,0.6303433236019521,0.5080533007136976,0.43565744289237796,0.7340059810133908
158,11,X,X,D,1,0.6097016726052696,0.4736824379199411,0.445906065755985,0.75
158,12,X,X,D,1,0.6489303288508154,0.44966288707182595,0.4894715766549256,0.75
158,13,X,X,D,1,0.6617406282725273,0.4461268083568553,0.46324317461050485,0.75
158,14,X,Y,J,1,0.6709724353203599,0.4862899784730468,0.5279940729273583,0.75
158,15,X,Y,J,1,0.6605464090517476,0.48274910537222354,0.5029607979098265,0.7171861574251981
158,16,X,X,D,1,0.6559582459666601,0.4628420730286521,0.4762367637468641,0.7238423676542476
158,17,X,X,D,0,0.6538732422256854,0.5031443463714467,0.491699625050014,0.7249314955357524
158,18,X,Y,J,0,0.6138925840417215,0.5087685527358852,0.48380847161138,0.75
158,19,X,Y,J,1,0.6361555733159838,0.5187695606794966,0.5034058528901378,0.75
159,0,X,Y,J,1,0.39692200906820435,0.34540996411197583,0.725232862168236,0.3141541971439662
159,1,Y,X,D,1,0.4372663678538724,0.3287808331292481,0.75,0.3155732944793213
159,2,X,X,D,1,0.42800443630700974,0.27537884340098134,0.7411126983747157,0.308773148496815
159,3,X,X,D,1,0.4303035869906973,0.3309154997535045,0.7244500218727662,0.269455901076544
159,4,X,X,D,1,0.3907193155569123,0.31533864227625086,0.7242130470329925,0.2836403041679226
159,5,X,Y,J,1,0.38569181088635807,0.30723830335765423,0.717217200279129,0.2538568006977764
159,6,X,X,D,1,0.37538160962918454,0.29134340166081996,0.7117077777550795,0.268304226200244
159,7,X,Y,J,1,0.32396954460225275,0.27665947400118013,0.747104593715572,0.2702616912908791
159,8,X,Y,J,1,0.341176439002221,0.25,0.75,0.2788327029669586
159,9,X,Y,J,1,0.3504273117829804,0.26425605132963076,0.746077034288583,0.29447935824331506
159,10,X,X,D,1,0.35414739692032543,0.2935241777156951,0.743498291085874,0.30612894209492614
159,11,X,Y,J,0,0.3419867342560987,0.29193875479712833,0.7278746223663919,0.3036352233977703
159,12,X,Y,J,1,0.324512162229869,0.26035357669691617,0.7006655519984087,0.37068767686027154
159,13,X,X,D,0,0.28391629328512785,0.29173330799753106,0.7308775197633907,0.31607191411180247
159,14,X,X,D,1,0.2620674338211587,0.2826828987241093,0.7075345304688178,0.3243203541786863
159,15,X,X,D,1,0.27082330711367353,0.27843657787808757,0.6341443693805184,0.3306858771492828
159,16,X,Y,J,0,0.25,0.25,0.5780740203924883,0.3293273593460163
159,17,X,X,D,0,0.25,0.25,0.612501897896785,0.31986302309475223
159,18,X,X,D,1,0.25,0.28735218382482564,0.6273255261782645,0.3046803088183043
159,19,X,X,D,0,0.25794646257323584,0.3370946383380325,0.6657580536614529,0.2938285813182403
160,0,X,Y,J,0,0.5162393185544994,0.6637228525152925,0.4386264971457257,0.26848018111281136
160,1,Y,X,D,0,0.4980522340174564,0.684583753985948,0.431269211761791,0.2795936603816249
160,2,X,Y,J,0,0.44732739545670075,0.7158686618538245,0.43434208359356785,0.25044289991658497
160,3,X,X,D,0,0.4815538932349551,0.700971501424868,0.37821680696266163,0.25002694659798236
160,4,X,X,D,0,0.5024835459535218,0.7147998454132809,0.36349958131631044,0.25
160,5,X,X,D,1,0.5046093803025961,0.7134957015363889,0.38571129022360895,0.25
160,6,X,X,D,1,0.5028557489950926,0.7237039496260071,0.3523178564310673,0.25
160,7,X,Y,J,1,0.4928227377722046,0.7126590404857363,0.32379135136814896,0.25
160,8,X,X,D,0,0.5229141549299706,0.7067322526939377,0.3574301148491825,0.25
160,9,X,X,D,1,0.5019347161660409,0.7019624122622228,0.38396270895424817,0.25
160,10,X,X,D,0,0.507476250416065,0.7178349047060104,0.37213750507154214,0.25756179538182244
160,11,X,Y,J,0,0.5322799412742338,0.7196758044919196,0.3665770488189725,0.28279588801965916
160,12,X,Y,J,0,0.514447240612068,0.7243590441813088,0.39152006190296257,0.31185392880827134
160,13,X,X,D,0,0.5056154629596071,0.6937272253143754,0.39230849853096,0.2942396505476204
160,14,X,X,D,0,0.4802778395549851,0.7175813931696817,0.4190439459148094,0.3239757750393809
160,15,X,Y,J,1,0.4896663329577134,0.7048904881046362,0.4280658742978743,0.3223461729915979
160,16,X,Y,J,1,0.47708260117669793,0.6752425608410714,0.424509752876004,0.3554691637559697
160,17,X,X,D,0,0.5032457129724807,0.6612192512844873,0.34412279962994113,0.38185114224774036
160,18,X,X,D,1,0.49284111981741097,0.6452462625185305,0.3017920499317867,0.4085441883941938
160,19,X,X,D,0,0.4874578211969875,0.6293563541536615,0.29936704961957394,0.46235061722342485
161,0,X,X,D,1,0.5593274778600683,0.3462254201218108,0.5979284648399884,0.601924213600764
161,1,Y,Y,J,1,0.5418379417934981,0.3463332419141451,0.5847948887927196,0.6147564156942745
161,2,X,Y,J,0,0.5853013309200811,0.32936756084604196,0.5614803673364432,0.5864944258510254
161,3,X,X,D,0,0.6000299841832996,0.3641875662500822,0.5799040271566009,0.5908333370254146
161,4,X,X,D,1,0.6565251119734435,0.3038157138350283,0.593698106863547,0.5884205669086006
161,5,X,Y,J,0,0.6886355499079082,0.2785763255539556,0.6028270668417204,0.5876549743693961
161,6,X,X,D,0,0.6651031561808319,0.25,0.619965421713268,0.5653460357799063
161,7,X,Y,J,1,0.6880218070977862,0.25,0.6118145698261308,0.6018374360585199
161,8,X,Y,J,1,0.64312189840906,0.27056559214611675,0.6132001420337383,0.6040504514613182
161,9,X,X,D,1,0.681589631844129,0.2845856944741747,0.664565375053428,0.6072030368915949
161,10,X,X,D,1,0.6828647589463384,0.2903281897852623,0.6748879634837325,0.6110631336852804
161,11,X,X,D,1,0.685792654236098,0.27079136636882234,0.6797178619359266,0.5638910358196416
161,12,X,X,D,1,0.6862643918559698,0.29962373822636557,0.7164318503217018,0.5630758772720434
161,13,X,Y,J,0,0.6703800332473968,0.33326421661655026,0.7164687734902955,0.5792751161477062
161,14,X,Y,J,1,0.6750802089351212,0.32968825098525595,0.7041909608669333,0.5310291059308031
161,15,X,X,D,1,0.6814343249936342,0.2814848146594361,0.6761109404975388,0.4993717564594823
161,16,X,Y,J,1,0.6797347560151965,0.25093949316518693,0.6839124000354402,0.5315953501482696
161,17,X,X,D,1,0.683328151223032,0.28228665244382334,0.6926944187063255,0.5466291890177161
161,18,X,Y,J,1,0.7330756466733431,0.2741265837291318,0.6793790811396179,0.5236651270577216
161,19,X,Y,J,1,0.7227198127556675,0.2581033309951737,0.6968901605268971,0.5198314870779855
162,0,X,X,D,0,0.34374975964585064,0.25016218896007975,0.5599209830812792,0.48572249639438597
162,1,Y,X,F,0,0.35520448976653085,0.2534496061718379,0.5869065817054502,0.4452571513166693
162,2,X,X,D,0,0.35761473085451984,0.25,0.6036977054974634,0.4116193962115562
162,3,X,X,D,0,0.42752302564302946,0.25,0.6414332326738302,0.38774576107083636
162,4,X,X,D,1,0.41817476859810226,0.2502739920447711,0.6452548029285328,0.3482701921394051
162,5,X,Y,J,0,0.4073590107934369,0.25,0.6699288466222943,0.3606984958516392
162,6,X,Y,J,1,0.4260156192747216,0.2742181919020839,0.6814430702395183,0.37643490602333773
162,7,X,X,D,1,0.4289487851757711,0.26635830636770286,0.6657968389032273,0.36313052072651114
162,8,X,X,D,1,0.39791720226418825,0.2563465572989521,0.6807018909130325,0.3809282806776981
162,9,X,X,D,0,0.3991766333180101,0.25,0.7244321869000674,0.4037998410016196
162,10,X,X,D,1,0.41735997017105847,0.25,0.7311541424608226,0.3940080270870416
162,11,X,X,D,0,0.39526841656554546,0.25,0.75,0.3697915179564848
162,12,X,Y,J,0,0.39023421752444826,0.25,0.74795152344539,0.3894561665733198
162,13,X,X,D,0,0.38159550182010854,0.25,0.75,0.4005516066192078
162,14,X,X,D,0,0.42469826256607934,0.25,0.7369417821072984,0.3757511979597276
162,15,X,Y,J,1,0.4311719086346841,0.25,0.6863230073129073,0.4036594423753852
162,16,X,X,D,0,0.4377233407455623,0.2535051770304297,0.7148836391936191,0.3872956668767143
162,17,X,Y,J,1,0.4321408605949021,0.2897303202229157,0.7188292697687204,0.3808768875497091
162,18,X,Y,J,1,0.38208840569835295,0.31214152079283725,0.7480022144516946,0.4369089536925769
162,19,X,X,D,0,0.3469178134570812,0.3262347303944625,0.75,0.4199663055637127
163,0,X,X,D,0,0.4562159689165003,0.5590820098595088,0.7443452345441768,0.6844553831224085
163,1,Y,Y,J,0,0.4729114754129155,0.5908831140401539,0.75,0.638798527817725
163,2,X,X,D,0,0.47212489883676534,0.6001010290995777,0.6826737561850238,0.6575422010457092
163,3,X,X,D,0,0.49576256261133833,0.6073095338459653,0.6844677490717466,0.6607705293235014
163,4,X,X,D,1,0.4599963648635526,0.5910153915782518,0.6827209382345801,0.6787690777469353
163,5,X,Y,J,1,0.4658929463861547,0.5951668580334584,0.6772915591392552,0.7313356976588156
163,6,X,X,D,1,0.5159688663927475,0.5709647558711922,0.6995821561048972,0.707573393995205
163,7,X,X,D,0,0.5327268537360231,0.5670200790193844,0.6911430525229951,0.701579735641376
163,8,X,X,D,1,0.5557004840520557,0.5298109666999637,0.7278892250727537,0.7330321420364718
163,9,X,X,D,0,0.5700042092031393,0.4956117588792092,0.7429888965527777,0.75
163,10,X,X,D,0,0.5741123340186061,0.4814219236245966,0.7497635013651891,0.7389367307095331
163,11,X,X,D,0,0.5502051852800112,0.46825209872457485,0.75,0.75
163,12,X,Y,J,1,0.5614420263335911,0.4462028804279523,0.734854092286039,0.75
163,13,X,X,D,1,0.6023520233781015,0.41881536714562756,0.74425075652948,0.7127596613394613
163,14,X,X,D,1,0.6185301317513582,0.4354914665427889,0.75,0.7382930725026003
163,15,X,X,D,1,0.6683336487533695,0.43890189159712933,0.75,0.7304648026946409
163,16,X,X,D,1,0.6754751741484706,0.434170862971868,0.75,0.7340003421776985
163,17,X,X,D,1,0.6451309098866681,0.42523014656019786,0.7198696590663944,0.75
163,18,X,X,D,1,0.6331490376347767,0.44599712398489794,0.75,0.75
163,19,X,Y,J,0,0.6166438322431809,0.452855612427891,0.7358016841258301,0.7435686166241601
164,0,X,X,D,0,0.2664137865757642,0.6564745433675212,0.618611095631912,0.47746066222007105
164,1,Y,Y,J,1,0.2790762826722608,0.6384922902056465,0.6245019124439407,0.4564541425510125
164,2,Y,Y,J,1,0.25,0.6491237614145954,0.602314939473273,0.41949699925805184
164,3,Y,Y,J,1,0.25,0.5988017363376558,0.6031664430972127,0.4129366594616482
164,4,Y,Y,J,1,0.2563503737670408,0.5823870693857568,0.5825639982115225,0.4393845721850854
164,5,Y,Y,J,1,0.25,0.5674735446690956,0.5866644946943418,0.42480482052181967
164,6,Y,Y,J,0,0.29245530309258644,0.5601985194509755,0.5973536371699586,0.4295941019948795
164,7,Y,Y,J,1,0.25,0.5658897425162196,0.5772029369620257,0.45265810086890557
164,8,Y,Y,J,1,0.25,0.5883229475415076,0.5591241810364916,0.43872392174763625
164,9,Y,Y,J,1,0.25,0.631353670043394,0.5760385117797368,0.45424673716715774
164,10,Y,Y,J,1,0.2534149481992041,0.6374880458250736,0.5572439314756962,0.42688914460440197
164,11,Y,X,D,0,0.25,0.6095864079594551,0.5729671791998522,0.3815123794205909
164,12,Y,X,D,1,0.25,0.6148664490005881,0.5595191582306229,0.42943291745054746
164,13,Y,Y,J,1,0.2574689581518189,0.5933910805648326,0.5445515812801385,0.43105697587069264
164,14,Y,Y,J,1,0.25,0.539657979508078,0.5166923744163605,0.42396904263849733
164,15,Y,X,D,0,0.25,0.5284466460286117,0.5388901952853765,0.3886069897123743
164,16,Y,X,D,0,0.26738922786863123,0.5175796939470095,0.5651882894610794,0.38768728891708387
164,17,Y,Y,J,1,0.25,0.5025518461896351,0.5764044685081628,0.3847571962915508
164,18,Y,Y,J,0,0.25,0.5006979944421787,0.573196697200697,0.3834884747097033
164,19,Y,X,D,0,0.25,0.5025851506383747,0.6048303513770219,0.3739286009005096
165,0,X,X,D,0,0.257049452071857,0.6968597144281893,0.29142906400220897,0.30608261185913366
165,1,Y,Y,J,0,0.2580123739393257,0.6903486252548116,0.3269100218462937,0.3408058868977905
165,2,X,X,D,1,0.2801241463148707,0.6788108658119233,0.2725106707140023,0.3107428031267367
165,3,X,X,D,1,0.26372583670540645,0.6752271965438087,0.28029597831185643,0.3263621538616875
165,4,X,X,D,0,0.25,0.6962867784082609,0.2919043551429253,0.32784080151059
165,5,X,X,D,0,0.2609627313686831,0.6974389588558628,0.3100158710161382,0.33689113090480544
165,6,X,X,D,0,0.2871069870665929,0.6998347829123344,0.396908598200544,0.30751053849913246
165,7,X,Y,J,1,0.28443405075508815,0.719827626879112,0.3892394399226901,0.3423239546315507
165,8,X,Y,J,0,0.3082192377381632,0.7183119195151036,0.4474269738655276,0.3773165310126219
165,9,X,X,D,0,0.25771452381004245,0.7375752512750426,0.40463660434173265,0.37206932416263483
165,10,X,Y,J,0,0.2734052518194639,0.7364638604792467,0.4163144032399711,0.38946804135586405
165,11,X,Y,J,1,0.2681131650634402,0.7373305512711,0.42031579967600835,0.3885209423966097
165,12,X,X,D,0,0.2881060513139274,0.75,0.41835321984915597,0.3934220835536441
165,13,X,X,D,0,0.2984946167735325,0.7133804350821598,0.3685521854414162,0.4171006181666365
165,14,X,X,D,0,0.3214750240186498,0.6978143676285824,0.3106185457907401,0.3898265062868214
165,15,X,X,D,0,0.29967033295480056,0.6789541775000899,0.30068879621601224,0.37520381796315444
165,16,X,X,D,0,0.3091257505230209,0.7088361698324157,0.29390295876141587,0.4300799260696171
165,17,X,Y,J,0,0.3128878779874185,0.6538003857817696,0.28309277310214165,0.4500602714458305
165,18,X,X,D,0,0.27198991640309145,0.6635734791523069,0.29448892931549986,0.4360522819543347
165,19,X,Y,J,0,0.2806810160684126,0.6635054726439564,0.2916405976662295,0.476783205541561
166,0,X,X,D,1,0.606328154676659,0.3323101912951693,0.6313880412631367,0.3518981865260182
166,1,Y,Y,J,0,0.6326783025782284,0.33753796756414783,0.6387062890518957,0.3833391665333081
166,2,X,X,D,1,0.5937978155137983,0.3677331125371444,0.6764713528930829,0.44348255771027184
166,3,X,Y,J,0,0.5672134736550468,0.33052570414123617,0.6911363861994846,0.4636784343424382
166,4,X,X,D,0,0.6018089747793424,0.3255145239738379,0.6735878161741737,0.49695274878142426
166,5,X,X,D,1,0.5939868638706721,0.3629037077735991,0.6989196820171626,0.5280605025301344
166,6,X,X,D,0,0.5803753241451989,0.37396081571633094,0.7034642926803769,0.5252512311748365
166,7,X,X,D,1,0.5835191955292073,0.4064980701324678,0.6716994340173449,0.5357787833397696
166,8,X,X,D,0,0.6115098215509222,0.4493881999325341,0.6675425898283021,0.5893867471349457
166,9,X,X,D,0,0.6121389274000422,0.4848148438250949,0.6432484956035031,0.6166161439826704
166,10,X,X,D,1,0.6136194641983103,0.4532920586326807,0.6434179039482725,0.6011063196364675
166,11,X,X,D,0,0.58887167566851,0.47126800115562384,0.604034522544834,0.5703600426797971
166,12,X,Y,J,1,0.6227627473338807,0.4714653845109726,0.6325280427707275,0.5574323434007846
166,13,X,X,D,1,0.6030330042260242,0.46353134547958336,0.6696088045878471,0.5410615178574223
166,14,X,X,D,0,0.6062027364795772,0.47618766046023814,0.6402345312586614,0.552760115092103
166,15,X,Y,J,1,0.637943244686666,0.48233085936450354,0.6326433148141551,0.5451321269821413
166,16,X,X,D,0,0.6063318247965565,0.48769709659589794,0.6378519886357162,0.5457933406110789
166,17,X,X,D,0,0.5655312433118174,0.503129506796079,0.6468088703971505,0.5522963888390569
166,18,X,X,D,0,0.5770616403677499,0.520299112541969,0.6776370717259415,0.5631801063868956
166,19,X,X,D,1,0.5579980481375649,0.5274791237032239,0.6898456866809034,0.5803949286388791
167,0,X,X,D,0,0.3447562659108152,0.30172876776188456,0.57289283975891,0.523607058011784
167,1,Y,X,F,1,0.37696754111223824,0.3684090780250789,0.5800726372087306,0.5299303552958945
167,2,Y,X,F,0,0.3835730745352694,0.3924384177781264,0.5974235242368535,0.5120535964964265
167,3,Y,Y,J,0,0.38124479808482703,0.3943137063266114,0.6086418968318195,0.47644943564893416
167,4,X,X,F,0,0.3608794921603792,0.41427635387159034,0.5800337817629376,0.5051548342651905
167,5,X,X,F,0,0.3165514413444688,0.42907891957113803,0.5572673136519882,0.46958240461758993
167,6,X,X,F,1,0.33313135994003035,0.4539919486131374,0.548073876906022,0.4942540407541334
167,7,X,Y,J,1,0.3263416902607751,0.45787739609656514,0.596936203455051,0.5635172266468638
167,8,X,Y,J,0,0.27797205254596197,0.47423720329280283,0.6082803004942884,0.5330725231957285
167,9,X,X,F,0,0.25,0.442503875699801,0.5979509437090629,0.5409872222117069
167,10,X,X,F,1,0.3143229804993142,0.41017546960643475,0.6060316697526065,0.5630638344231564
167,11,X,X,F,0,0.32170390757820244,0.39092865717235326,0.5987693046140242,0.5729960119188532
167,12,X,X,F,1,0.3197000604198477,0.3836856302605097,0.586002989294871,0.5677546901005804
167,13,X,X,F,1,0.32883168088674314,0.3658409242457246,0.5865480541814707,0.5159142736628172
167,14,X,Y,J,1,0.3222825703924547,0.33280712489000464,0.5967435458519931,0.5430373886498179
167,15,X,X,F,1,0.3693912459894868,0.32337321200115177,0.5636896981530269,0.5329472864710136
167,16,X,Y,J,1,0.3695704133420722,0.32160165583693484,0.5871129488088846,0.4990137986222892
167,17,X,Y,J,1,0.3396898937145403,0.29266979131964466,0.5762411002001302,0.44470526698343943
167,18,X,X,F,0,0.2896442799089104,0.259177106354266,0.5730420658522228,0.45110573116094443
167,19,X,X,F,0,0.28193062361924826,0.25,0.5441230157006495,0.433131356365587
168,0,X,Y,J,0,0.49236834498259224,0.4218584917644568,0.42564060295363854,0.6188074981109678
168,1,Y,X,D,0,0.4700714355279212,0.46301212152304216,0.3976695523049139,0.6511504472976386
168,2,X,Y,J,0,0.4610068531516114,0.4442675496730156,0.36725393861960204,0.6223409370278301
168,3,X,X,D,0,0.43167852947377605,0.44521107303321683,0.40128539578261185,0.645280357036723
168,4,X,X,D,1,0.43896924192043174,0.42062977291974873,0.35749521597471223,0.6544005487578395
168,5,X,Y,J,0,0.4223715004105009,0.43181536144270477,0.3608175347480833,0.6873441571103137
168,6,X,X,D,0,0.4121127956284367,0.42445093559061353,0.372936473997373,0.6761917096205345
168,7,X,X,D,0,0.39610351419942164,0.46030639707225834,0.3944187522041532,0.6640327803690808
168,8,X,Y,J,0,0.3737146566452923,0.44539523706330053,0.42300577999506594,0.6527576335123391
168,9,X,Y,J,1,0.34464998424141885,0.4412671779177951,0.4809950151037968,0.6677741312248616
168,10,X,Y,J,1,0.382661925123737,0.44542183582296935,0.48877548346219585,0.6561753064577704
168,11,X,Y,J,1,0.3975883589597966,0.46220042826096513,0.4833642648195141,0.6068202037786621
168,12,X,Y,J,1,0.41693973451248,0.4461054383953224,0.4886723735886848,0.5685398134044906
168,13,Y,Y,J,0,0.3987779763667597,0.43292678861657735,0.5120474712374977,0.5943358225299158
168,14,X,X,D,0,0.42152576633247735,0.43964329465581853,0.5385076841241399,0.5957735757512851
168,15,X,X,D,0,0.3653664336672789,0.46370725182475536,0.5727267196486479,0.6006511647589886
168,16,X,X,D,1,0.37714047967627085,0.4802254825499747,0.5433829126039221,0.6030197786397259
168,17,X,X,D,1,0.36357719447312925,0.5231121717030964,0.555856942540518,0.5674003152373323
168,18,X,X,D,1,0.3990700879354014,0.5356270979048724,0.5458333871412914,0.5838348200330644
168,19,X,X,D,1,0.4297713610079236,0.5698742490176443,0.5762995178987335,0.611573271352523
169,0,X,X,D,0,0.5362175164452339,0.7127696062561601,0.6194793460116454,0.34029070549636947
169,1,Y,Y,J,0,0.5563204198455154,0.725209104949756,0.6158989262869831,0.33068857144383207
169,2,X,X,D,1,0.5669049302260039,0.75,0.6000688218332397,0.35210023388376605
169,3,X,X,D,0,0.5738602724824098,0.75,0.5872781951924883,0.3491788231830982
169,4,X,X,D,1,0.5509968186835432,0.7117130828114407,0.5698136867240157,0.32259346250645904
169,5,X,Y,J,1,0.5864953371220424,0.7281277638787149,0.5709383678785296,0.3363597521950582
169,6,X,X,D,0,0.5846605852881843,0.7065498181903425,0.5505741565912725,0.3011517453535448
169,7,X,X,D,1,0.6188602374273579,0.7243451764315688,0.5245163915017652,0.25
169,8,X,Y,J,0,0.6232661045432505,0.730598434746599,0.5014463187276677,0.25
169,9,X,X,D,0,0.6643041321841421,0.75,0.5113169635711716,0.25
169,10,X,X,D,0,0.6860230354137046,0.7339842200235757,0.49081036713798826,0.25
169,11,X,X,D,0,0.6807638960920657,0.6995740756304135,0.4973715661965949,0.25891549047028345
169,12,X,X,D,0,0.6797765203723861,0.6803665834881135,0.5147669256598729,0.26060092135795815
169,13,X,X,D,1,0.6780050937406022,0.5913746178660448,0.5469697690741886,0.27040525567671314
169,14,X,X,D,1,0.7012058446294365,0.6093243699113733,0.5286672051748529,0.2757919785325585
169,15,X,X,D,0,0.6872784943449481,0.5866091491737055,0.5532717050343494,0.25
169,16,X,X,D,1,0.673188571663486,0.5977131759383708,0.5826657027094861,0.28626849206036703
169,17,X,X,D,1,0.6772723901239435,0.6227175209162683,0.5887519869491257,0.2689085387135136
169,18,X,X,D,0,0.680268189771947,0.6792897632885715,0.5530968820822457,0.2946879565031139
169,19,X,X,D,1,0.6390443942010698,0.6155173883226058,0.5747198325570397,0.28407876632708184
170,0,X,Y,J,0,0.5350383523611264,0.6842741289489714,0.34541005890300985,0.2591653667467957
170,1,Y,X,D,1,0.5756445033034258,0.6984768067386962,0.3328623893763854,0.25
170,2,X,Y,J,1,0.5698749155847576,0.6709116625304158,0.33292008472865936,0.2616175177458079
170,3,X,Y,J,1,0.5559112249499114,0.6495110781215576,0.3368565982050417,0.25
170,4,X,X,D,0,0.5622177756589191,0.6399852983126757,0.361246545988475,0.26384720695516406
170,5,X,X,D,1,0.53056978126554,0.6667744870230676,0.331110139424318,0.25
170,6,X,Y,J,0,0.5243777206221617,0.6355247936232183,0.3238368517453818,0.28636279083876864
170,7,X,Y,J,1,0.5075320496828948,0.6501885112487847,0.3473187757938287,0.2945606844985267
170,8,X,X,D,1,0.4835821128643628,0.6364667085024784,0.37239786924525403,0.3041788348859467
170,9,X,X,D,1,0.4760420428865737,0.6123172105815893,0.356088379531077,0.29619648501625584
170,10,X,X,D,0,0.4827248786852401,0.6214669408863253,0.334293739950678,0.27509162270656057
170,11,X,X,D,0,0.4753513363379224,0.6319827308424376,0.3115842084184176,0.2784847772778391
170,12,X,X,D,0,0.4591194728436098,0.6333071462863891,0.3112334200983599,0.2891155239972443
170,13,X,X,D,1,0.5002990306152548,0.6376842089142545,0.28584793205150577,0.2956501532043692
170,14,X,Y,J,0,0.4885516083841466,0.6296444277967419,0.2844203926493646,0.2716810684747715
170,15,X,X,D,0,0.5139127004601612,0.6384039768354534,0.2792749143296491,0.2790883694344029
170,16,X,Y,J,0,0.5010012168002304,0.6411545674524295,0.31087473969832985,0.2769190878652434
170,17,X,Y,J,0,0.5234604644131239,0.6156908115905158,0.2977611562564322,0.3219568415792585
170,18,X,X,D,1,0.5169335092303672,0.6439521647806394,0.3365000555488826,0.36521166986119413
170,19,X,X,D,1,0.502446977648099,0.6408961152080664,0.36141690646136326,0.34660662489153304
171,0,X,X,D,1,0.38235271558954176,0.6923885551472073,0.7463159906155266,0.3476191233268511
171,1,Y,Y,J,1,0.37537373726127327,0.6930853644646658,0.7333349438507063,0.35610892511140185
171,2,X,X,D,1,0.38839172067705185,0.6932348025477022,0.7351520450431128,0.33038539035009956
171,3,X,Y,J,0,0.3787968729372967,0.7433432336431829,0.7001044426388615,0.36076930909531596
171,4,X,Y,J,0,0.40102915805276507,0.75,0.6779498320052189,0.38048300263272333
171,5,X,X,D,0,0.4392309552527379,0.6925487011222555,0.6613100359301759,0.3597757923883972
171,6,X,X,D,0,0.43222480526139406,0.6862633821355637,0.63519083741104,0.3625388632225005
171,7,X,Y,J,0,0.4142909687081618,0.6479734466919186,0.6198760621034709,0.41499544262675486
171,8,X,Y,J,1,0.4517109092984886,0.6592132319056366,0.6430282435601209,0.42294391699099165
171,9,X,Y,J,1,0.40838271264708026,0.6448231661482872,0.676815869357796,0.3954319568424578
171,10,X,X,D,0,0.4226876735481078,0.6453869117044659,0.7270744875469888,0.3822914742645322
171,11,X,X,D,0,0.43254584049847344,0.6690819580487288,0.6888329949777156,0.4228798900246433
171,12,X,X,D,1,0.41729076979155794,0.6541506328235867,0.688006061163982,0.37818661338528764
171,13,X,X,D,0,0.4137223118190516,0.6712275697923311,0.6540278253615314,0.38428694600020685
171,14,X,X,D,1,0.43458477524994227,0.723055892276428,0.6777760103562704,0.39514724216728864
171,15,X,Y,J,1,0.44250218762786797,0.6988126110521435,0.687198341673092,0.40591077488657634
171,16,X,X,D,1,0.42709227578760556,0.6832500393895894,0.6370915246325691,0.42459722185741733
171,17,X,X,D,1,0.41399437160626956,0.6534622432810495,0.65634036693736,0.4236021201129966
171,18,X,X,D,1,0.3712053863365397,0.6216552549349414,0.6259679548825783,0.4171747146408377
171,19,X,X,D,1,0.4110211245504348,0.6140798647022842,0.6218703440132837,0.42938009623930984
172,0,X,X,D,0,0.5009254245701831,0.4021405221155461,0.6544303469246892,0.43441326972538113
172,1,Y,Y,J,1,0.5013496785559813,0.40288862784494617,0.6700133049189647,0.40398471491202637
172,2,Y,Y,J,0,0.48238962144510344,0.33565081789944456,0.6423546126897359,0.37212117891501645
172,3,Y,X,D,1,0.4879187724945684,0.3440997467052348,0.617048024012528,0.3219420708232588
172,4,Y,Y,J,0,0.5319205984528007,0.3167540771832304,0.6024082390573081,0.3054051478308137
172,5,Y,Y,J,0,0.550209347073441,0.3547520294497868,0.6019642104301807,0.31878921841953334
172,6,X,Y,J,0,0.56020653607775,0.3404637577282951,0.6419795651640596,0.4031334474471041
172,7,X,X,D,1,0.5369928721756813,0.3124696472471112,0.6369043608346422,0.36682914220292956
172,8,X,X,D,1,0.5383752468028077,0.30659980686240945,0.6503209522323808,0.3699754204342193
172,9,X,X,D,1,0.48952727764581677,0.30094843275348765,0.6484063599259454,0.37465514325961974
172,10,X,X,D,0,0.5066043925016374,0.2955051040400748,0.6340074249548564,0.4230128871657488
172,11,X,X,D,1,0.5173552132523935,0.3286650100516306,0.6455259164906658,0.43909217376071064
172,12,X,X,D,1,0.5458563899559636,0.35493805413279195,0.637661454920449,0.4949827447636107
172,13,X,X,D,1,0.5250733170029066,0.353038210576218,0.6473771226898893,0.5330171599534603
172,14,X,X,D,1,0.5495548287402943,0.3407393005383209,0.6390851112689694,0.5495594037251695
172,15,X,Y,J,1,0.5310653642147625,0.3435611272795589,0.5847151724232683,0.5775638525478948
172,16,X,Y,J,1,0.46945490975493137,0.3150192539788671,0.5700887988480665,0.569765975740755
172,17,X,X,D,0,0.43932804602212794,0.25344391490181184,0.5803758477179881,0.5958726055749267
172,18,X,X,D,1,0.4683365566269422,0.25,0.5518785236792517,0.6109850568045927
172,19,X,X,D,0,0.4580122336793215,0.26165475363495666,0.5658023158610365,0.6198349911616396
173,0,X,Y,J,1,0.5338857182666552,0.2514340799417575,0.708750819578635,0.6284217150982019
173,1,Y,X,D,1,0.5496972570505425,0.25,0.691515893304556,0.6713752369678981
173,2,X,X,D,0,0.5409069025707123,0.2709673765361667,0.6793639136644232,0.6909254797016506
173,3,X,Y,J,0,0.5682094867956383,0.2721309956335837,0.726879139905316,0.6799127547413175
173,4,X,Y,J,1,0.580182746295882,0.27733926149745436,0.7459248734076438,0.612864397762216
173,5,X,X,D,1,0.5695460646137523,0.28779350509587326,0.7294176133380559,0.583653616232563
173,6,X,Y,J,1,0.5779442964662,0.2982628695812888,0.75,0.5526542501289131
173,7,X,X,D,1,0.5889502401833815,0.32620460379661886,0.75,0.5139653543698341
173,8,X,X,D,0,0.5885992242448745,0.3542098224561123,0.75,0.5313957316236948
173,9,X,Y,J,1,0.5943029327443395,0.3509833678835491,0.75,0.5389500167588007
173,10,X,Y,J,1,0.597131837296661,0.3601848357250922,0.7012401445622948,0.48356726745237744
173,11,X,X,D,1,0.609394932229708,0.3706497567415445,0.6822145507691327,0.4913830002783032
173,12,X,X,D,1,0.6177583297462227,0.38329588649737334,0.6871980795313779,0.46009943412027554
173,13,X,Y,J,1,0.6535907173800194,0.40516027642607494,0.7305405753589166,0.4732156598041158
173,14,X,Y,J,1,0.6404998432945413,0.422921508895333,0.7381409280043473,0.5077624462151341
173,15,X,X,D,1,0.6214728032486135,0.4001639347752062,0.7023025286878539,0.48470917744955244
173,16,X,X,D,1,0.6231422396666736,0.38501683213650595,0.707844587341546,0.47242916628432774
173,17,X,X,D,0,0.6172165047122211,0.3958359720509676,0.7250411054482965,0.5086175527998612
173,18,X,X,D,1,0.6374854806488858,0.43162660391553986,0.7280066117080318,0.4864566123416893
173,19,X,X,D,0,0.6248471360891936,0.44906079576158436,0.7092542730328377,0.5302327627920365
174,0,X,X,D,0,0.32688125150751773,0.5694534904038508,0.5399883698469181,0.39742598852640304
174,1,Y,Y,J,0,0.3341094830983023,0.5621172482611082,0.5218103129884897,0.4231095884016987
174,2,X,X,D,0,0.34159576581348294,0.5396665166593018,0.5175495430153213,0.42962036415455224
174,3,X,X,D,0,0.33984855945673986,0.5619152212168472,0.4523969134264987,0.4261918483952081
174,4,X,X,D,1,0.3264133800443435,0.5187183911073111,0.4800740367592894,0.4054897968950712
174,5,X,X,D,1,0.29143159956641185,0.5418645987991361,0.47615116217580067,0.41114932464966747
174,6,X,X,D,0,0.3314018244270224,0.552371294175679,0.4559628916599427,0.4314118710639641
174,7,X,X,D,0,0.32432976013249515,0.5645507047173639,0.4367640333751955,0.4352807802404174
174,8,X,X,D,1,0.3119693346587059,0.588040264069085,0.4697827159924126,0.44864744395942885
174,9,X,X,D,1,0.34425433274692985,0.582187805109837,0.4614874181710547,0.42224278260036696
174,10,X,X,D,1,0.33932439637686745,0.5895978872057688,0.473729317264454,0.3954796800588777
174,11,X,X,D,0,0.3470543687538489,0.5469362504058622,0.4066813067382039,0.42123341740570713
174,12,X,Y,J,1,0.34079539375222845,0.5712139889869497,0.4118976105467592,0.44954164533138985
174,13,X,Y,J,1,0.3366168827350671,0.5217188534213348,0.4269556490446582,0.4389578632755176
174,14,X,X,D,1,0.3008807163534264,0.53377430051173,0.4387227401869168,0.4459494775922827
174,15,X,X,D,0,0.26668299249597704,0.5303343334971222,0.4564488687264735,0.44535392455806283
174,16,X,X,D,0,0.25,0.5259645426887375,0.48853262278303755,0.5002503897592889
174,17,X,X,D,0,0.25,0.533473857388791,0.4837506117777742,0.510615537447828
174,18,X,X,D,0,0.2644555055336866,0.5694982613027374,0.5268800601351938,0.5109359341741045
174,19,X,X,D,0,0.25,0.5484008859865387,0.5297669052206446,0.49668115625571574
175,0,X,X,D,1,0.6964111365306327,0.6853023810372192,0.6750487073417559,0.4522431637199628
175,1,Y,X,D,1,0.6723204802647545,0.7031294764973448,0.7177728797128617,0.43470261305720675
175,2,X,X,D,1,0.6744316498517761,0.6879274220147764,0.6971026528766697,0.4382769736062796
175,3,X,X,D,1,0.7209385438955119,0.6912467776851792,0.7404370327746709,0.471962771923911
175,4,X,X,D,0,0.71421066715556,0.6299684520020932,0.75,0.5074715939621334
175,5,X,Y,J,1,0.7334112222886189,0.6384439609459804,0.7464603374769194,0.494520954798371
175,6,X,X,D,0,0.7369548318078252,0.6321831752259032,0.75,0.4717136272610946
175,7,X,X,D,1,0.7237859656202843,0.6131736608619062,0.7347631023886829,0.5027581984870492
175,8,X,Y,J,1,0.6976898682554088,0.6038103672251486,0.7196572469979285,0.5139797773106789
175,9,X,Y,J,1,0.7254481366017804,0.5570199544925457,0.7269364750278007,0.5195351123385128
175,10,X,X,D,1,0.75,0.5767511401247789,0.703463398192817,0.5064334147150222
175,11,X,Y,J,1,0.748539778959518,0.5434419234023127,0.7311008087637063,0.5216621237890167
175,12,X,X,D,1,0.7301346474861194,0.550425872591051,0.7326437753530095,0.5480546624343484
175,13,X,Y,J,0,0.733314545889501,0.5547132693527774,0.7259227545727519,0.5616067475186981
175,14,X,Y,J,1,0.7091224375724969,0.57295224567783,0.72448732501091,0.5082022874242755
175,15,X,X,D,0,0.6834734818767423,0.598756666141022,0.7147640391693831,0.4837082484709782
175,16,X,X,D,1,0.7108099408195373,0.5550982899136337,0.7022018855380607,0.4782416379025361
175,17,X,X,D,1,0.6786095844385128,0.5812214693801172,0.692002031912034,0.4933062386076249
175,18,X,X,D,0,0.7193162917256762,0.5397361652041197,0.6413855420410041,0.5137726970005383
175,19,X,Y,J,0,0.7132046355565922,0.561820718179969,0.6791296819746632,0.47012703688379137
176,0,X,Y,J,1,0.5029463894078845,0.5191139723801205,0.5932859145128775,0.3022730462580522
176,1,Y,X,D,1,0.4773865303811675,0.5207614269776722,0.5986389340632741,0.31822662873989327
176,2,X,Y,J,1,0.48026209632484373,0.5108976116488104,0.5671678476491976,0.3222434612615485
176,3,X,X,D,1,0.4677873174783132,0.5248000059019196,0.529612108867994,0.33724607980246873
176,4,X,X,D,1,0.43754488567801764,0.4974157499366729,0.5439749921839923,0.35552628493949134
176,5,X,X,D,0,0.42466493814836337,0.4760424275448242,0.5484660841912068,0.3629540123850715
176,6,X,Y,J,1,0.44467050245161494,0.4568234403724694,0.5470524186665214,0.3538051308445028
176,7,X,X,D,0,0.446718924752652,0.47582638209358613,0.5769364429971562,0.31598851456901816
176,8,X,Y,J,1,0.49179642053361816,0.4646511238787414,0.6032206976984353,0.32914784759681287
176,9,X,X,D,1,0.5103424030129974,0.4894942025922894,0.6289869137440537,0.3329688966840899
176,10,X,X,D,1,0.5483411735867776,0.4635318061539897,0.6375688436267596,0.33211551539447665
176,11,X,X,D,1,0.5374616419871193,0.45446589253446834,0.6288645323940643,0.3485494781377788
176,12,X,Y,J,1,0.5280895432298245,0.4844015237097588,0.6225175457063137,0.37033940569834867
176,13,X,X,D,1,0.5074729905079559,0.467067634469592,0.6252652503575583,0.3296912547752457
176,14,X,X,D,1,0.5100261709243662,0.43278137274559164,0.5875439536716905,0.3466634258039967
176,15,X,Y,J,1,0.5374959936915003,0.41205572803000307,0.6043570699637396,0.36589069926534346
176,16,X,Y,J,1,0.5351695814356822,0.40606180469834385,0.6359775974673075,0.3754225007900701
176,17,X,X,D,0,0.5305458378930938,0.4331067351472933,0.6367752077673591,0.4196705614676932
176,18,X,X,D,1,0.5108982252783081,0.43031950847962014,0.6216302265732854,0.41510234747761626
176,19,X,X,D,1,0.5231449245317199,0.40988471966204043,0.6157775320363225,0.3954056131611343
177,0,X,Y,J,0,0.2721489315205155,0.7282410686815881,0.7341145287900641,0.37517179277075857
177,1,Y,Y,J,1,0.2838489367018149,0.7346790914501927,0.75,0.3703228982198845
177,2,Y,Y,J,1,0.3073227773786213,0.7075349803176098,0.75,0.36885250005910813
177,3,Y,Y,J,1,0.2978366047569368,0.7092238215406695,0.75,0.3800446174020796
177,4,Y,Y,J,1,0.3071412584669484,0.6809392827661722,0.7307062379216631,0.3933241768463522
177,5,Y,Y,J,1,0.26959956483512665,0.6891163743096455,0.7272540317800967,0.38983340573581055
177,6,Y,X,D,0,0.25,0.6744336076145193,0.6765229440928556,0.3894202193102249
177,7,Y,Y,J,1,0.25,0.6765004335616497,0.6615636127939317,0.4082422249926549
177,8,Y,X,D,0,0.25,0.7032891131104607,0.6404367517466465,0.35752327932512384
177,9,Y,Y,J,0,0.26164817144869473,0.7293047690293696,0.6227660861990474,0.3232382041854917
177,10,Y,Y,J,1,0.2683908688413087,0.7027059791905708,0.6541186866493648,0.33755397515655916
177,11,Y,X,D,0,0.27268986771395826,0.743869678900608,0.6224363173352859,0.32222194859421316
177,12,Y,X,D,1,0.2742863127803843,0.75,0.6259551914798712,0.2983893792349536
177,13,Y,Y,J,0,0.2905622525966314,0.7437459640966102,0.6488941227904732,0.3124429596671422
177,14,Y,X,D,1,0.29482866758494275,0.7409493932658433,0.634410263493527,0.28017324576903996
177,15,Y,X,D,0,0.3006553750025265,0.75,0.687968937787743,0.3111996278755395
177,16,Y,X,D,0,0.2855022059163926,0.75,0.6800314398291981,0.33213059799733563
177,17,Y,X,D,0,0.3097882907101445,0.75,0.6629428055398271,0.3033918247781957
177,18,Y,Y,J,1,0.33106051164507766,0.749046442204085,0.6257475966282313,0.3101395618144869
177,19,Y,Y,J,1,0.32633388311211764,0.744797591309011,0.6537056151293624,0.25690142258526283
178,0,X,X,D,1,0.48325695161062565,0.3542881937919704,0.34732752771121617,0.465609235367837
178,1,Y,X,D,0,0.4898759935615687,0.34815944237191726,0.34437726989578576,0.45099376731402885
178,2,X,X,D,0,0.5164890915906805,0.3177209235289648,0.36175765143149163,0.4659945308807666
178,3,Y,Y,J,0,0.5204429041533204,0.3223655261850878,0.3914629846024398,0.4476899620565186
178,4,X,Y,J,0,0.5328757822817375,0.2946556932666998,0.3664859355463295,0.45711182097991754
178,5,X,X,D,0,0.49903399618441163,0.2601368787126833,0.3746533216498722,0.45978520837367887
178,6,X,Y,J,0,0.5018378806718472,0.2681321529261373,0.40295728859938085,0.45486287988105173
178,7,X,X,D,0,0.5038863412908811,0.2658027794228275,0.38441067075513974,0.42093116938653496
178,8,X,X,D,0,0.49059058905914094,0.261948850540517,0.375242569913842,0.4149213445695347
178,9,X,Y,J,1,0.5101174465864758,0.30069212110189386,0.43020956002060373,0.42554622723185964
178,10,X,X,D,1,0.5298442234184977,0.30123153946732023,0.463623880592,0.40831348129060757
178,11,X,X,D,0,0.512564700270568,0.31443712762529363,0.48356228319972433,0.4105896103943802
178,12,X,Y,J,0,0.49841116193815804,0.29832952436911586,0.47591033889657147,0.4241548788827418
178,13,X,X,D,0,0.4754454161248948,0.26216476963456814,0.4711741290074341,0.44606540283809104
178,14,X,Y,J,0,0.47123405138546254,0.27816527535484953,0.4500666007590009,0.4473359351505711
178,15,X,X,D,1,0.47525705769883764,0.3321700790014547,0.44831057370116756,0.47354452966851057
178,16,X,X,D,0,0.47224520775349943,0.3660815511372333,0.4325164337433165,0.4883639372349974
178,17,X,Y,J,1,0.430254237744025,0.34517379593356085,0.41442520924912474,0.5309385507663892
178,18,X,X,D,1,0.4593324498720892,0.37478787445668416,0.3731719011795401,0.5300037456926722
178,19,X,X,D,1,0.4749490962020401,0.3803722369775991,0.3865558451387302,0.5267805251831081
179,0,X,X,D,0,0.6857618969908577,0.28214021397073713,0.5705127398833185,0.6470202508643976
179,1,Y,Y,J,0,0.6612026601143668,0.25,0.6044361023073471,0.6441360348491622
179,2,X,Y,J,1,0.6581962713941508,0.25,0.59267134389256,0.6478105640430948
179,3,X,X,D,1,0.6903410359465061,0.25,0.5981810005722973,0.6478700454076706
179,4,X,Y,J,1,0.6900163119129491,0.30001093791375955,0.6323026527123501,0.6822344443411152
179,5,X,X,D,0,0.6751570086499357,0.32685480505178766,0.6045968174126939,0.7274163513704077
179,6,X,X,D,0,0.6948796355210171,0.29701685399113614,0.6431541014930653,0.7445040006595783
179,7,X,X,D,0,0.707399283076338,0.32401013859161565,0.6562996354972638,0.7378904930667536
179,8,X,X,D,1,0.7015596169225844,0.3450145962284458,0.6472137999035655,0.75
179,9,X,X,D,0,0.7331391429509618,0.35319115929446376,0.6604334782322927,0.6979373405092175
179,10,X,X,D,0,0.7240196899803107,0.3435712276486571,0.6878639968994154,0.6899338947644583
179,11,X,Y,J,0,0.7295069539227831,0.3393705326794751,0.7100975059269783,0.6968111599646675
179,12,X,X,D,0,0.724045177133523,0.33541213482338467,0.7065619444446768,0.7110454974119892
179,13,X,X,D,0,0.6774742504569793,0.33022539618976315,0.7139900658217565,0.75
179,14,X,Y,J,1,0.6412190338162493,0.3350230956758493,0.75,0.7322176719431793
179,15,X,X,D,1,0.6507112060580426,0.3087088421794324,0.7454687836547615,0.6840997640850659
179,16,X,X,D,0,0.6192913036452669,0.29842677310233284,0.717603949992888,0.6726149992353335
179,17,X,Y,J,1,0.665833364864197,0.28593269100629193,0.7013111471724144,0.6702361663449377
179,18,X,Y,J,0,0.680983675149192,0.28864045178784276,0.6943563847043657,0.6774725668643174
179,19,X,X,D,1,0.6866563650341079,0.335873647520624,0.7296783048401133,0.6413912646392798
180,0,X,X,D,1,0.7163221105827923,0.5805367989038575,0.45125609072874695,0.7201631189256357
180,1,Y,X,D,1,0.6667157520237748,0.594637379040537,0.4472050635505717,0.7213132373832831
180,2,X,X,D,1,0.6335149206853301,0.5502252472417732,0.4424196819593687,0.736827347417782
180,3,X,X,D,0,0.6474557632075384,0.5434927903074078,0.49955894148272445,0.7456987454869933
180,4,Y,Y,J,0,0.6916789266535588,0.567133297266518,0.516705381913848,0.7248563089602685
180,5,X,Y,J,0,0.7107890545441697,0.5595899187227462,0.5324990596258529,0.75
180,6,X,Y,J,0,0.6870893608463915,0.5755117133492074,0.5399860967723334,0.7107431620161296
180,7,X,X,D,1,0.6982608150013189,0.5787918681749559,0.5331983502053298,0.6873454027773142
180,8,X,X,D,0,0.7322921913889671,0.5442636941188063,0.5158538801223528,0.6670073173734735
180,9,X,X,D,1,0.7207793875845863,0.5762821656950292,0.5167536433487481,0.6707966557357142
180,10,X,X,D,1,0.75,0.6089993310459731,0.4877502056710865,0.6558063327916667
180,11,X,X,D,0,0.7404353694521782,0.6563224988072426,0.49129922528429926,0.696397466337045
180,12,X,X,D,1,0.7420169536039747,0.6533215768774224,0.5255800640095203,0.6996733731741687
180,13,X,Y,J,1,0.7335356890938644,0.6047246597990803,0.48769030479413167,0.6342053502178711
180,14,X,X,D,1,0.738469556515281,0.5530202074411725,0.4804264743525113,0.6792854780209585
180,15,X,X,D,1,0.75,0.5376691071268184,0.4769614332259491,0.7103539994058372
180,16,X,X,D,1,0.7461469996241904,0.5496457594156486,0.5227801118156394,0.6466530836214486
180,17,X,Y,J,0,0.7386980889978931,0.5809475562010623,0.5294924107833715,0.6485502145085308
180,18,X,X,D,0,0.7254127730496527,0.5732001704338203,0.4768634750265372,0.6373705097979165
180,19,X,Y,J,0,0.7248051159015074,0.5358000508302121,0.46332379815726316,0.6568795198987539
181,0,X,Y,J,1,0.4909630994692249,0.5392729191015084,0.44373028606249326,0.6795827745948425
181,1,Y,X,D,0,0.4918253043087287,0.5238690020718847,0.4524203296089009,0.6882161434660767
181,2,X,Y,J,0,0.5012326080910996,0.566350237511704,0.4804045149357503,0.7332688013103166
181,3,X,X,D,1,0.5012667048844867,0.5465678557225753,0.5115874045305266,0.7349588391985095
181,4,X,X,D,0,0.47192304930512263,0.5500097428151645,0.46962619949369583,0.7046760965205054
181,5,X,Y,J,0,0.47697442747970414,0.547406987415197,0.47669198665980456,0.7416807992268425
181,6,X,X,D,1,0.46729848633191445,0.5599276385434897,0.48107699258806225,0.7152217593642602
181,7,X,Y,J,1,0.4822505587223151,0.53750724311198,0.4833163155120446,0.7270902410560609
181,8,X,X,D,0,0.5076085353502648,0.5277904288050729,0.4987037575688615,0.7362882792967278
181,9,X,X,D,1,0.5486406616598429,0.5274597500099003,0.5339323435948689,0.7148588450794995
181,10,X,X,D,0,0.5648234633656692,0.5444282930381523,0.5520881412576083,0.7167806510668628
181,11,X,X,D,0,0.5801529697688983,0.49153393686505426,0.5496479082637954,0.7020416355544975
181,12,X,X,D,1,0.5743783816879051,0.5274645758102458,0.5572944366511241,0.6869610911421309
181,13,X,X,D,0,0.5036790935093307,0.57453182907883,0.5429357403858671,0.6720815625788826
181,14,X,X,D,0,0.5241856546038474,0.5891792949763148,0.599773925531078,0.6466060867851522
181,15,X,X,D,1,0.5107778494223922,0.6039181775621218,0.5494990390394009,0.6735262143875259
181,16,X,X,D,0,0.49434707442587866,0.6325087568069983,0.5933626601904824,0.6553822793999349
181,17,X,Y,J,1,0.5060587917470373,0.596945668113138,0.6124140884695801,0.6687634076640625
181,18,X,X,D,1,0.4704568189758554,0.5981152100160128,0.6137707200514599,0.65154861930578
181,19,X,X,D,1,0.3919539298492151,0.5638111164717806,0.6035166177054034,0.6635106408092296
182,0,X,X,D,1,0.6414531724942065,0.4368038222377187,0.3512558675380908,0.6944160638862973
182,1,Y,Y,J,0,0.6741547240911053,0.4487276244592976,0.3238052075778314,0.6730936540178151
182,2,X,X,D,1,0.6885351763329857,0.4561156756550977,0.3367526594666183,0.6543672546193612
182,3,X,X,D,1,0.6899389315662843,0.4461758527124112,0.3334468930794265,0.6585869359906841
182,4,X,Y,J,0,0.6769238980467989,0.4186757877522176,0.3106575259239788,0.6859485544653081
182,5,X,X,D,1,0.6964547117686596,0.4076826611455807,0.3439534997453375,0.7188288605064515
182,6,X,X,D,1,0.6895972510536507,0.39781877588865444,0.3301960770102794,0.7177812193573717
182,7,X,X,D,0,0.682251147446812,0.4073992230490879,0.31317783637410257,0.6959378051833346
182,8,X,X,D,0,0.699040189069818,0.4289988275650453,0.2947521458747858,0.6886935257836472
182,9,X,X,D,1,0.7093795808117971,0.39741926086438656,0.2786173845659095,0.6848073121514104
182,10,X,Y,J,1,0.6676804291364264,0.40643769147781533,0.27212376103854036,0.6522357423479044
182,11,X,X,D,1,0.6340603657891057,0.42748428419746665,0.26513492037004965,0.6559318609838006
182,12,X,X,D,1,0.6279310152197278,0.3892489165804875,0.2569888385384544,0.6294787600697196
182,13,X,X,D,0,0.6701254003115481,0.3779153644718554,0.2849174115091572,0.6149927408648369
182,14,X,X,D,0,0.6618589874947464,0.3476285406832109,0.30390196079335635,0.6438525079716575
182,15,X,X,D,0,0.6833139688990583,0.3569632798879182,0.3138701019922125,0.6277112846473865
182,16,X,X,D,1,0.7029560993653582,0.3497393548641794,0.308750441158698,0.6343002058163316
182,17,X,X,D,1,0.7088718493918438,0.415065475914979,0.3234379874678039,0.5970914049470549
182,18,X,X,D,1,0.7065423806318842,0.39269079291630615,0.35615256026184045,0.5910550604888746
182,19,X,Y,J,0,0.7013944529622259,0.40255247759064994,0.39083866624190694,0.5632846702681161
183,0,X,X,D,1,0.4507432309954622,0.6998525262262836,0.455989407338927,0.44880900993404876
183,1,Y,X,D,0,0.4823996925004506,0.7202904957731024,0.41184330466894575,0.404550527814689
183,2,X,X,D,0,0.45237850942452884,0.7401146525190536,0.4039593998562722,0.3771690859826696
183,3,Y,Y,J,0,0.41903510452966114,0.75,0.39787969455763433,0.3648919539813334
183,4,X,Y,J,1,0.40008603571449297,0.7489182397427596,0.3892684449917311,0.40797932535788584
183,5,X,Y,J,1,0.37353661660310133,0.7058659152143872,0.36770783477465585,0.40207021440967516
183,6,X,X,D,0,0.35138932963961367,0.7377639360620237,0.3710076297445051,0.35223923478281094
183,7,X,X,D,0,0.3278632042112204,0.7271431616270895,0.3813709575438474,0.35187560912993443
183,8,X,Y,J,1,0.3631936235571425,0.7316031172692598,0.36319920108181125,0.3504556255172385
183,9,X,X,D,0,0.3718388372534953,0.7096134736966903,0.3727175490534984,0.3157114908480689
183,10,X,X,D,1,0.3897119922515204,0.6782800756952205,0.3944109988139385,0.28849485414727066
183,11,X,Y,J,0,0.39392859828177484,0.6496873417295737,0.4149133540183323,0.2753332123039111
183,12,X,Y,J,1,0.40494525329496756,0.6477058050488422,0.4244816692300552,0.2524955503992358
183,13,X,X,D,0,0.4045336853655829,0.6570988437602747,0.43488548846126573,0.27257189754086736
183,14,X,Y,J,1,0.4214407301297205,0.6749259233932143,0.4829898329105549,0.29174303427378656
183,15,X,X,D,1,0.41347140311330677,0.683452570286039,0.5129652771409083,0.30964734829733914
183,16,X,Y,J,0,0.42532552265323176,0.7020572707065027,0.5172339629672802,0.27569658098152794
183,17,X,X,D,1,0.4163842830542797,0.698687235799665,0.5242260433237064,0.266692281711538
183,18,X,X,D,0,0.3983329053657081,0.712070011136261,0.527525743701831,0.26924442367681123
183,19,X,Y,J,0,0.38834576859514197,0.6802118360292302,0.5562441906695745,0.25
184,0,X,Y,J,0,0.36506081091198955,0.4777298162285071,0.5392484225498887,0.3415509309505293
184,1,Y,Y,J,0,0.2937801585102382,0.5092832285516515,0.5328284882141009,0.35148425800640953
184,2,X,Y,J,0,0.32157312797376414,0.5005784625380855,0.4953829639014762,0.37023925456050466
184,3,X,Y,J,0,0.29925230070349,0.5353388600337629,0.5032846186282625,0.3771817622981476
184,4,X,X,D,1,0.2677228198036333,0.5267371252572448,0.5477443646005452,0.3816184100076041
184,5,X,X,D,0,0.25765470792592526,0.5479120088314889,0.4746429115518993,0.4341953548770667
184,6,X,X,D,0,0.2706972033801619,0.48227659573735676,0.4745026948873875,0.45888507438201304
184,7,X,X,D,0,0.3060308913602809,0.47106145402639177,0.5184376361200022,0.5037978919784253
184,8,X,Y,J,1,0.331868354346933,0.4791307012219464,0.495839326080945,0.4986383815746328
184,9,X,X,D,1,0.3637290564776161,0.47637134866033737,0.48910195208527535,0.5136871577154885
184,10,X,Y,J,1,0.41385285580861714,0.5100269167539472,0.4621981590448003,0.4948755563860802
184,11,X,X,D,0,0.413676037428753,0.5281276914121973,0.436352942375617,0.46250975782089837
184,12,X,X,D,0,0.4252926790306141,0.5206454762396454,0.44905251867417584,0.49702586994668774
184,13,X,X,D,1,0.47098756978398076,0.5294782284481778,0.4640850420791455,0.5238650427259159
184,14,X,X,D,1,0.48142800421656573,0.5320669077604144,0.48205823681438503,0.5314810987721834
184,15,X,X,D,1,0.4572696929586205,0.5246722842189512,0.5019202748324835,0.5063986252352874
184,16,X,Y,J,0,0.4750109400112725,0.5605477325342477,0.5149352784500736,0.5164147054323847
184,17,X,X,D,0,0.47192129172650465,0.5422802732531095,0.5245018927251243,0.5009018065377268
184,18,X,Y,J,1,0.4970412533671001,0.5462980958149792,0.5415776624279225,0.502070143828153
184,19,X,X,D,1,0.44555967449742884,0.5657377497306396,0.5670170668079094,0.4759421448097944
185,0,X,X,D,1,0.7454643853983389,0.6563106283711935,0.5065787345525727,0.3828901273145817
185,1,Y,X,D,0,0.75,0.6696445597916656,0.4816443854660761,0.3984534916675487
185,2,X,X,D,1,0.75,0.6796603283928,0.48009208005870524,0.3795303878097751
185,3,X,X,D,0,0.75,0.6400735010072744,0.5010673864885992,0.43166274130499527
185,4,X,X,D,0,0.7343252271753674,0.598638947477307,0.459651033359193,0.4256613309590048
185,5,X,X,D,0,0.7147184364959397,0.575430099964713,0.4714972533003533,0.4363558564740668
185,6,X,X,D,0,0.704794437323407,0.5777222875069008,0.46382129061572563,0.4237944766104177
185,7,X,X,D,0,0.6718618230090196,0.5688187492217336,0.46201957036027197,0.4198570497635724
185,8,X,X,D,0,0.6718556441467326,0.6066623946364136,0.46440849319283295,0.4286680819888128
185,9,X,X,D,0,0.6979175113993887,0.5958480811345586,0.510948819984356,0.4830548129571631
185,10,X,X,D,1,0.6711426032057507,0.5593701453249251,0.5378137251880802,0.48951263120205574
185,11,X,Y,J,0,0.6902096163104099,0.5845163844191076,0.5422518842917189,0.5065407350535522
185,12,X,X,D,1,0.707878005185689,0.6235304943363528,0.5623889328206982,0.5031736160792981
185,13,X,X,D,1,0.7264048305910358,0.6172333172908316,0.5546798377788952,0.49340645206409217
185,14,X,X,D,0,0.75,0.6865400748696763,0.5304420832700354,0.5134358403675563
185,15,X,X,D,1,0.7464638714789328,0.651263767151638,0.5105329744785663,0.555841834109444
185,16,X,X,D,0,0.7266852682652221,0.6545478157580746,0.5085100508816758,0.5365516217272384
185,17,X,X,D,1,0.75,0.6343802956359049,0.5347787741166287,0.5323833863620999
185,18,X,X,D,1,0.7195264411354667,0.6834947148545304,0.5172367242184416,0.5073202803363625
185,19,X,Y,J,1,0.7349835037696721,0.6724343626301966,0.5028184374520551,0.5548246588692711
186,0,X,X,D,0,0.2596133645307988,0.26488771466422373,0.6455628897611865,0.6593831538856916
186,1,Y,X,F,0,0.26597536894667395,0.25,0.6647980653309535,0.6907762260740683
186,2,X,X,D,1,0.251910830125929,0.25,0.6736611932131628,0.7346743137738683
186,3,X,X,D,0,0.25,0.27923132149526125,0.7092388751164677,0.7379461257621672
186,4,X,X,D,1,0.27268626560344744,0.29381272550800436,0.6943534017933046,0.7424460429672142
186,5,X,X,D,0,0.2843295955068899,0.34147787322969564,0.6634612294646316,0.7382915089172577
186,6,X,Y,J,1,0.2576289787109725,0.34871868566037467,0.6216458547912252,0.75
186,7,X,Y,J,1,0.26080512409026857,0.3225915164480352,0.5984758464956154,0.7456503274974758
186,8,X,Y,J,0,0.2507055140700487,0.386212298775345,0.5871670733748169,0.75
186,9,X,X,D,0,0.2548762724209375,0.4171757133695047,0.6198282631163123,0.75
186,10,X,Y,J,0,0.2696952571424106,0.3756041663741009,0.5605021042428878,0.7233435926212081
186,11,X,Y,J,1,0.28342769285097125,0.34852661658620143,0.5897375908623654,0.7231230597090406
186,12,X,X,D,0,0.32866851388384005,0.393981254806305,0.6097869470063436,0.7060595697744109
186,13,X,Y,J,1,0.29699904114885267,0.3460028315567584,0.5980734902714153,0.7394486818701836
186,14,X,Y,J,1,0.3193754001241345,0.33109845981748215,0.5507029116111151,0.741049940646942
186,15,X,X,D,1,0.3307127624610188,0.3119907274356577,0.5403445479581575,0.7442887485808243
186,16,X,X,D,1,0.3402625625013424,0.31519676924398315,0.5239058114906445,0.7387795467897098
186,17,X,X,D,1,0.34915129586936644,0.3025879198742671,0.5301694625748977,0.7314722655012954
186,18,X,X,D,1,0.34736541714111857,0.2973363611509658,0.5454303227964791,0.7398535743378848
186,19,X,X,D,0,0.3616401963289157,0.3096398249225863,0.5948107400270716,0.7187979361016102
187,0,X,X,D,1,0.7086773508172682,0.6766855593341149,0.5465524799733419,0.3894349581775177
187,1,Y,X,D,1,0.7361084753528613,0.6424561616805431,0.5173836533827297,0.34398634386099186
187,2,X,X,D,1,0.7148191755946156,0.5752674639672855,0.48531193380442816,0.37198796581168864
187,3,X,X,D,0,0.7430600699110084,0.5994132951396735,0.509408294796137,0.38222640569887484
187,4,Y,Y,J,0,0.7126533789903564,0.5873368355397071,0.5043676928064916,0.41048573562135016
187,5,X,X,D,1,0.75,0.5757207829984392,0.5320265251621509,0.41850225774885
187,6,X,X,D,0,0.75,0.5947282928067694,0.5240474489030094,0.37803196903543745
187,7,X,X,D,1,0.75,0.5662968339195572,0.5020848606798349,0.3965452977039228
187,8,X,Y,J,0,0.75,0.558577849852908,0.514870729305823,0.38107721082953216
187,9,X,X,D,0,0.730906090451784,0.5559385407959114,0.48005624604530184,0.37384008386477396
187,10,X,X,D,1,0.7111749188978833,0.48656180304943014,0.4781376196597163,0.3934336931863742
187,11,X,X,D,1,0.7407653934731708,0.4389435288443358,0.5029792879140573,0.4229886233193789
187,12,X,Y,J,1,0.75,0.42185201838650244,0.532149572840158,0.44626910586199636
187,13,X,X,D,1,0.75,0.43492102520362746,0.5305299876620239,0.4838103163117944
187,14,X,Y,J,1,0.746889722786246,0.42969291894302675,0.5793441182966175,0.4965280722949152
187,15,X,X,D,1,0.7090292389282015,0.4072580148050805,0.5648922177977057,0.5268806446992148
187,16,X,X,D,1,0.7013881351193052,0.41491506894931224,0.574287383370251,0.5287830557050008
187,17,X,Y,J,0,0.7173983130380485,0.432635424913213,0.5949054886355246,0.543454162740412
187,18,X,Y,J,0,0.6977306784977511,0.4550182444076677,0.6175671741271632,0.5654901705288478
187,19,X,X,D,1,0.6810562990420133,0.4493766932335606,0.6459286819151421,0.5754788935057138
188,0,X,X,D,1,0.6063098540211643,0.473134709201022,0.4516748978146736,0.47267914213808365
188,1,Y,Y,J,1,0.6266333217887606,0.4270299609058941,0.4379884921820064,0.4883884921032085
188,2,X,X,D,1,0.6244464342309178,0.452039002160906,0.44293818185565004,0.5061269769020743
188,3,X,X,D,1,0.6589039105476127,0.4421232656507037,0.44330914817920736,0.5362042830209296
188,4,X,X,D,1,0.6402777333298943,0.4072280415920923,0.4429501880391644,0.5292151296713608
188,5,X,Y,J,1,0.6280586031894203,0.4054166216167996,0.44776085988776604,0.5328326103475619
188,6,X,X,D,1,0.6540319393834173,0.3979803823240817,0.4528457185795066,0.5500013730817425
188,7,X,X,D,1,0.6409770117249929,0.40582203755068047,0.45492129630475275,0.5509017091219138
188,8,X,Y,J,0,0.5828714802219409,0.4416081550938278,0.45950348558893267,0.5345023281114557
188,9,X,X,D,1,0.6252121915461929,0.39425155270721074,0.4267339127835295,0.5647313693272792
188,10,X,X,D,1,0.6525296210501524,0.382041517494605,0.4076418605307381,0.5855576578560979
188,11,X,Y,J,1,0.6539221487134375,0.38553125996929444,0.3817561628819218,0.599489415105591
188,12,X,X,D,0,0.6674101046914644,0.36752827580395125,0.4325292291793517,0.6498992338150046
188,13,X,X,D,1,0.6820675478064799,0.4305934410667037,0.4819401570975546,0.6149389610632624
188,14,X,X,D,1,0.6732139067609793,0.4534078344101729,0.4400357354250835,0.6434647803225544
188,15,X,X,D,0,0.6749572373786329,0.425226262732852,0.4238558188489589,0.658325500566125
188,16,X,Y,J,1,0.6808940726914243,0.41910817520699983,0.4077262934777313,0.6458006426055406
188,17,X,X,D,0,0.6872270366999474,0.4637286717204528,0.44917328508055715,0.642355476616497
188,18,X,X,D,1,0.6895332585274794,0.45712564452393306,0.46421352035466856,0.662874164956786
188,19,X,X,D,0,0.7046937843401548,0.43753962439114935,0.473316831985343,0.6937037766313794
189,0,X,Y,J,1,0.718845441652244,0.7141064469684161,0.3694456475496181,0.6855983647192925
189,1,Y,Y,J,0,0.6955291583053598,0.7294481375245705,0.3656820257976408,0.6886620058089414
189,2,X,Y,J,0,0.6478046959381654,0.7182617275153141,0.3378721575461363,0.6888174342260848
189,3,X,X,D,1,0.6375884862175142,0.75,0.3543344844322015,0.7063196029082963
189,4,X,X,D,1,0.6483752447257912,0.75,0.3614054273448737,0.697818403548919
189,5,X,X,D,0,0.6223868004969894,0.75,0.32787218215092556,0.6706339007845055
189,6,X,Y,J,1,0.5787602262805916,0.7050300760976409,0.29834296570961766,0.6517134048818026
189,7,X,Y,J,1,0.5617031614771708,0.7054344059685618,0.2619148077669748,0.6361052526213519
189,8,X,X,D,0,0.5571085485244974,0.7108007190380771,0.28412290880540514,0.6038472696780514
189,9,X,X,D,1,0.6015350348640589,0.6829854769868404,0.27744982518511296,0.5482118049976702
189,10,X,X,D,0,0.6535369426410254,0.681531133971343,0.26140108285876207,0.557854199457631
189,11,X,X,D,0,0.617973798921811,0.6914851165926424,0.28191313546591057,0.5521467555298726
189,12,X,Y,J,0,0.6186376201609265,0.7076960221120607,0.27444629271156157,0.5948903151854954
189,13,X,X,D,1,0.5687946237455871,0.6794209093270842,0.2945494519060763,0.5899938405550289
189,14,X,X,D,0,0.5630109558826107,0.7228041660361649,0.29830267310158454,0.5989354752494446
189,15,X,Y,J,0,0.5628198431072265,0.7339434363413587,0.309120173585682,0.5522163111852034
189,16,X,X,D,1,0.5953425793383311,0.681629462009088,0.30019536109341494,0.521508773998627
189,17,X,Y,J,1,0.5907650383254313,0.7059301508995562,0.3118268223077177,0.5407513743626027
189,18,X,X,D,1,0.6118408991797595,0.7119115518448658,0.32580917070173654,0.5461827534317092
189,19,X,Y,J,1,0.6176781020880125,0.7465848284700238,0.32900673832461413,0.5200022456931741
190,0,X,X,D,0,0.4644536493823735,0.5238297620273087,0.7172318995211183,0.38785032589819557
190,1,Y,Y,J,1,0.4447686474379087,0.5213202403086374,0.6992039163098971,0.4231516863272379
190,2,Y,X,D,1,0.4756715872101724,0.5049717127885633,0.6817793977072522,0.44335783562286435
190,3,Y,X,D,0,0.5135203364249653,0.5186125295317527,0.6686435015622393,0.4538210396231602
190,4,Y,Y,J,0,0.5414579869046505,0.5413751339330709,0.655433641129248,0.5013639800495991
190,5,X,Y,J,1,0.5485387301670415,0.5632714778414664,0.6244621456454225,0.4938720195387714
190,6,X,X,D,1,0.5554032074999466,0.5559486032214056,0.6874147359755767,0.5154266593649114
190,7,X,X,D,0,0.5821752431851488,0.5330826321533492,0.6934292634984075,0.5494212943790645
190,8,X,Y,J,0,0.5647648803342463,0.5191923041301172,0.6722916799871859,0.5437731643041861
190,9,X,X,D,1,0.5178044214726087,0.5066320855345667,0.6676009788009406,0.5175575533986222
190,10,X,X,D,0,0.5462138027796721,0.49040630540645536,0.7083583719448272,0.5176559179905671
190,11,X,Y,J,1,0.562844349479104,0.4957070903831924,0.75,0.5016867892223632
190,12,X,Y,J,0,0.5764325023620473,0.4749819180322646,0.75,0.4916015679628514
190,13,X,X,D,1,0.5834368224517126,0.45946866977882794,0.75,0.49168161731534343
190,14,X,Y,J,0,0.6268814395191797,0.44517012855298876,0.7431606503576552,0.5064764251837418
190,15,X,X,D,1,0.6185712411577323,0.4878732101978942,0.75,0.49439713486919606
190,16,X,X,D,1,0.6299860731548106,0.45545749462039664,0.75,0.5070364431359317
190,17,X,X,D,0,0.6619431730294396,0.44954144370028926,0.75,0.477184008192162
190,18,X,X,D,0,0.6454004799156436,0.4261910007950827,0.7330740545258745,0.5162045023859185
190,19,X,X,D,1,0.6468375647546403,0.473448606354029,0.6882682642499073,0.5261160936001525
191,0,X,X,D,0,0.3875748893700264,0.47845298641424694,0.3758397555811422,0.48012857070734233
191,1,Y,X,F,1,0.3322546176059804,0.5130175286715827,0.32465039316291744,0.4995817937772282
191,2,Y,Y,J,0,0.3368641029988631,0.5338594954821585,0.3459864543790476,0.4868699106995633
191,3,X,X,F,1,0.38434576070077414,0.5401869577866085,0.3723979995011947,0.519729555620967
191,4,X,X,F,1,0.3776082558556813,0.5225566767130171,0.3963300143986931,0.531441692267874
191,5,X,X,F,1,0.39191037960046365,0.5490520950729372,0.43747887711539013,0.5140218759578218
191,6,X,Y,J,0,0.38143221522875287,0.5283017256759575,0.4083998131070979,0.5280478240153165
191,7,X,X,F,0,0.37939474243140026,0.5225919876132937,0.34534384455843414,0.487648028283084
191,8,X,X,F,0,0.38624281490683693,0.5440012259228435,0.3699830360694001,0.49260816459964546
191,9,X,X,F,0,0.3880756562831366,0.4846381297693337,0.37779176570872425,0.5213732710926795
191,10,X,X,F,1,0.3926179870663914,0.5171181381277177,0.4186138517270006,0.4936939480414057
191,11,X,X,F,1,0.39098788322956274,0.5387630369419398,0.4140718289135613,0.5272840707566384
191,12,X,X,F,1,0.413637437991891,0.555331269757815,0.44830303700323426,0.5312519735742167
191,13,X,Y,J,0,0.4123394210556828,0.5720781169230003,0.4640704649237061,0.48543187358291207
191,14,X,X,F,0,0.4035306979872861,0.6066107512419404,0.45394917592852724,0.5079052904644755
191,15,X,X,F,0,0.37935241280544063,0.6121509797692055,0.4248612231913486,0.5228362293262606
191,16,X,Y,J,0,0.4063665855022168,0.649579356777581,0.40762964790075357,0.508414194008948
191,17,X,Y,J,1,0.4209414133745406,0.6686407923486665,0.4356059440419699,0.5107502714702417
191,18,X,X,F,1,0.41201889990351764,0.6405912492916205,0.4281725489048168,0.46775220969748404
191,19,X,Y,J,1,0.40461009952510163,0.658571452587292,0.40298477624899093,0.48027394563356496
192,0,X,X,D,1,0.3787531914626108,0.427550527714814,0.37705554502145566,0.5247660109007815
192,1,Y,Y,J,1,0.36061863435077984,0.46444487292661396,0.3372332537093348,0.5578647990992728
192,2,X,X,D,0,0.3480395043971349,0.43206287091671425,0.3275938758438889,0.554830646366634
192,3,X,X,D,0,0.35537361007646673,0.385708277661326,0.32337596375641303,0.5605371724535226
192,4,X,Y,J,1,0.39106495065233704,0.37782833573192365,0.35207270821058556,0.565399012349313
192,5,X,Y,J,0,0.3837485513808107,0.3452976649997304,0.33343954043180346,0.5981123385380487
192,6,X,X,D,1,0.4174703891549043,0.29489665694102773,0.3451691407250393,0.5737560819769726
192,7,X,X,D,0,0.4367139316576427,0.28688689384575794,0.36541641557470816,0.553092457059982
192,8,X,X,D,1,0.45240630404959836,0.30835058946354843,0.33447472064030087,0.5773341101675094
192,9,X,X,D,0,0.46604467684872225,0.29431502524593656,0.32834626811475565,0.5987687489866369
192,10,X,Y,J,1,0.45821706172558857,0.30837445436285627,0.35130264948751644,0.6103804992337498
192,11,X,X,D,0,0.4524071322849844,0.30937004279266545,0.3418032082808388,0.5975452824290761
192,12,X,X,D,0,0.4550079076050572,0.3288122607935169,0.31764201044619333,0.6466680622880544
192,13,X,Y,J,1,0.4949031497839248,0.3393097153340126,0.31139949783726645,0.6803831790620469
192,14,X,Y,J,0,0.5144123532172943,0.3252593840834155,0.34422724409515215,0.665555376364114
192,15,X,X,D,0,0.5131213981090043,0.30834317523230137,0.35137871356184225,0.6360671263323514
192,16,X,Y,J,0,0.46442718601610855,0.35753230189250995,0.33669723050993583,0.6446911089002678
192,17,X,Y,J,0,0.44984979696404925,0.31938727033460335,0.34783463441041496,0.6513862646909757
192,18,X,Y,J,0,0.4394742010906054,0.3167780419227255,0.3432564215144129,0.5959723471329887
192,19,X,Y,J,0,0.4485788083136661,0.29863812050671845,0.35008622105711035,0.5506232332760912
193,0,X,X,D,0,0.2551078160788026,0.3769664732042217,0.6316780429247256,0.3695290488984686
193,1,Y,Y,J,1,0.25,0.34271173222835916,0.6401566931174031,0.4319600774967654
193,2,Y,Y,J,0,0.26788713022973926,0.3522973953187025,0.6352922128375555,0.40477478326590255
193,3,Y,Y,J,0,0.2581380545177315,0.33282228859982266,0.6010612826063484,0.4585774862629692
193,4,X,X,D,0,0.25,0.3932585878261914,0.5463594256268383,0.4375028180646403
193,5,X,Y,J,0,0.2543637995580851,0.39654349838100833,0.558004208963657,0.4431389873294934
193,6,X,X,D,0,0.2514239192465118,0.39380795231721616,0.6125596599430634,0.43166047232894444
193,7,X,Y,J,1,0.2508183972763029,0.3400468515786567,0.5865034095414264,0.44263961699739085
193,8,X,X,D,0,0.25,0.35499267698887216,0.5450879176951035,0.4349294752884264
193,9,X,X,D,0,0.25,0.3496382237090614,0.5670261913986899,0.45335281334594685
193,10,X,Y,J,0,0.25,0.3469319956081358,0.5677613410072706,0.4936729000716562
193,11,X,X,D,0,0.25,0.3456654750357759,0.6223519163042122,0.5152208224424281
193,12,X,X,D,0,0.2785692783186481,0.3646824048535404,0.5641263325618734,0.5167827500395211
193,13,X,X,D,0,0.2646171787113673,0.3467599032341696,0.5653234405643539,0.5173504984284291
193,14,X,Y,J,0,0.272015984508959,0.32462546007063076,0.5651479978366684,0.49624320358136415
193,15,Y,Y,J,0,0.28708215480390625,0.3192671627108926,0.5656203435450637,0.5266432312105099
193,16,X,Y,J,1,0.2670688455741686,0.2895031481356264,0.5387312959938235,0.5346256932087078
193,17,X,X,D,0,0.26154577553826797,0.2691434383005605,0.5750837152456175,0.570910498423573
193,18,X,X,D,0,0.25,0.25,0.5834538926075978,0.6010291392447935
193,19,X,Y,J,1,0.28493888452042093,0.2799234206255558,0.6051244640663602,0.5870269233222969
194,0,X,Y,J,1,0.6376198675939087,0.6292909335111248,0.38274037820422635,0.5428972715522484
194,1,Y,X,D,1,0.6265077532160873,0.6563411523491779,0.37390286603237005,0.5391415586234256
194,2,X,Y,J,1,0.6717658642003083,0.6312986805352013,0.40197761592849857,0.539834907288923
194,3,X,X,D,1,0.7017478136068677,0.6643375786794985,0.4131735631252352,0.5251171046352303
194,4,X,Y,J,1,0.6642944094139046,0.7318233973344028,0.4082199409119682,0.5569162435311846
194,5,X,X,D,0,0.6666173889485417,0.7204631357523058,0.3931761855505698,0.5227524052259981
194,6,X,X,D,1,0.6238471991331603,0.7222523353751453,0.38889414882023476,0.5665608182808717
194,7,X,X,D,1,0.6112655715667826,0.75,0.3669921804514116,0.5631836337653182
194,8,X,Y,J,1,0.6388206401005947,0.7335921015417896,0.36549770979227586,0.5782909327177057
194,9,X,X,D,0,0.6326018695713926,0.7175579094500797,0.37154402206351134,0.5821732833778087
194,10,X,X,D,0,0.641486207980288,0.7325513371122886,0.3696426639111566,0.6008194934714356
194,11,X,X,D,1,0.6009829217932721,0.7194827325969411,0.37938423198074445,0.5891559069745306
194,12,X,X,D,1,0.5968730312897821,0.72099606686795,0.3931008810660581,0.58616825243463
194,13,X,X,D,0,0.5965321551232544,0.7183406053606605,0.4282571116730401,0.5510816813238752
194,14,X,X,D,1,0.6150196744854535,0.6571180494140278,0.4418994760528327,0.5345188693508559
194,15,X,X,D,1,0.6033434071085308,0.6843182843239308,0.47599644983661626,0.5771721269142095
194,16,X,X,D,0,0.6071939976543757,0.6716021032327744,0.4930609568546368,0.6076463878557591
194,17,X,Y,J,0,0.6365416228900646,0.7187200115695085,0.5090146200594121,0.5933418443763503
194,18,X,X,D,1,0.6520760456374755,0.7081331118078169,0.4644351215756271,0.5887121215673075
194,19,X,X,D,0,0.6469809635900489,0.698937632710427,0.45387491538391106,0.5819976027256826
195,0,X,X,D,0,0.2633172243176431,0.519355911000388,0.3846457734350752,0.6314288982668892
195,1,Y,X,F,1,0.3246390770448978,0.5027749096805999,0.3827273438869143,0.6668530625961301
195,2,Y,Y,J,0,0.35785677933280785,0.4899875605280024,0.35825154229589384,0.6335836469805527
195,3,X,X,F,0,0.3783529927521072,0.44675465968631534,0.37439442692379477,0.6257866251284585
195,4,X,Y,J,0,0.3300712976705793,0.4635507198886398,0.3803058331934652,0.5862527506476558
195,5,X,X,F,1,0.34813186654162387,0.4696159918622987,0.36314257611271494,0.5699065934923334
195,6,X,X,F,0,0.3863971836464286,0.4740749327041632,0.3349660393950642,0.5933653469522622
195,7,X,X,F,1,0.4345371078875035,0.5140661591339556,0.3307869290844854,0.5891075916387153
195,8,X,Y,J,0,0.42993258926069594,0.5388439464372403,0.3122417837155912,0.6010633370305217
195,9,X,X,F,1,0.4179063494513655,0.5429406053638334,0.32644678022639967,0.6088025036530627
195,10,X,Y,J,1,0.434769457120415,0.5660723416054316,0.32854954515112844,0.6086688495559117
195,11,X,X,F,1,0.4230293435062826,0.5605775968762793,0.3320152619046699,0.59148403632147
195,12,X,X,F,0,0.39625873684075424,0.5629705503509327,0.3216825037860263,0.6459620685077748
195,13,X,X,F,1,0.37320198650501474,0.5236569536521684,0.3307716103399072,0.663899049719135
195,14,X,X,F,1,0.30788920163816313,0.562711373664181,0.3504209176593718,0.6731903663777042
195,15,X,X,F,0,0.2719004306574079,0.5455014562137137,0.33983235843936066,0.684095918359762
195,16,X,Y,J,0,0.25,0.5204016981752018,0.31684657795353305,0.6917701015862743
195,17,X,Y,J,1,0.3027681121738939,0.5349808244745105,0.3030364272629371,0.6963148349966133
195,18,X,X,F,0,0.28670255483943047,0.5112475296497461,0.33165877110472586,0.7232969857896674
195,19,X,X,F,1,0.27243911458786024,0.5243180676028745,0.3178524883461198,0.75
196,0,X,X,D,0,0.3632392036323671,0.598054007432142,0.564788990188551,0.703334316535601
196,1,Y,Y,J,0,0.3802039473404849,0.572503307131552,0.5757162343795155,0.6988321487075728
196,2,X,X,D,1,0.31937694308282083,0.5994878680904325,0.5672733230410921,0.6809791130776051
196,3,X,X,D,0,0.3085878864893578,0.5867760808385588,0.5257928413633338,0.6806668350646574
196,4,X,X,D,0,0.31528453865858563,0.570081963481237,0.5248149280029274,0.705296023297094
196,5,X,X,D,0,0.3523402779387262,0.5631692229234021,0.5205045325354246,0.7045123147937329
196,6,X,X,D,0,0.34908503148337955,0.5505496496552321,0.5163016554932202,0.7056887387681036
196,7,X,X,D,0,0.42006621129060007,0.5632944715825771,0.551938849819909,0.6965420645269699
196,8,X,Y,J,1,0.40706130296836635,0.585236421662154,0.5714902901188513,0.7189099857208215
196,9,X,X,D,0,0.37963586466203325,0.579123393722841,0.584857804844285,0.7069776411507369
196,10,X,X,D,1,0.3778762388185823,0.5810445134756503,0.5812412890766376,0.6944253007705247
196,11,X,Y,J,0,0.3936861125400246,0.6207079279956809,0.5891924171533292,0.6920696686977624
196,12,X,Y,J,1,0.4095358251192663,0.6629996517558154,0.5691179090770866,0.6786856236703283
196,13,X,X,D,0,0.3588491200514786,0.6693313955965093,0.5495730340680889,0.6513263598913119
196,14,X,Y,J,0,0.32870394230108024,0.6620527367928387,0.5587690631364802,0.6390945439097908
196,15,X,Y,J,0,0.35770842444654777,0.6779359421911094,0.5601452901549734,0.5996960867981564
196,16,X,X,D,0,0.3741043704029201,0.666368992447116,0.619454843911441,0.6309829935987368
196,17,X,X,D,0,0.39908480869324886,0.6251672415862906,0.5982237021951321,0.5959474394697643
196,18,X,X,D,0,0.3659578939980512,0.5880356795162558,0.6074985599542653,0.5614813006556775
196,19,X,X,D,1,0.3907118859292522,0.5891989388881977,0.6048013675199984,0.5852152624123307
197,0,X,X,D,0,0.6958225219351866,0.4277773694467198,0.3432543030609518,0.5400028247024614
197,1,Y,Y,J,1,0.6897938853347667,0.43041020228176846,0.2639958214561523,0.5110397419052959
197,2,Y,Y,J,0,0.6581023646575029,0.40411802238618777,0.2838190491819705,0.553441286885523
197,3,Y,X,D,1,0.7400923074562454,0.4080480399372394,0.2879647167721256,0.5605851224460047
197,4,Y,X,D,0,0.6867329569567262,0.3642634022976585,0.2816468781466906,0.564656334632371
197,5,Y,X,D,1,0.735858648832358,0.36097835210104295,0.3113780672509027,0.5981809074410847
197,6,X,X,D,0,0.6935925545526869,0.35331797236685647,0.2890205740816098,0.5828871570681828
197,7,X,X,D,0,0.6893685440851859,0.36623135964265824,0.25,0.5974428453764091
197,8,X,Y,J,0,0.699687579178673,0.36257338562279534,0.28041928614061656,0.5741366239659978
197,9,X,X,D,1,0.7354160647522368,0.3262045942868052,0.31432807172123084,0.5901213320764419
197,10,X,X,D,1,0.7218951003522566,0.2974100884169425,0.3271283771123561,0.5873515205807762
197,11,X,Y,J,1,0.7424028266224778,0.3012008359829046,0.3476166157344143,0.5959886381229302
197,12,X,X,D,1,0.75,0.3264485491854932,0.3067993245033359,0.6202466894550934
197,13,X,X,D,1,0.75,0.34119883424887987,0.3026602352394134,0.6076828934622648
197,14,X,X,D,0,0.75,0.34592936191227747,0.29357926646983346,0.5793679411517101
197,15,X,X,D,1,0.75,0.3641087525015599,0.28422700065332235,0.5802374532676062
197,16,X,X,D,1,0.712208939229206,0.3279208480907209,0.3051531350608074,0.5465590897881071
197,17,X,X,D,1,0.7056937605972486,0.33383475528666107,0.32923721429286523,0.5833241510645801
197,18,X,X,D,1,0.6821545804788917,0.3565142788264377,0.30224935849319845,0.5889367825160692
197,19,X,X,D,0,0.7091863009231776,0.3522195012949811,0.2935615018770702,0.5527397296299452
198,0,X,X,D,1,0.4174866691742892,0.42796956091374805,0.5947708295373131,0.6522706420497323
198,1,Y,X,D,0,0.4469933472754749,0.42477478872200436,0.5739101927351229,0.6647218774304662
198,2,X,Y,J,1,0.4730902887765896,0.42144480660494926,0.5453969539518948,0.6588487134542302
198,3,X,X,D,0,0.464789725330851,0.4022262430382345,0.5434843807973461,0.6518022752325036
198,4,Y,Y,J,0,0.431251937637177,0.3854529741340453,0.5541951701147279,0.6614340018889784
198,5,X,Y,J,1,0.42592454320166623,0.4122934499417354,0.5733529649378717,0.6347774829051422
198,6,X,X,D,0,0.36397908077034863,0.44438596613628406,0.5620168157688425,0.6195828360761946
198,7,X,Y,J,0,0.3829555650599943,0.4579170351665517,0.5375601256176107,0.6466526483969423
198,8,X,X,D,1,0.3673494858549719,0.4712063231332637,0.5415481806201758,0.6511308257916616
198,9,X,X,D,0,0.3914869648084471,0.47637136380923006,0.5319608296414683,0.6621646870853027
198,10,X,X,D,0,0.41075316999645517,0.4800203442348052,0.5680136334752296,0.6333340719463724
198,11,X,Y,J,1,0.4121110163362059,0.46216781407402885,0.575501524788501,0.6287605325455414
198,12,X,X,D,0,0.40660298007984236,0.42070963320258203,0.5932274770477126,0.6268892649480216
198,13,X,Y,J,1,0.40830497364413604,0.4370983584116886,0.6067694538779438,0.6572877031797767
198,14,X,X,D,0,0.40227056283706,0.4567980360160656,0.5896855339859646,0.6694425488112618
198,15,X,X,D,0,0.4547286046836724,0.4933924372571522,0.5495883211931556,0.7248654513623995
198,16,X,X,D,0,0.47287854019978437,0.5241754771060447,0.5842226228007816,0.75
198,17,X,X,D,1,0.45241383448696326,0.5104407433760972,0.6346764851928397,0.75
198,18,X,X,D,1,0.44910102804834034,0.5076395594972629,0.6278323892313136,0.7451119567151693
198,19,X,X,D,0,0.5036181372725366,0.5100437798067141,0.6349440106375822,0.7076630721352638
199,0,X,X,D,1,0.6255814615015972,0.4481972212940353,0.7276501080279366,0.2826729095734959
199,1,Y,Y,J,0,0.6497055814107242,0.4396635620632956,0.746282550215977,0.27062465716694195
199,2,X,Y,J,1,0.619941018121101,0.4462277802980192,0.75,0.29709491769973917
199,3,X,X,D,0,0.6324604345756843,0.44482113159704156,0.6981512734086986,0.25
199,4,X,X,D,0,0.6166197510576525,0.45464272063429856,0.6882277380945936,0.2612832085895163
199,5,X,X,D,1,0.6403784101127264,0.4705760017010559,0.7176560659968182,0.281231553968125
199,6,X,Y,J,0,0.6182873080796087,0.4675374998590642,0.738377980999612,0.26893886298745306
199,7,X,X,D,0,0.6345132185433154,0.46312295536467174,0.7289854059949079,0.28643342913402
199,8,X,X,D,1,0.6536523541174063,0.43752917076235087,0.692097480270035,0.3077804011234779
199,9,X,X,D,0,0.6563412135571048,0.4299420636473237,0.6865793491768898,0.3179084627445531
199,10,X,X,D,0,0.6954618706583541,0.48304637204362244,0.7102156493173778,0.2786103755711174
199,11,X,Y,J,1,0.6615911577414807,0.5065268225392247,0.75,0.26949351275019784
199,12,X,Y,J,1,0.649141725026707,0.4686266438883962,0.71720849295637,0.2875637457371584
199,13,X,X,D,0,0.6258829256338815,0.4748926910942288,0.7236283642219841,0.25611051089058756
199,14,X,X,D,0,0.6531827005287936,0.5003373430262247,0.7409362168511289,0.26241868759101666
199,15,X,X,D,1,0.6691978950755662,0.5176353819204357,0.75,0.2937953892729391
199,16,X,Y,J,1,0.6709561958053214,0.5219974240257971,0.75,0.31510778611853363
199,17,X,X,D,0,0.6707611423930593,0.5830244408237413,0.75,0.3155815402208026
199,18,X,X,D,1,0.635944992036343,0.5762449584766504,0.75,0.2691610267980563
199,19,X,X,D,1,0.6410441351712336,0.5690477043994103,0.75,0.25
200,0,X,X,D,1,0.4014985833217172,0.3657307733701656,0.43917806983778457,0.2955112533495077
200,1,Y,Y,J,1,0.4045271641587384,0.39364431163613617,0.4670889338606981,0.2818890902306074
200,2,X,X,D,0,0.38731770405519494,0.4166467485540449,0.498625385222834,0.2787176036810634
200,3,X,X,D,0,0.3862064906694969,0.43921260951302826,0.5313064120512591,0.25
200,4,X,Y,J,1,0.3568788981524158,0.4814860482031207,0.5550369140762093,0.25
200,5,X,Y,J,1,0.35691771038825504,0.534539524864071,0.5466321666506913,0.2844796708977483
200,6,X,X,D,1,0.3778201690508436,0.5501656098577576,0.5553516533443397,0.30454246535108437
200,7,X,X,D,0,0.40603664597376715,0.5841136912318161,0.5830188144388212,0.29600486773677415
200,8,X,X,D,0,0.44522683094728094,0.6013759020825946,0.6245739389435353,0.3037640026693428
200,9,X,X,D,0,0.425863498455938,0.6140914927190944,0.6818284098116665,0.3105509513737573
200,10,X,X,D,0,0.42184880050433693,0.6717336717885419,0.6811004396152777,0.34709652053347406
200,11,X,Y,J,1,0.3944703143864115,0.654655450880432,0.673048491521568,0.36894787582064664
200,12,X,Y,J,1,0.39631067347800303,0.6524002432060189,0.6534378976866506,0.37087703288203727
200,13,X,X,D,0,0.3938192264400548,0.6423264133798912,0.6373513841092009,0.3629653995863327
200,14,X,X,D,1,0.35046729211822203,0.6527707135711293,0.5794471925008363,0.43186888544027385
200,15,X,X,D,1,0.3189442493473592,0.6795415267075768,0.5681558513552506,0.48060938263295544
200,16,X,X,D,1,0.29868513572388117,0.6902371174059634,0.5285519393493116,0.48697265815573904
200,17,X,X,D,1,0.33355535307525946,0.7061503617766296,0.5370341153730455,0.5291903185548066
200,18,X,Y,J,1,0.3443091367796149,0.7218975586319698,0.5905482044405054,0.5269135511058414
200,19,X,Y,J,1,0.3697388304374441,0.7189560657399807,0.5612390887929352,0.4931582916940093
201,0,X,X,D,1,0.4265580506028821,0.7140258351310609,0.4352186514363552,0.5440475468995148
201,1,Y,Y,J,0,0.38272457910431396,0.7278683667384502,0.4628370261070054,0.5544698951015087
201,2,X,X,D,1,0.3934941530041414,0.6978784942535929,0.4712404736765593,0.555319153991497
201,3,X,Y,J,0,0.35992302987028385,0.7168803465976007,0.45461311377536917,0.5515245603931661
201,4,X,X,D,1,0.33763609157257674,0.7453385963261459,0.49594620337715845,0.5220334305523162
201,5,X,X,D,0,0.3338149967653668,0.7309528154481305,0.4801485119234642,0.5582292724706972
201,6,X,Y,J,1,0.30861937933798955,0.6990797318596915,0.5008110083110257,0.5629691106301761
201,7,X,X,D,0,0.3051751389188717,0.7160878802142168,0.53902555145521,0.5728244392533465
201,8,X,X,D,0,0.2939457437008517,0.75,0.5389372010854052,0.566185898402766
201,9,X,X,D,1,0.30844305110045084,0.7493508859757527,0.5384982321831653,0.5720930707533245
201,10,X,Y,J,1,0.34704212457348294,0.75,0.483515689394594,0.6252386984216427
201,11,X,X,D,0,0.29612299927198804,0.75,0.4581593644188821,0.6321194744374404
201,12,X,Y,J,1,0.29971367632747103,0.75,0.492075676477613,0.632384436353414
201,13,X,X,D,1,0.2958126738789984,0.75,0.4866697022925863,0.6121515859932403
201,14,X,X,D,0,0.2698449858374146,0.694498722959372,0.4352361340427793,0.5980643712014354
201,15,X,X,D,1,0.30894499171094314,0.655855956831631,0.3668140484164747,0.5613847398514568
201,16,X,X,D,0,0.3270191816582078,0.6573406823670062,0.33229466587974693,0.563538242712411
201,17,X,X,D,1,0.32596194255961114,0.6324328010031068,0.3270622459975481,0.530811512116775
201,18,X,Y,J,1,0.32620478485387244,0.6213461952496858,0.32844634950130014,0.4987204844016785
201,19,X,Y,J,0,0.35957678110090874,0.6108623523474978,0.36855401275925825,0.4943884222320304
202,0,X,X,D,0,0.27725783377974267,0.5490641834178325,0.5080192325855002,0.6816425648993434
202,1,Y,Y,J,1,0.32626169663325055,0.5641229297056778,0.46819903959304227,0.6919216686309467
202,2,Y,Y,J,0,0.3142148332663478,0.49837647526458545,0.4692732054083048,0.6559509146496
202,3,Y,X,D,0,0.3159591768793665,0.49044758348418516,0.43793398655962246,0.6429860734896454
202,4,Y,X,D,0,0.3693364949713704,0.513589157986929,0.4672203573182534,0.6481869387742564
202,5,Y,X,D,0,0.3614484376064529,0.5258778210132271,0.477715763868117,0.6877336750289621
202,6,X,Y,J,0,0.34830056608015264,0.554200794861579,0.4479419154384346,0.7200159105292574
202,7,X,X,D,1,0.3906808337318828,0.535111028875289,0.46095199782011526,0.6946819102361128
202,8,X,X,D,0,0.348578405365137,0.5358640993610353,0.45176091061371787,0.7360801086622369
202,9,X,X,D,0,0.33622419638622836,0.5661083185252676,0.4350800605576064,0.7499460062128134
202,10,X,Y,J,0,0.306643669322982,0.6031734981540228,0.442598439844004,0.7172531921918182
202,11,X,X,D,0,0.3128034096727049,0.6195701583668783,0.44258062432452716,0.75
202,12,X,X,D,1,0.344903003778425,0.6343261231674795,0.44476462694711294,0.7181659239095122
202,13,X,X,D,1,0.38178295843505394,0.6150300722607138,0.4749372416649721,0.7280073472838393
202,14,X,Y,J,1,0.38257510562734687,0.6301873931810523,0.4490646974016036,0.6606140309863667
202,15,X,Y,J,1,0.36317239246356753,0.5830690538625477,0.38576265264640075,0.6659536226138437
202,16,X,X,D,0,0.38047920231027316,0.5641376815461147,0.410264986326077,0.6379406804765615
202,17,X,Y,J,0,0.38243615686345706,0.5738063626814223,0.4045772610808094,0.6595217690772942
202,18,X,X,D,1,0.42336826960856455,0.548421040876746,0.41759109324693283,0.6600077339352463
202,19,X,X,D,1,0.4154679877231689,0.5295966680111599,0.37667638904363576,0.6872900751986727
203,0,X,Y,J,1,0.36992090961342156,0.2836630935953598,0.5191484198272844,0.5228113138728775
203,1,Y,Y,J,1,0.34774447797487307,0.31048338783937657,0.5315572460376954,0.54586795412055
203,2,X,X,D,0,0.32693541642477353,0.303796219617912,0.5668623536067017,0.5423196615876321
203,3,X,X,D,1,0.3190503631890092,0.3079308360906757,0.5881939712295771,0.5590781185410275
203,4,X,Y,J,1,0.3230521199426519,0.26064330460463314,0.6004526898138458,0.5579618143048912
203,5,X,X,D,0,0.33231138205539756,0.30304386658109916,0.5887004611644787,0.5500388982948538
203,6,X,X,D,0,0.3447075774460832,0.32302650440119823,0.5804952358618662,0.5885337201200554
203,7,X,Y,J,1,0.3394536667072841,0.3067234657310597,0.598883720478466,0.556722182281125
203,8,X,Y,J,1,0.36351966334176283,0.28028765524022786,0.5680405264721767,0.5417306764012425
203,9,X,Y,J,1,0.419602782543919,0.28554857740606665,0.5847696225407407,0.5607821412823142
203,10,X,X,D,1,0.41096036278111053,0.33046983762687193,0.5778534859806396,0.5432509362974789
203,11,X,X,D,1,0.41304670062762694,0.3233270754734524,0.6193084496814667,0.5231949588165908
203,12,X,X,D,0,0.4355024121067642,0.34680083791390204,0.6240445681236618,0.5202419159598727
203,13,X,X,D,1,0.41040077495340493,0.3592169789428171,0.6167509624519997,0.5122932316124728
203,14,X,X,D,0,0.37957983629665326,0.2980217596435793,0.5844083291253194,0.5365768049716488
203,15,X,X,D,0,0.40212077582748473,0.2636369023332848,0.6348523329915765,0.5373149348732285
203,16,X,X,D,0,0.42188001074674325,0.2544140999233448,0.6110651485382603,0.5627858505639555
203,17,X,X,D,1,0.39961446918991234,0.2510819619726107,0.5911946706136716,0.5850910599211494
203,18,X,X,D,0,0.38363737712997065,0.25,0.591927348903219,0.6021110795081536
203,19,X,X,D,1,0.4417778458763314,0.26771005694035394,0.5922200432886956,0.5747527757201654
204,0,X,X,D,0,0.5282791244804759,0.5144073171108646,0.31324152548188156,0.6459291223315328
204,1,Y,Y,J,1,0.5504403283060386,0.5051387000303407,0.32467783520509763,0.6269056780782896
204,2,Y,Y,J,0,0.5313053721069428,0.4636098862488717,0.32616032016322344,0.6010939716852023
204,3,Y,X,D,1,0.5060262155773898,0.48782729571030814,0.29936078601781757,0.6177587469045667
204,4,Y,X,D,1,0.4880421295921693,0.4965290929188762,0.2892031852609153,0.6169551879425816
204,5,Y,Y,J,1,0.48784699667423514,0.5160521400872387,0.25,0.5913652201175282
204,6,Y,Y,J,1,0.4647036193871273,0.48935998488628757,0.25,0.5938549727451375
204,7,Y,Y,J,1,0.47489632746494626,0.468552454366157,0.25,0.6328903316117506
204,8,Y,Y,J,0,0.4872142492847528,0.4841933009726141,0.25,0.6382305229944517
204,9,Y,X,D,1,0.5023531954214121,0.4965550838878819,0.25,0.6147744893980054
204,10,Y,Y,J,1,0.5443227793213476,0.4605941114539404,0.2787780310242348,0.5644599979002466
204,11,Y,X,D,0,0.5652410365883216,0.4609224524563234,0.26071289841854756,0.5646029597952399
204,12,Y,Y,J,0,0.560700772897775,0.45283320062629345,0.2704272188750424,0.5579623549761524
204,13,Y,X,D,1,0.5713890661393227,0.4362226252442199,0.2570328309738741,0.5861192635679879
204,14,Y,Y,J,1,0.5681606458841011,0.4205266059413252,0.2777872597826437,0.5496277284516912
204,15,Y,X,D,1,0.5575838794242541,0.3917754091142159,0.2976737334738633,0.570746889321985
204,16,Y,Y,J,0,0.5556440905431923,0.397523548699627,0.267246385840802,0.6059923778592037
204,17,Y,Y,J,0,0.5346773269060355,0.38577508282429696,0.25,0.6403050467981908
204,18,Y,Y,J,0,0.5712438664304395,0.3677227068839428,0.25,0.6660623846682547
204,19,Y,X,D,1,0.5473742721526447,0.4142523691036453,0.25,0.6586339341080246
205,0,X,X,D,1,0.6075268499997047,0.6297615042483651,0.3637300293415732,0.32407792072274344
205,1,Y,X,D,1,0.6409016712385304,0.6145706203607223,0.39011956938050024,0.2854793171366705
205,2,X,Y,J,1,0.596622405134822,0.7073406377296761,0.4008044211023662,0.28244981050358686
205,3,X,Y,J,0,0.6061538732365418,0.7221448845089767,0.41823531076575127,0.2950567092754322
205,4,X,Y,J,1,0.6028048150673049,0.668531441647166,0.415340933161966,0.3089159749669884
205,5,X,Y,J,1,0.5582111122446222,0.6733629647289767,0.4486478614820146,0.29903944184514253
205,6,X,X,D,1,0.5126408233631694,0.6892725763330811,0.457011645351579,0.3019839430080883
205,7,X,X,D,0,0.49663753217041817,0.7222964804058964,0.4601084712533435,0.25
205,8,X,Y,J,1,0.5179538171167573,0.7430271345511797,0.47181257355893913,0.28200145657903347
205,9,X,X,D,0,0.5858541283528091,0.75,0.5451960330388385,0.28816005171358755
205,10,X,X,D,1,0.5907511465743496,0.7312951297852208,0.5453663385223985,0.27517596663314003
205,11,X,Y,J,1,0.5937936519157078,0.75,0.550574243250815,0.25
205,12,X,X,D,1,0.6125690534584247,0.7346464566358827,0.6048330140002949,0.2621240768292625
205,13,X,X,D,0,0.6417071101195769,0.75,0.6186488141086905,0.2666038176519479
205,14,X,Y,J,0,0.6571463796122734,0.7362287619618598,0.5723738806099917,0.25
205,15,X,X,D,1,0.6644813559513706,0.7323885912706593,0.5608247929590664,0.25
205,16,X,X,D,1,0.6763957591569039,0.75,0.5762761185053374,0.25
205,17,X,X,D,1,0.6993496049811982,0.75,0.6021986481639514,0.25
205,18,X,Y,J,0,0.6999669358106304,0.75,0.6441712070276884,0.2515109217681528
205,19,X,X,D,1,0.6793364612724855,0.7352873688587418,0.5867889216156571,0.29919671660322733
206,0,X,X,D,0,0.7478904910705952,0.49707380105151294,0.4807903046611612,0.5170100300896441
206,1,Y,Y,J,0,0.7043581019443766,0.5223688653673866,0.43050885582379905,0.4938873574881496
206,2,X,X,D,0,0.6508305192807214,0.5143033934115856,0.432564390553804,0.5392936566624487
206,3,X,X,D,0,0.630791119125982,0.4807159451712154,0.45623189117190116,0.5280182162138933
206,4,X,Y,J,1,0.6353583689839114,0.46859658462422343,0.4539033713150248,0.5325806029738729
206,5,X,X,D,1,0.6220214487406058,0.4751680927644827,0.44242411760313866,0.5415905813144487
206,6,X,Y,J,0,0.6246150788372025,0.5440071614638174,0.4468624154669166,0.5146350365583726
206,7,X,Y,J,1,0.6072996857938788,0.5683245855257549,0.45025213013479903,0.5283689583501343
206,8,X,Y,J,0,0.6015123896421526,0.5802689373370186,0.4749917240827665,0.5230812955626565
206,9,X,X,D,1,0.6037577510088675,0.6386764816645704,0.47953917018416475,0.5478894304484716
206,10,X,Y,J,1,0.6199136057409457,0.6147961875479054,0.49994485921828397,0.5409255182864009
206,11,X,X,D,0,0.6316824428592488,0.6168888125192938,0.5088428585874588,0.5489821645068703
206,12,X,X,D,1,0.6363263355313913,0.6060384777433216,0.5235494802905464,0.5505020610702077
206,13,X,X,D,1,0.6465153978131083,0.6310513825926751,0.5016613579581272,0.5339928763717945
206,14,X,Y,J,1,0.6445125436752908,0.6305768979273907,0.4756473697195591,0.5103566520254429
206,15,X,Y,J,1,0.6310672646856574,0.6529791617658062,0.529769355868728,0.4823769925925256
206,16,X,X,D,1,0.625233962332383,0.6629809086406779,0.546041905519489,0.46850836441147425
206,17,X,X,D,1,0.6606084997655316,0.6314597293038146,0.48502098998892523,0.5339646378472571
206,18,X,Y,J,0,0.6927571077736916,0.6484793636705926,0.5095590436415384,0.5067947044062835
206,19,X,X,D,1,0.7138354895399884,0.6220174906564664,0.5068309938549997,0.48268436359942934
207,0,X,X,D,0,0.5330148778565691,0.3809629802057952,0.6612614140667281,0.5959534880354453
207,1,Y,Y,J,1,0.49590450230109384,0.3072127636046519,0.6886184474386217,0.5771512824787535
207,2,Y,Y,J,1,0.5130655496284192,0.3013371469583754,0.7082577694719322,0.5875041864444668
207,3,Y,Y,J,1,0.5150819650412887,0.32389312386871566,0.717028476281617,0.5611461407107787
207,4,Y,Y,J,1,0.5303335154706916,0.3430902269986099,0.7045564533173839,0.5659978290759605
207,5,Y,Y,J,1,0.4959505854477757,0.3425624239783513,0.7081371393532685,0.5593785652557761
207,6,Y,Y,J,1,0.4623982912002185,0.33232723892695676,0.75,0.531223505704229
207,7,Y,Y,J,0,0.4619692602031372,0.3200659382103699,0.7497175090254534,0.6094055838689527
207,8,Y,X,D,0,0.4788539057479937,0.3348714648357389,0.7345767462531991,0.6080033495467978
207,9,Y,X,D,1,0.5050340081958983,0.3072982250940052,0.7409727354722901,0.5674277780778011
207,10,Y,Y,J,0,0.5049921621262228,0.29808249659863667,0.75,0.513102440049658
207,11,Y,Y,J,1,0.5142170977275391,0.32488007563377447,0.75,0.511942873811396
207,12,Y,X,D,0,0.5349932634910612,0.2955322914450419,0.75,0.5257623647929547
207,13,Y,Y,J,0,0.495070280636592,0.3092665614511299,0.75,0.4776958014194906
207,14,Y,X,D,0,0.5059820615503368,0.3123749065216609,0.7429354542056417,0.5144149683497907
207,15,Y,Y,J,1,0.4586081864846177,0.32184382707007597,0.7020291735627672,0.5202953966962889
207,16,Y,Y,J,1,0.43601077515198433,0.367721802276154,0.7221397011669598,0.5636009725307397
207,17,Y,Y,J,0,0.4572051144454736,0.35605321653618255,0.7463719866819172,0.5543496034381094
207,18,Y,Y,J,1,0.43109877176373396,0.38412839787229397,0.75,0.5441865504777422
207,19,Y,X,D,1,0.4385956853268408,0.37753600911770485,0.75,0.5397867831684804
208,0,X,X,D,1,0.4434727592609108,0.6287215744907453,0.5759021844372555,0.6890963550878391
208,1,Y,X,D,1,0.48503135222212695,0.6345589374341144,0.6040950513507973,0.662724507462751
208,2,X,Y,J,1,0.45819800834419333,0.638974558050362,0.6057556405882246,0.6547028920885575
208,3,X,X,D,0,0.3885977297292087,0.6619575693953419,0.6155441294124205,0.625458490595259
208,4,X,X,D,0,0.39914360656536657,0.7020825910444736,0.633853833926423,0.6202519394609896
208,5,X,X,D,0,0.4257257911179603,0.7392164456207454,0.6404581177383916,0.5903949367122656
208,6,X,X,D,0,0.41807480716528606,0.7268909002144256,0.6197290816115281,0.598072449385349
208,7,X,X,D,1,0.411648950937347,0.7224603053426044,0.6044689597525406,0.5829049663122174
208,8,X,X,D,1,0.3691252458597599,0.7065399065143523,0.6136254856192569,0.5693546176436984
208,9,X,X,D,0,0.33973153065076334,0.7112299826101031,0.6126060673802102,0.5533750702895727
208,10,X,X,D,0,0.3947659223414803,0.6719718327047066,0.639263642849241,0.537769014217091
208,11,X,X,D,0,0.34891118066015847,0.6600790578306045,0.6249587085625294,0.5388811736192127
208,12,X,X,D,0,0.36012476984255726,0.6387232290400108,0.645616969873597,0.5105628123687864
208,13,X,X,D,0,0.34427113495012873,0.5998610111308385,0.6289005165452465,0.4599584922783324
208,14,X,X,D,0,0.34983078518074967,0.6013203171542182,0.6386616695362995,0.41701031043976067
208,15,X,Y,J,1,0.3104630977073125,0.6519080014473279,0.627475878755617,0.39213828100621445
208,16,X,Y,J,1,0.3195854328989596,0.6558026802867346,0.6384290844932715,0.3532286729869152
208,17,X,X,D,1,0.34177021392219364,0.658210805006726,0.6248841710545353,0.36213275849369475
208,18,X,X,D,0,0.34760830197147663,0.6279711359753839,0.6261998195364915,0.3161138028919546
208,19,X,Y,J,1,0.3691266199606703,0.6696198277059286,0.5870707882275314,0.3136199648865823
209,0,X,X,D,1,0.6122232988305174,0.45420263596920735,0.5140184927956862,0.7134078809013815
209,1,Y,Y,J,0,0.6104766697634366,0.4974286786298434,0.4931228429416119,0.7375750021232942
209,2,X,X,D,0,0.6086716798111822,0.4897079851566796,0.5003494670416608,0.7446731582258662
209,3,X,X,D,1,0.5972598259288125,0.49736377991722297,0.4720278159225834,0.7431727935487743
209,4,X,Y,J,0,0.6063756356635923,0.5336352345087285,0.4760851750083212,0.7265224924325855
209,5,X,X,D,1,0.6391127888320713,0.5749202182615214,0.5012981205549724,0.6958370344881893
209,6,X,X,D,1,0.6330534887222806,0.5777810276754254,0.4897415005193577,0.715234079214753
209,7,X,X,D,0,0.6043946141145946,0.5699619418947464,0.5146116639065423,0.7332315104082364
209,8,X,X,D,1,0.6227172183155728,0.5697257851615232,0.5402862548208514,0.7115863241019442
209,9,X,X,D,1,0.653473897322524,0.5595311659008257,0.5099039748620359,0.7157375453862359
209,10,X,X,D,1,0.6525412887981824,0.5381958066600411,0.5293722670670955,0.6834164791975509
209,11,X,X,D,1,0.6104350495611269,0.558654492163841,0.5481256473268113,0.6962160083680617
209,12,X,X,D,0,0.6250236319400491,0.5491920386915201,0.5216933895540663,0.6789906809575968
209,13,X,X,D,0,0.6184819652165994,0.531546090798786,0.5089853100259883,0.6796185173396206
209,14,X,X,D,1,0.5951400388277452,0.5012427901951539,0.46766878577097337,0.6966050789433017
209,15,X,X,D,1,0.6068526914925572,0.549701972405613,0.45316696462022804,0.6710301849734455
209,16,X,X,D,0,0.5965207307216517,0.5863563665946522,0.45127064494742497,0.7062640076281184
209,17,X,X,D,1,0.585833238691677,0.5879000527137281,0.4134912494290348,0.7397815548845464
209,18,X,X,D,0,0.5764562244166982,0.5682143024821671,0.4268813744814663,0.7192869184415787
209,19,X,Y,J,1,0.6017762670022168,0.5756076036550527,0.4567446277879269,0.7286379255908989
210,0,X,X,D,0,0.44857679481034474,0.3028939766974625,0.691807843833397,0.3911930665460898
210,1,Y,Y,J,1,0.47672016845959986,0.2792459592773812,0.6640972693153945,0.3685628078716713
210,2,Y,X,D,1,0.47191488828446454,0.2896625291101215,0.6470896650610121,0.40378652019226824
210,3,Y,Y,J,0,0.4566108101084628,0.3171820039308029,0.6581672887718124,0.3947241391425626
210,4,Y,Y,J,1,0.4257321549205877,0.2838905689882058,0.609709971777375,0.40407908851735913
210,5,Y,Y,J,0,0.45313226608940604,0.2975885018620108,0.6157171107900203,0.40705636514548404
210,6,Y,Y,J,0,0.43682930627257227,0.3213803722509501,0.6154369005433297,0.40537916198635154
210,7,Y,Y,J,0,0.44458158425357225,0.29276570813993574,0.6170065651547296,0.4041751828275276
210,8,Y,Y,J,1,0.40228092722429565,0.3048225507244139,0.6480409497594021,0.38644328673074885
210,9,Y,Y,J,0,0.3852625675931702,0.33685881598373785,0.6255219475733583,0.38733162057401427
210,10,Y,X,D,0,0.39087263150833296,0.3263139886465511,0.6157910576299394,0.39255274279460706
210,11,Y,X,D,0,0.3939536538644206,0.30366000189178954,0.6064082181188926,0.34911600088798367
210,12,Y,X,D,1,0.3497855378217829,0.2836320772814983,0.6149760282149579,0.335877255947738
210,13,Y,Y,J,1,0.35244969379306273,0.25,0.6029025964882557,0.31169737962008615
210,14,Y,Y,J,1,0.3026642840637044,0.25,0.596346456522198,0.2715661079848072
210,15,Y,Y,J,1,0.3141780171050502,0.25,0.5670438589745186,0.3133113210560549
210,16,Y,X,D,1,0.30750899317972963,0.25,0.5798639979060443,0.29789090096714527
210,17,Y,Y,J,1,0.27577701628218365,0.2640668351002486,0.5718471597259829,0.29101852826036895
210,18,Y,Y,J,1,0.2636674633017706,0.27118739184542295,0.5614020724016304,0.3163790396858495
210,19,Y,X,D,0,0.2564250864645469,0.2612159327707823,0.555034221862015,0.3257277338860814
211,0,X,X,D,0,0.37038122740590107,0.3030188812510612,0.26638569148445623,0.5702101707956405
211,1,Y,Y,J,1,0.3693809898954906,0.2835769181212444,0.25,0.5540434983021473
211,2,Y,Y,J,0,0.3666225602579691,0.29533320870336427,0.25,0.5999978858288209
211,3,Y,Y,J,0,0.3611720854253319,0.3522478752832349,0.25,0.6048344776173901
211,4,X,Y,J,0,0.3590229058216153,0.3229759788190717,0.25,0.6201793522897394
211,5,X,Y,J,0,0.3698682846684611,0.2915013768823765,0.25,0.5839288227644159
211,6,X,X,D,0,0.34455522963197927,0.3112376391512867,0.25,0.5726244927852373
211,7,X,X,D,1,0.3261376316394635,0.30855096404872956,0.2520032415435979,0.5588796759054654
211,8,X,X,D,0,0.3404443941747973,0.32518114016074356,0.26928137487912857,0.5071205298285347
211,9,X,X,D,0,0.35139899273550823,0.3195631673995285,0.2824606273706914,0.5696839443909842
211,10,X,X,D,0,0.3199631627181618,0.3105685883596303,0.27318009269747456,0.6224146960566128
211,11,X,X,D,0,0.32001758432445465,0.34166921689212454,0.2861898882896961,0.6707334701437276
211,12,X,X,D,1,0.33720689635609075,0.3418921327257861,0.2935503182556194,0.673678293240558
211,13,X,X,D,0,0.3403340668906236,0.31015874098699897,0.3039061305649535,0.6717969559357209
211,14,X,X,D,1,0.30116735811460793,0.33293197134458236,0.3181965138227424,0.7152260789805409
211,15,X,X,D,0,0.34677792501983373,0.362769946586405,0.352485798441056,0.706428130505282
211,16,X,Y,J,0,0.34517368122151637,0.35545175756328634,0.3193566370742897,0.7221727120615793
211,17,X,X,D,1,0.33319232312351127,0.3433364054894549,0.3650265748200136,0.7377646765643553
211,18,X,X,D,0,0.32978044468615964,0.3560544661151353,0.3783065027275,0.75
211,19,X,Y,J,0,0.3767263650540118,0.34702918640768277,0.34592874540990065,0.7478423558119485
212,0,X,X,D,0,0.47097084081050034,0.3847641469046763,0.5545942948236477,0.5194674092954329
212,1,Y,Y,J,0,0.4737532162836076,0.3774217500716776,0.5431776822894976,0.47734781100649837
212,2,X,X,D,1,0.4940692690943555,0.34067536271189985,0.5488360085315952,0.4601609807792356
212,3,X,X,D,0,0.5140164519734096,0.3406184486695628,0.5758663238604046,0.48430271667493535
212,4,X,X,D,0,0.5022755146728489,0.2895556053289476,0.5582967758119809,0.4691316715567152
212,5,X,X,D,0,0.45212004037954784,0.25409446635223887,0.6034075998400366,0.4943278176696156
212,6,X,X,D,0,0.43213775985401726,0.28379378666013894,0.629168586373314,0.4740194081534698
212,7,X,Y,J,1,0.39716245952972773,0.2828125281751157,0.6178028201752257,0.4381847792678129
212,8,X,X,D,0,0.3836812767219455,0.328032980087024,0.5797868119549533,0.4028718685569613
212,9,X,X,D,1,0.37349363655124274,0.35945011717443176,0.6077350876701457,0.4360111550507873
212,10,X,X,D,1,0.37423950239870046,0.3444595888241044,0.6090008824031767,0.4276107946872983
212,11,X,X,D,0,0.34839503868894117,0.33142083845741477,0.5856086234234776,0.43202259821854017
212,12,X,X,D,1,0.3537351652551611,0.32605224226489893,0.5947433752047835,0.44971570682057477
212,13,X,X,D,1,0.3349051784884417,0.2911506708834456,0.5620873862656887,0.4693149978817103
212,14,X,X,D,0,0.3702649415106072,0.29620250003254134,0.5537572300978062,0.46172289722779075
212,15,X,X,D,0,0.4075358281082011,0.27671500619289097,0.5492135995161233,0.45303198661250266
212,16,X,X,D,1,0.38008279958269175,0.34181079840954975,0.5751557870482401,0.4732653030342221
212,17,X,X,D,0,0.40529084654674385,0.32004738104846026,0.5904753545041109,0.5460564556995277
212,18,X,X,D,1,0.4068718655758694,0.2719879913354958,0.5654166414896012,0.5673292432523764
212,19,X,X,D,0,0.4220324274268091,0.31376087663795577,0.5599228271808865,0.5452137245707089
213,0,X,X,D,0,0.3029100848022509,0.5294138689030445,0.2823529080931116,0.7281640454513636
213,1,Y,X,F,0,0.33258867449075374,0.5211909666929159,0.27924693529557976,0.7255118633638121
213,2,X,X,D,0,0.37054117723600705,0.5698893572176573,0.28473774591423995,0.7107414831218161
213,3,X,Y,J,1,0.3926644934426563,0.5647891486003168,0.29387631648654877,0.7053990239282111
213,4,Y,Y,J,0,0.4023730125487251,0.5376028868446068,0.30400428842215194,0.7226521184026946
213,5,X,X,D,1,0.4212103267721987,0.5245049600069914,0.32020588680712536,0.6585512699024809
213,6,X,X,D,0,0.4306739988143175,0.5161703642585821,0.3610688624877092,0.6720249699007641
213,7,X,Y,J,1,0.41698551167684017,0.4948686936636633,0.4278914012760464,0.6508736709956479
213,8,X,Y,J,1,0.44519685666380454,0.509881154734509,0.43627986613065184,0.6291676866073042
213,9,X,Y,J,1,0.4421513426536466,0.5038708898452922,0.42241388304848004,0.5937443002181432
213,10,X,X,D,0,0.42595159574147595,0.45563842965449214,0.4216038791266401,0.5657830737820804
213,11,X,Y,J,0,0.4370240152824869,0.47824268479969734,0.3970774273401483,0.5469760405465367
213,12,X,Y,J,0,0.4235005957897465,0.4839966302944361,0.4268302311645689,0.5409986988634676
213,13,X,X,D,1,0.49125494867047265,0.45561381237155435,0.4136126518142665,0.5457856434634529
213,14,X,X,D,1,0.5541101562866043,0.4483877288329146,0.4322280925486181,0.6050090599849814
213,15,X,Y,J,0,0.5845004532788208,0.4839935639695346,0.4166033216531672,0.5871893253553612
213,16,X,Y,J,0,0.5954596198447581,0.479922407922124,0.39674826703543337,0.5903569212045403
213,17,X,X,D,0,0.5653046807991635,0.47930064276651446,0.3848780291455706,0.5725419692580197
213,18,X,X,D,0,0.5871339182053654,0.464560136071931,0.3629125301091114,0.5327404253059393
213,19,X,X,D,0,0.5975887918770664,0.4203810149936491,0.3698404674129526,0.5206123865760324
214,0,X,X,D,0,0.5397857577153191,0.5917724348618203,0.41247583716267117,0.5097995702506039
214,1,Y,Y,J,0,0.5332842832745669,0.5959121468748255,0.46477606988560943,0.48857971976429765
214,2,X,X,D,0,0.5417241981301449,0.6286480950202041,0.4737766336255006,0.46464221770961767
214,3,X,X,D,1,0.5715593189997173,0.589090992060022,0.4451126973667076,0.5006833841536754
214,4,X,X,D,0,0.6261979442249181,0.5777052375506683,0.47552535469907087,0.5289419999500087
214,5,X,X,D,1,0.5994374783720806,0.5820175887901685,0.4482780016448513,0.5490684065525688
214,6,X,X,D,1,0.5627604309217449,0.5651560561132428,0.451236965261516,0.5470060525516552
214,7,X,Y,J,0,0.6128573672297853,0.583657199248796,0.4753788220885796,0.5621213010264595
214,8,X,X,D,1,0.654518754572027,0.6113012103630868,0.4938526155152525,0.5892709488248694
214,9,X,X,D,1,0.6517561576125239,0.6111111837182204,0.47649543487242013,0.5780706828247023
214,10,X,X,D,1,0.6601247893207856,0.6304794325828563,0.4590399468999648,0.5661198499312754
214,11,X,X,D,1,0.6596787878338125,0.5903835230127382,0.46701286318630986,0.5906487000194839
214,12,X,Y,J,1,0.6406273675045089,0.5879398403618626,0.45830261722902865,0.5434480826179198
214,13,X,X,D,1,0.6152011223366983,0.6028864032256216,0.4403354953781199,0.5704985608264311
214,14,X,X,D,1,0.6329176261917,0.6002033631327228,0.3941436545786977,0.5901991887936862
214,15,X,X,D,1,0.6024504563136198,0.6404684770490583,0.3683116541044139,0.5939811648651834
214,16,X,Y,J,1,0.6013513340866072,0.6707630612981301,0.35772219167506186,0.6180127036835772
214,17,X,X,D,1,0.5675248173658546,0.6161469410328225,0.3713914839961949,0.5885308373516808
214,18,X,X,D,1,0.5650352448007281,0.6155331097329159,0.33407862888324075,0.5737226023284645
214,19,X,X,D,0,0.5707114427228972,0.6126969587384454,0.359472413714755,0.527963303992049
215,0,X,Y,J,0,0.6232947534086946,0.4526595819348266,0.586849520532764,0.555664677212936
215,1,Y,Y,J,1,0.6257240375990871,0.41902225555935,0.5885392113661636,0.5344813161476414
215,2,Y,Y,J,1,0.5978402834955442,0.438721180173496,0.5989811162605897,0.5301143288695833
215,3,Y,Y,J,1,0.6263680529561483,0.43061683290212543,0.6024632205646988,0.5210870861307637
215,4,Y,Y,J,0,0.6131462263943418,0.3900174095670942,0.6183986262440195,0.518936683729108
215,5,Y,Y,J,1,0.6401457914569473,0.4068780913322016,0.6309937205152808,0.5041946185702814
215,6,Y,X,D,1,0.6325922998845646,0.4187768584250171,0.5896898767002013,0.5181695268849882
215,7,Y,Y,J,1,0.6331623204982968,0.43821465852771274,0.623870884752882,0.5005854136317136
215,8,Y,Y,J,0,0.6317474539643739,0.4479896272760623,0.5909716287297295,0.5182404963185888
215,9,Y,X,D,1,0.6044527292150258,0.4206762802900176,0.5689667487074661,0.5413124590031507
215,10,Y,X,D,1,0.6384790455716538,0.45312376850242425,0.5581200044373619,0.5136967182779694
215,11,X,X,D,1,0.5943061514222521,0.47116887299528637,0.5660600930288829,0.5313321479131713
215,12,X,X,D,0,0.6041018179341443,0.4816644545883833,0.5623932691393122,0.5066999131913656
215,13,X,Y,J,1,0.5880865471094671,0.463432481145428,0.5611402773522035,0.4839502019612718
215,14,X,Y,J,1,0.5731563098539872,0.5149936968316652,0.5251562612922644,0.4565560018553041
215,15,X,X,D,1,0.5010247151919575,0.5155372691407109,0.49747139386841216,0.4846964652361572
215,16,X,X,D,1,0.48613287514183884,0.49441600335937813,0.46742914277445796,0.45669050458156657
215,17,X,X,D,0,0.45127661987230666,0.5095799912182433,0.46002435898201244,0.45657782859018037
215,18,X,X,D,0,0.41545085184321945,0.5282460774363371,0.4222632391645671,0.45666841404423386
215,19,X,X,D,0,0.3981227902264057,0.5400425304202234,0.4093260946615169,0.4807531441138458
216,0,X,Y,J,0,0.267937040725272,0.32011014330965604,0.38847096278338855,0.3443024060703321
216,1,Y,Y,J,1,0.2578667805453657,0.32374664115522034,0.38141458223020785,0.32155570975856795
216,2,Y,Y,J,1,0.25,0.34996110265954483,0.4035768618649954,0.34317724055950954
216,3,Y,Y,J,0,0.25,0.3830083770116455,0.3801577425674709,0.3702967304818372
216,4,Y,Y,J,0,0.25,0.4107128558722919,0.40622040045227265,0.3485787662231934
216,5,Y,Y,J,0,0.25,0.3742421656418023,0.39538921500780283,0.3287549999608269
216,6,Y,X,D,0,0.2687213711153023,0.4282570942546627,0.38846333413796197,0.31908177922069175
216,7,Y,Y,J,0,0.28816049242473085,0.42898991709902484,0.3813971793006626,0.29540110398959535
216,8,Y,X,D,1,0.31321531815726794,0.4212855366474254,0.3983515371770685,0.3409048302921956
216,9,Y,Y,J,1,0.32986550159841826,0.40193855366433,0.39411474605286784,0.37083834155388695
216,10,Y,Y,J,1,0.35369912593891867,0.42132996135367273,0.3967014299146722,0.42197951016711116
216,11,Y,Y,J,1,0.37418238946311044,0.4225078234570418,0.4332446972491237,0.4267366681045071
216,12,Y,Y,J,0,0.33264736541281337,0.44208081273303634,0.44922500695379103,0.44381459893334707
216,13,Y,Y,J,1,0.31994375674448466,0.41350056014007214,0.45087186617725694,0.4602273497759491
216,14,Y,Y,J,0,0.3258859164978633,0.42193911397596573,0.4245184364984781,0.4509934624340947
216,15,Y,Y,J,1,0.3365661985262671,0.4281952049117688,0.39018994746200175,0.47135569298954
216,16,Y,Y,J,1,0.30741245854534655,0.4192062270832877,0.40370684722919825,0.47192138713767384
216,17,Y,X,D,0,0.29230030679500246,0.4213757138222378,0.4306390822607602,0.511385297469561
216,18,Y,Y,J,0,0.2925201283379914,0.36436967927075475,0.45991363325930035,0.49759933770620696
216,19,Y,Y,J,0,0.3080933565642965,0.4114047002950871,0.4400847482839408,0.5016172382905434
217,0,X,X,D,0,0.28758273567112613,0.40232650055701163,0.6923492945726866,0.491077677937318
217,1,Y,Y,J,1,0.2645885634386763,0.42451987168265426,0.6857407757054657,0.505774652414844
217,2,Y,Y,J,1,0.3183651615013341,0.4039150916579994,0.6761238098357035,0.49214820550069577
217,3,Y,Y,J,1,0.3467252651230136,0.37645786532515435,0.6663209909684058,0.4602976592535211
217,4,Y,Y,J,0,0.33795464227441235,0.39223518196531626,0.6954248920955164,0.450847192770366
217,5,Y,Y,J,1,0.3335424940545753,0.41439959207005794,0.70701423720077,0.4592649657550546
217,6,Y,X,D,1,0.3283069849731838,0.4091456216934068,0.7125836937181863,0.47786580966480396
217,7,Y,Y,J,0,0.32508375361990927,0.38253503792608307,0.6776482801282513,0.46296425204040104
217,8,Y,Y,J,1,0.32241306273198145,0.423702385486587,0.7035915436512364,0.43034378607036045
217,9,Y,X,D,1,0.3066977804934024,0.3901551194099454,0.69580501780398,0.43625742947360396
217,10,Y,X,D,0,0.32216445262883964,0.4263720000775434,0.7333989886569211,0.40487709345568784
217,11,Y,Y,J,0,0.3190321980418778,0.4146571557446965,0.7126985706057284,0.3863576152997112
217,12,Y,Y,J,1,0.311796235502459,0.43470579372310514,0.75,0.4208512465218456
217,13,Y,Y,J,1,0.2834654319598875,0.44953951783889234,0.718923111111034,0.4375792757623766
217,14,Y,Y,J,1,0.2947461735421339,0.4470283240768303,0.7395485361856655,0.43714201333743985
217,15,Y,Y,J,1,0.28907706482916323,0.4720023515596793,0.7401575665337577,0.4576964942698213
217,16,Y,Y,J,1,0.25917670815811866,0.5302493377659206,0.75,0.461488965930087
217,17,Y,X,D,0,0.25178679193848175,0.543550718771264,0.75,0.47700121271397494
217,18,Y,Y,J,0,0.2794996895211827,0.5076070978750379,0.7270364418670684,0.4643793963917587
217,19,Y,Y,J,1,0.2815550294732894,0.4833759518080496,0.75,0.45136897015224386
218,0,X,Y,J,0,0.4641445338852713,0.7241018979113111,0.5298852974951195,0.729648688103444
218,1,Y,X,D,0,0.46333358822698767,0.7431685902534292,0.5290785865793018,0.6811798636471286
218,2,X,X,D,0,0.4613265163952911,0.75,0.555524379865234,0.6996211084516354
218,3,X,X,D,0,0.4302017104389305,0.7237804045073412,0.515167208730758,0.6764833621296718
218,4,X,X,D,0,0.445953038515649,0.75,0.5046252890429435,0.6674730120518202
218,5,X,X,D,0,0.4456981680817324,0.7296417378695548,0.48242728090122705,0.686998762037791
218,6,X,X,D,0,0.4330326122461345,0.7329656347848166,0.45806754542070205,0.7083260818591222
218,7,X,X,D,1,0.4404641888306432,0.7228523560790876,0.46514100985924833,0.6829012809843269
218,8,X,X,D,0,0.467910293328953,0.7077796647597412,0.4482738432435809,0.6747365796210295
218,9,X,X,D,1,0.46673385603322737,0.7067678284892313,0.4503997356121515,0.6831466676662976
218,10,X,Y,J,1,0.5169253895514488,0.6928380520040048,0.3992677779026638,0.6632410332302091
218,11,X,X,D,0,0.4777094097425245,0.64496746250807,0.39835103421797635,0.6486875323251515
218,12,X,X,D,0,0.4816041859654918,0.6275890235077505,0.39509888881878974,0.6552652086204055
218,13,X,X,D,1,0.49003761741276297,0.6182724647494199,0.380523135680649,0.6718715631222689
218,14,X,Y,J,0,0.5130550734346228,0.6290870971967484,0.41633700114720956,0.6787889304600548
218,15,X,X,D,1,0.5118739409153481,0.6760303951599116,0.4454455858596979,0.7205758573806147
218,16,X,X,D,1,0.4488335526618601,0.6643222679210246,0.43534572701757795,0.7221464820458523
218,17,X,X,D,1,0.45479154385649156,0.6725582585923227,0.4246136995347891,0.7173674220142582
218,18,X,X,D,1,0.43962173304510904,0.676272874128466,0.43251964886429173,0.7094831388552252
218,19,X,X,D,0,0.41034019496560015,0.6790479678247269,0.4414870184649611,0.693251014238951
219,0,X,X,D,1,0.7249181770879103,0.6667459345245922,0.5098215050145608,0.7006537326194613
219,1,Y,X,D,1,0.7455332828569456,0.6780890479492695,0.5417492674095336,0.7043710793511501
219,2,X,X,D,1,0.7229850127339237,0.6379455618210158,0.5519600499489172,0.6959641944302297
219,3,X,X,D,1,0.75,0.6521072329333548,0.5592483293156568,0.6820912428507501
219,4,X,X,D,0,0.744330341786762,0.6508744017535558,0.5518234565748074,0.6825375359615614
219,5,X,Y,J,1,0.75,0.6296564658657547,0.5606628974468066,0.6284093729372328
219,6,X,X,D,1,0.75,0.6716340338107379,0.5996799009962712,0.6154873547159952
219,7,X,X,D,1,0.7372994387000874,0.6652035515661774,0.6045713679740042,0.6122314151656739
219,8,X,Y,J,1,0.7045862606090141,0.6736332050714806,0.6103745222148471,0.6498908350168192
219,9,X,Y,J,0,0.687248126941395,0.7060177681085797,0.6179670560268528,0.6326359016397491
219,10,X,Y,J,1,0.6994926877775879,0.6784159989882526,0.5823381635197997,0.641525073666673
219,11,X,Y,J,0,0.6925391766789448,0.7053784826516707,0.6060999243984047,0.6462054448629616
219,12,X,Y,J,1,0.6761149714153948,0.6665339530597554,0.5807991310554691,0.6130352894536449
219,13,X,X,D,1,0.6557556815053213,0.63716774004099,0.586849568034322,0.6253921236861595
219,14,X,X,D,1,0.6171527271460544,0.6456300979970835,0.5606381738950037,0.6682835550259628
219,15,X,X,D,1,0.6224669522626899,0.6627588546103774,0.5577429678792574,0.6189672050809889
219,16,X,X,D,1,0.613402584197847,0.7016600343148426,0.6171211113199845,0.6740800471907361
219,17,X,X,D,1,0.6082385538888467,0.7210198136753021,0.6103516276298846,0.6757395007317277
219,18,X,X,D,0,0.6068666107606988,0.6826543599602097,0.6056600266685865,0.6478748054460537
219,19,X,X,D,1,0.5836447578124466,0.690225077915901,0.6074970910397371,0.6384847891864011
220,0,X,X,D,0,0.3843643973583881,0.6575608931987831,0.6772728805180437,0.2726776996955384
220,1,Y,Y,J,1,0.40093602483776336,0.6876609589859891,0.6889954581290032,0.25
220,2,Y,Y,J,1,0.3635950693169698,0.7107332347543834,0.7111434897162734,0.3050373308165337
220,3,Y,X,D,0,0.39936091726344614,0.6858584663600681,0.7052953031875933,0.3662826225221309
220,4,Y,Y,J,0,0.3984373650904265,0.6740491607655763,0.7006567278065153,0.3459137261309473
220,5,Y,X,D,0,0.37151869697833917,0.6713632404320685,0.7239275008674728,0.3490378311730712
220,6,Y,X,D,0,0.3785048675469866,0.6959260205770741,0.7016114063165086,0.310912807373101
220,7,Y,Y,J,1,0.3994728042054132,0.7180810372644026,0.6988694400663548,0.27999702068228877
220,8,Y,Y,J,1,0.4079878786052645,0.7017387458866262,0.7455225563777002,0.2617246828280955
220,9,Y,Y,J,1,0.4655407985252903,0.6628178685280852,0.7044171442883357,0.2899300147454414
220,10,Y,Y,J,0,0.4565655670246443,0.6527120397579053,0.7023362906223664,0.27649507274598184
220,11,Y,Y,J,1,0.37395894958817477,0.6273043431112604,0.660993175130947,0.2954628362585165
220,12,Y,Y,J,0,0.365085415176026,0.6725131381835001,0.6589658576738655,0.26595461183488156
220,13,Y,X,D,1,0.3569119687398443,0.6423371889199,0.674856182049623,0.2975740210390593
220,14,Y,Y,J,1,0.3595991951122752,0.6065988283448783,0.6988591399047424,0.27323565485267215
220,15,Y,X,D,0,0.36200245068791753,0.5903644974581156,0.7257969372638265,0.2725547256666364
220,16,Y,Y,J,1,0.3644970098378805,0.5309845735514481,0.698985959972431,0.30388861122739325
220,17,Y,Y,J,0,0.3742966309151643,0.5202685886779314,0.6926611019235398,0.31962565544313765
220,18,Y,Y,J,1,0.32983669670131416,0.5068508710860742,0.6789085259355886,0.28743018243724094
220,19,Y,Y,J,1,0.3649817134995827,0.512233035223091,0.6534287648819176,0.27768149312178236
221,0,X,X,D,0,0.2558737463511496,0.3507840692492281,0.27193470967196504,0.4240916727823809
221,1,Y,Y,J,0,0.2520647484894109,0.3984832764465007,0.25,0.3975374332240171
221,2,X,Y,J,0,0.25,0.4060384569545366,0.25,0.3644085615664158
221,3,X,X,D,0,0.2697957252477947,0.42089523196292306,0.25,0.3486605451705974
221,4,X,X,D,1,0.2509598911297592,0.4714032813058927,0.25,0.312195384614688
221,5,X,Y,J,0,0.25,0.44778024411004225,0.28460578269982784,0.28862519725484326
221,6,X,X,D,0,0.25,0.4818709616223916,0.30786815288840663,0.2711401124556235
221,7,X,X,D,0,0.2572350217004304,0.4869928910772413,0.33878054774485683,0.25
221,8,X,Y,J,0,0.25,0.5077582610247275,0.3380801260300836,0.25
221,9,X,Y,J,0,0.27883050850624297,0.5435604373375569,0.34971820820145416,0.26254417127007784
221,10,X,X,D,0,0.28510919049109706,0.5726751817730081,0.36463760723243366,0.25050376486117176
221,11,X,X,D,0,0.29055685585823865,0.6175185603442529,0.315419995036049,0.25
221,12,X,X,D,1,0.2941901296851705,0.6084060602365009,0.29415091812981614,0.25
221,13,X,X,D,0,0.300043139935816,0.5974264555895481,0.2694298537340144,0.25
221,14,X,X,D,0,0.29422772470684544,0.6039138637872852,0.25,0.26554025625268957
221,15,X,Y,J,1,0.2804336717600808,0.6229749241111113,0.25220908127812935,0.27721731625882956
221,16,X,Y,J,1,0.25380509488953773,0.6425880110810093,0.25,0.281300095200201
221,17,X,Y,J,1,0.277830901438638,0.6328601092800551,0.25851552749586687,0.2857803801213586
221,18,X,X,D,0,0.2518769374276739,0.6112572618636175,0.3078056598754765,0.31173118654941123
221,19,X,Y,J,0,0.2751008519808041,0.6140042074865439,0.343972330289302,0.3237989813430804
222,0,X,Y,J,1,0.6550636237005245,0.4125945643686031,0.4852221429565326,0.4875457231073277
222,1,Y,Y,J,1,0.6790360131657142,0.3923658781999932,0.4928321789293052,0.468525475340043
222,2,X,X,D,0,0.6456599048962502,0.3830446555456563,0.509159648194215,0.4537441552274903
222,3,X,X,D,1,0.6470282907210886,0.3747386891128741,0.518446752841533,0.4327943510241068
222,4,X,X,D,1,0.6592723502004868,0.37942975892642217,0.5026619956960542,0.4599523331213492
222,5,X,X,D,1,0.6457545137237788,0.39639739269173374,0.46061972872211304,0.45736477445574947
222,6,X,X,D,1,0.6305782449752431,0.4218110950133779,0.5259781903322148,0.4417014933969856
222,7,X,X,D,1,0.6295162137139299,0.41662436301179423,0.49050686778216945,0.44085094856488927
222,8,X,Y,J,0,0.6334641316497566,0.39242131541958736,0.43988587893057274,0.4855638121855187
222,9,X,Y,J,1,0.6331353901907458,0.4170628202605655,0.44092874824370526,0.4705516093749029
222,10,X,X,D,0,0.592671293481263,0.39619056396899066,0.40003487209217226,0.44524094796376373
222,11,X,X,D,0,0.5844082079963387,0.40350601847317513,0.39678606829032725,0.4667140136414985
222,12,X,Y,J,0,0.5976326257132032,0.3692710894819662,0.38009219230690916,0.43164473829598554
222,13,X,Y,J,0,0.5881536063556078,0.3939858339871236,0.3438339951187687,0.40618227237504456
222,14,X,X,D,0,0.5403698544345013,0.41306801987509123,0.31908025141193425,0.37958544883862244
222,15,X,X,D,0,0.545867538997327,0.3811150138699997,0.3347834857235835,0.35204760800138973
222,16,X,Y,J,0,0.5554553362081203,0.3827494989998193,0.31702931748528507,0.34494606302835695
222,17,X,Y,J,1,0.547643115169725,0.35094659259427546,0.3238143254167932,0.33756232385960705
222,18,X,Y,J,0,0.499494894968269,0.35779919204388966,0.33961258649896875,0.33834745433960695
222,19,X,X,D,0,0.4744346104665157,0.3564486773033401,0.3342187260721025,0.33661974647233917
223,0,X,Y,J,1,0.6989715673708541,0.2795326236785887,0.6615910809429008,0.6847181675168581
223,1,Y,X,D,0,0.6763328281799553,0.29108210893709885,0.6738968458527609,0.6360338671583412
223,2,X,X,D,0,0.6888551249611768,0.2564946242860593,0.6979424896239474,0.6220092677070608
223,3,X,Y,J,1,0.6871950699784397,0.26111126879095614,0.6949698869400233,0.6340226943075139
223,4,X,X,D,1,0.6537086515770683,0.2750543979891631,0.6783183890080018,0.590815568296777
223,5,X,X,D,1,0.6597373687846317,0.27542526838968506,0.6825039995645427,0.5837488865742734
223,6,X,X,D,1,0.6941704278355265,0.301116295429026,0.7410037384376417,0.5914696532470003
223,7,X,X,D,0,0.6991634757911968,0.3247220869284311,0.727146721479981,0.6105228424498579
223,8,X,X,D,1,0.7242122131271785,0.3540755631776902,0.658468664184257,0.6403038460871052
223,9,X,X,D,1,0.7249105033952293,0.3782860098147395,0.6712215521302012,0.638857158299777
223,10,X,Y,J,0,0.75,0.37782573002927183,0.7289232211388194,0.6281628309743724
223,11,X,Y,J,0,0.75,0.34933431357962846,0.6873622623809693,0.5509470222168051
223,12,X,X,D,1,0.75,0.3341068564451271,0.6919032941696135,0.5541397308581602
223,13,X,X,D,0,0.75,0.3771466749048945,0.6858427101144795,0.5692883508084063
223,14,X,X,D,1,0.75,0.30360174580557886,0.6915828651439629,0.5866362935959759
223,15,X,X,D,1,0.75,0.3297879381139274,0.690112170150348,0.6234177082606511
223,16,X,X,D,1,0.7252633558140458,0.321459967900348,0.6706192852256836,0.6095165063105007
223,17,X,X,D,1,0.6779297864573426,0.31408287542720936,0.6986909371693681,0.6354634310203457
223,18,X,X,D,1,0.6664690360437977,0.2597668365071733,0.686228893730255,0.6437707450882336
223,19,X,X,D,1,0.7272919027700493,0.27535368278369754,0.6651904301709362,0.613651577772274
224,0,X,X,D,1,0.6197325173644622,0.3838171926284339,0.4408437184186764,0.571924814738356
224,1,Y,Y,J,0,0.6186676397446546,0.39538336891032777,0.4535587888910484,0.5602301899043831
224,2,X,X,D,0,0.6484979316739637,0.3736898394749966,0.4436587393328555,0.5921419019458157
224,3,X,X,D,1,0.6605142531257581,0.344767817846959,0.39420576530275564,0.5804162815147028
224,4,X,X,D,1,0.6451240293777262,0.31257709198863254,0.4469790377497379,0.5522791759081791
224,5,X,Y,J,1,0.6533221944712565,0.29735048649640866,0.4763194825613876,0.5697910057910078
224,6,X,Y,J,0,0.6510163834948677,0.2808893894359956,0.4785709886135013,0.5685981227578255
224,7,X,X,D,0,0.6704128342461612,0.2815554605737158,0.4426935631953244,0.6029435163735034
224,8,X,X,D,0,0.6744080337493848,0.2820908260979688,0.4658537688405524,0.5979599523375901
224,9,X,Y,J,0,0.6704986799595286,0.29781033164553605,0.47059619960890725,0.6116979147748021
224,10,X,X,D,0,0.6748511876602546,0.2762227494856623,0.49883370069911415,0.5904456239156944
224,11,X,Y,J,0,0.698508332510528,0.27408287040589,0.520403390595214,0.5887997199544827
224,12,X,Y,J,0,0.6575600555733104,0.29588004990012334,0.5043909879765334,0.593619891031893
224,13,X,Y,J,1,0.6675595262614534,0.3265089036198774,0.5358500615611637,0.5540511240546185
224,14,X,X,D,1,0.678072082810227,0.3662549116897541,0.5582151904334427,0.5155272070432712
224,15,X,X,D,1,0.6528478816469353,0.37119900917262266,0.5289423272183742,0.529017300488778
224,16,X,Y,J,1,0.6958565004070113,0.3414856823925672,0.5540275434501098,0.5156711597296844
224,17,X,X,D,0,0.7081871374457791,0.32855972151322355,0.5996098224406432,0.5039465750658036
224,18,X,X,D,0,0.75,0.34809650761335054,0.5878265125523818,0.5143044763523977
224,19,X,X,D,1,0.75,0.3543337543173953,0.6014019046106612,0.5553978690002908
225,0,X,Y,J,0,0.5098039325637884,0.29094588372237357,0.4052131328916085,0.39080374559407954
225,1,Y,Y,J,1,0.4643077382250918,0.29002674770891324,0.3624800132642934,0.43842684376459784
225,2,Y,Y,J,0,0.39154076742074584,0.2781250617073677,0.35943692151683626,0.40766610909662987
225,3,Y,Y,J,1,0.3956116088640577,0.2820354946294818,0.349433672934681,0.4121601427645184
225,4,Y,X,D,0,0.34654577275981313,0.2644454115365889,0.3222417849899319,0.38889788383930196
225,5,Y,Y,J,0,0.3340896167558666,0.28359640254835705,0.31856795722572573,0.3870805666813138
225,6,Y,Y,J,1,0.3065564327800351,0.29430843179734445,0.30204492965539037,0.400394512626919
225,7,Y,Y,J,0,0.34019166881504864,0.3085821967089889,0.30227178697451207,0.4319705635131923
225,8,Y,Y,J,1,0.3564158267268635,0.2888735937283673,0.29002814679245864,0.43400934451124157
225,9,Y,Y,J,0,0.36885864064453316,0.3119853241251545,0.27165029522432055,0.39998381157256185
225,10,Y,Y,J,0,0.37247611676781817,0.286949728454053,0.26099856450989456,0.4310972561874425
225,11,Y,Y,J,0,0.3537055976881398,0.31933331668214887,0.25,0.42512550258037796
225,12,Y,Y,J,0,0.3441122089456698,0.3053345422740984,0.2619860993450045,0.39849398265567393
225,13,Y,Y,J,1,0.37329328752592583,0.28486192027773466,0.31321480403349955,0.42547416173019204
225,14,Y,Y,J,1,0.3960071911479296,0.26085993699990406,0.28548851459143043,0.423429192337326
225,15,Y,Y,J,0,0.3917461978561908,0.25,0.28501369766366347,0.37765382815354626
225,16,Y,Y,J,0,0.3779490831955869,0.2569792744877005,0.2663686670873368,0.37890164048676644
225,17,Y,X,D,0,0.4044977437505488,0.2939535418961283,0.25,0.4097987714210497
225,18,Y,Y,J,0,0.4231126439298731,0.29254890395422445,0.25,0.3942130380607715
225,19,Y,Y,J,1,0.40688149348903235,0.32266093872659385,0.25556459595403586,0.4392419334579555
226,0,X,Y,J,0,0.4387736331653343,0.671178371815415,0.6041048798949862,0.38204708515914565
226,1,Y,Y,J,1,0.4339932096018557,0.6663454842093715,0.605776690449609,0.38177469676849946
226,2,Y,Y,J,1,0.46944418655252385,0.6513685797820994,0.5717272275102856,0.4216920724296759
226,3,Y,Y,J,1,0.5463098730488208,0.6398827611611475,0.597340081889238,0.41877677494437726
226,4,Y,Y,J,1,0.5670076756372595,0.6376829924218423,0.6275060252918542,0.3846508388827439
226,5,Y,Y,J,1,0.5471265876441206,0.6318481645219829,0.6552671675191822,0.3957267819381199
226,6,Y,Y,J,1,0.5111802468788204,0.6366629466358097,0.6837324994229851,0.4404007651440843
226,7,Y,Y,J,1,0.4902299926664264,0.6525296654445569,0.7280171732938384,0.41430348239540393
226,8,Y,Y,J,1,0.4843790619191296,0.6513968531143657,0.7148135483739579,0.42270124811953763
226,9,Y,Y,J,0,0.5245566164402924,0.6518487260803518,0.75,0.41301759976558144
226,10,Y,X,D,0,0.5001991476031126,0.6437916059118675,0.7337484647752758,0.41632857965622266
226,11,Y,Y,J,1,0.5442382451932423,0.659019238085404,0.75,0.42239407920646627
226,12,Y,X,D,0,0.5328085300013233,0.6477476074987373,0.75,0.3938700714040944
226,13,Y,Y,J,1,0.5897173765849162,0.6708789821876782,0.7175915395493886,0.40812085786192115
226,14,Y,X,D,1,0.5999307286118076,0.6935619069417572,0.75,0.417375856816963
226,15,Y,Y,J,1,0.6299508065404379,0.6313424126042873,0.75,0.4009427604142696
226,16,Y,X,D,1,0.6600870496999302,0.6315845975340689,0.75,0.33261414479798396
226,17,Y,X,D,1,0.6716181464349394,0.6493781707819188,0.75,0.2792485331506857
226,18,Y,X,D,1,0.6765126164039961,0.6583694557257901,0.75,0.29247232543203955
226,19,Y,X,D,0,0.6550422251408862,0.7044852259535814,0.7417057848329047,0.2742302872526787
227,0,X,X,D,0,0.6474275087187891,0.6833429960144384,0.3406334664806606,0.34100785336310746
227,1,Y,Y,J,1,0.6550492306997562,0.68296426694436,0.37533265152759077,0.34025712922021933
227,2,Y,Y,J,1,0.6942477542038816,0.67596812845685,0.3415197181437382,0.3496758268721535
227,3,Y,Y,J,1,0.6551024603324428,0.6808884760121923,0.320111491213748,0.34660271511559837
227,4,Y,X,D,1,0.6753058863472984,0.7126511763650616,0.4025612376982977,0.3384494081942298
227,5,Y,Y,J,0,0.7043316748281315,0.6897239633369961,0.39056601370661675,0.30075366810162385
227,6,Y,Y,J,0,0.75,0.6968261777479368,0.3904652021066063,0.32120780364354223
227,7,Y,Y,J,0,0.731791975885822,0.7025119449968197,0.3570792010429161,0.27638399535975666
227,8,Y,X,D,1,0.75,0.6991287462141029,0.3513711388212533,0.3218124085703405
227,9,Y,Y,J,0,0.7283287440628186,0.7054016468752706,0.3456272898765289,0.3346922836371667
227,10,Y,Y,J,0,0.7368744706145156,0.7211557480363249,0.34821995828278846,0.33114119185004676
227,11,Y,Y,J,0,0.7045757566849771,0.6891936931232652,0.36774913181558677,0.3103365624856293
227,12,Y,X,D,0,0.7109520314915359,0.6771256641512045,0.3710802850528784,0.28319398363293063
227,13,Y,Y,J,1,0.7216706834908623,0.716424258925656,0.37986028457219023,0.28528667398543656
227,14,Y,X,D,1,0.6829256822986145,0.7089028538951715,0.3939875171158184,0.25
227,15,Y,Y,J,0,0.7169931333326635,0.7470934019016657,0.4123831817298378,0.25
227,16,Y,X,D,1,0.7259463981594774,0.75,0.45406855071566543,0.25
227,17,Y,Y,J,0,0.6946082366323111,0.7274132354799365,0.44540239501484075,0.25
227,18,Y,Y,J,1,0.675607550183599,0.6938176325815667,0.4649408194491798,0.25581965263413536
227,19,Y,Y,J,1,0.6365350256268086,0.7071089180205387,0.4539688063702072,0.2542824231931703
228,0,X,X,D,1,0.5759973213380396,0.49326823882453336,0.7302783007264975,0.6616690824790044
228,1,Y,Y,J,1,0.5867010346304212,0.5066712509617656,0.7331200258590735,0.6630018776811704
228,2,X,X,D,0,0.5696117534318819,0.5260225752305091,0.7265205100323331,0.6672174767983233
228,3,X,X,D,1,0.5373248813859416,0.5398097793782382,0.75,0.6397848669302795
228,4,X,Y,J,1,0.5562174601003658,0.5144893573262922,0.700974431807055,0.6103213328624666
228,5,X,Y,J,0,0.5470218453308249,0.5218565562014019,0.6897501765354629,0.6041280129100632
228,6,X,Y,J,1,0.5654837236368058,0.4861867359817751,0.6532493023414834,0.5959523456517287
228,7,X,Y,J,1,0.5226228929447572,0.47989751458068397,0.5983794069453611,0.6441416853757762
228,8,X,Y,J,1,0.5130365365799716,0.44274690071670253,0.6360602819965203,0.6169408541074993
228,9,X,X,D,0,0.5326879469770897,0.42838439728109456,0.6035473066696869,0.6282225135677196
228,10,X,Y,J,1,0.535517927690928,0.4276634976253112,0.6166079693679912,0.5932277647585984
228,11,X,X,D,1,0.5406814901737232,0.41030793030472124,0.6476059202763559,0.6014681668456626
228,12,X,X,D,1,0.5237018184004697,0.38040875505841026,0.6676422705360964,0.5988125993256443
228,13,X,Y,J,1,0.4914950969502566,0.36778996595784275,0.6740387518133902,0.6033705585579006
228,14,X,Y,J,1,0.518287996642186,0.34034743700121217,0.675786832002913,0.6195335891317596
228,15,X,X,D,1,0.4926539759002597,0.3418045180547062,0.6783527854616324,0.6427277521423942
228,16,X,X,D,1,0.5059392981909335,0.3024605533423911,0.6964628902200501,0.6276466997622288
228,17,X,X,D,0,0.4949526187125575,0.30665183992567074,0.6537257516995904,0.6023266786880787
228,18,X,X,D,1,0.5190079461966604,0.3330151902706174,0.7095438376780774,0.6000663893503414
228,19,X,X,D,0,0.5547800899290011,0.2941676636891428,0.7021008533243511,0.6160191602338161
229,0,X,X,D,0,0.5516400412386613,0.446658793842063,0.5908064003514185,0.504423766594952
229,1,Y,Y,J,0,0.5528864367822732,0.46923816248476,0.5780265218022627,0.5054493860894422
229,2,X,X,D,1,0.5737946995892411,0.42714694705125317,0.5522123554191215,0.5412981055918944
229,3,X,X,D,1,0.5879966445201198,0.40434444646792445,0.6053147983220205,0.5313780993928469
229,4,X,Y,J,1,0.590056675267672,0.38858512964699893,0.6031629291059412,0.5480738965236175
229,5,X,X,D,1,0.5746469433970739,0.3918875931571839,0.5824188269870915,0.5174189917744886
229,6,X,X,D,1,0.5710882835960013,0.4150081746326283,0.5799010382586274,0.4854155324425868
229,7,X,X,D,1,0.6064822311892166,0.4307164269337703,0.5808914596815782,0.515702059202933
229,8,X,Y,J,1,0.5691121286798206,0.47954814904804266,0.5883048815607222,0.491451583413669
229,9,X,X,D,0,0.5239514408629722,0.5179207426795507,0.5772126435971165,0.49613965029673635
229,10,X,X,D,1,0.5308533613952361,0.528266856725685,0.5659463312799375,0.5193774354775579
229,11,X,X,D,1,0.5730707942002303,0.5290187597716893,0.576801721426723,0.5422340050333156
229,12,X,Y,J,1,0.5854703202953012,0.5320386004333238,0.5341999618488236,0.5368434992155073
229,13,X,X,D,0,0.5907709603875595,0.5549773867335508,0.5572723247925961,0.5155527846439416
229,14,X,Y,J,0,0.5461702982850638,0.525140110587829,0.5376708023014726,0.46991209067524814
229,15,X,Y,J,1,0.5569534541991884,0.5372833369999132,0.5489186821173372,0.46913537267565786
229,16,X,Y,J,1,0.5504983511443673,0.5595639278384489,0.4924101195386327,0.47228588626861845
229,17,X,Y,J,0,0.5653001248391968,0.5522267842092636,0.5049239969196356,0.4526821631047434
229,18,X,Y,J,1,0.5516139782507455,0.5475463637467008,0.4779540338185162,0.4666347418499654
229,19,X,X,D,1,0.5111594776120469,0.5648718777029048,0.45710489804161225,0.4518610566414753
230,0,X,X,D,1,0.6500851798830498,0.3574695869271271,0.5475084777586031,0.5370730915662345
230,1,Y,Y,J,0,0.6039605482440237,0.362650217882339,0.5253111258102965,0.5098934572687409
230,2,X,X,D,0,0.5819755814011526,0.38102115423465904,0.5639512242587501,0.49964588976471924
230,3,X,Y,J,0,0.5697979873749643,0.38496434824225595,0.5537728212739101,0.5314421255714069
230,4,X,Y,J,0,0.5955344045373205,0.3878215094168032,0.5375477878323434,0.5455544584464507
230,5,X,X,D,0,0.5719293366283683,0.3905500562210637,0.5615797455714031,0.539054496688712
230,6,X,Y,J,1,0.5597750033513009,0.35793341026917014,0.5772080849123689,0.5470094984064956
230,7,X,X,D,0,0.563369846534522,0.3501414822789587,0.6109037074553424,0.5643344049744548
230,8,X,X,D,1,0.5182649222278031,0.32672520601731625,0.5792691410160834,0.5778220161366068
230,9,X,Y,J,1,0.5198552454246516,0.2900034753525489,0.5563111041614823,0.5710964915315235
230,10,X,X,D,1,0.5408269407971912,0.2911361901311496,0.5234716467119039,0.5588688501763893
230,11,X,Y,J,0,0.5367847460112384,0.2992414206241357,0.5463765130960518,0.5258190221691984
230,12,X,Y,J,1,0.5335418825917849,0.31381633241724793,0.5445097644169055,0.49094663494592383
230,13,X,Y,J,0,0.5206071659548513,0.275315542935377,0.5432717858759548,0.49008669713999853
230,14,X,X,D,0,0.5078620676667212,0.26903948371612935,0.5593189803703256,0.443486995668219
230,15,X,X,D,1,0.4709299097671739,0.3089933278434797,0.5429219763185208,0.4784655599611017
230,16,X,X,D,0,0.47188057506188286,0.33708000433747554,0.5328453810643414,0.4747890977165514
230,17,X,X,D,0,0.4777406887314682,0.34656828569400483,0.5595695503266005,0.49570401389474494
230,18,X,Y,J,0,0.47238662401746295,0.29982889086543146,0.5425121583080531,0.4948853891087788
230,19,X,X,D,0,0.4523931498680787,0.29258150201331556,0.5763365549326551,0.5488877805121023
231,0,X,X,D,0,0.4111296095046883,0.5422346106624114,0.3828727064830795,0.2762692646336604
231,1,Y,Y,J,0,0.4064212436804806,0.5165167270413745,0.4105785154564818,0.2626488975322174
231,2,X,X,D,0,0.42356398170070947,0.5169869582930549,0.43394772441695373,0.3053913265836024
231,3,X,X,D,0,0.4332204472759486,0.512915144224341,0.49159713320248966,0.32327111022671506
231,4,X,X,D,1,0.4269364379058701,0.5033426771686839,0.4538763135196042,0.2997375732695793
231,5,X,X,D,1,0.4097903949614265,0.4836582854031755,0.4479726765420754,0.29799304399945503
231,6,X,X,D,1,0.4014605279353215,0.5043180629123976,0.4403413690006825,0.32791772047623674
231,7,X,X,D,0,0.44176283498950575,0.4666267991120133,0.4160472590756335,0.2891385857783714
231,8,X,Y,J,1,0.4411317909729729,0.46918003133709935,0.380226884787271,0.2596259389156498
231,9,X,X,D,0,0.4123124613426771,0.493878909146434,0.3553856538217562,0.2647158908286498
231,10,X,X,D,0,0.4499660667173893,0.5218824630922179,0.34729626864347496,0.25
231,11,X,X,D,0,0.4238408711465057,0.5499723413207018,0.33472756449655966,0.25267409126871465
231,12,X,X,D,1,0.41861970363375056,0.5241203074074662,0.3331539964191699,0.2818307337394925
231,13,X,X,D,0,0.42113687192588334,0.5111673331667363,0.31397877160282445,0.2546128165157192
231,14,X,Y,J,0,0.399784201498226,0.51733058562737,0.3418225281810798,0.25
231,15,X,Y,J,0,0.4408608760992115,0.5545418954772416,0.3505395116441064,0.27902035107619855
231,16,X,Y,J,0,0.47059421472774,0.5540685615440528,0.3350499921558219,0.2963612908391987
231,17,X,X,D,1,0.45848992889212536,0.50655212227271,0.2885706919002376,0.33875252242047355
231,18,X,X,D,0,0.40464057836228945,0.5390151186079981,0.3275870076090245,0.2668354412239584
231,19,X,X,D,0,0.37087898901662986,0.5329415605351941,0.33628189323822755,0.25024014623849794
232,0,X,X,D,0,0.4740845748041603,0.6968130907045427,0.6916504537901044,0.44468760213131175
232,1,Y,Y,J,0,0.4612471575944366,0.7379263366564182,0.6913588950150902,0.5107175740326515
232,2,X,X,D,0,0.4939005815779362,0.7165502906941503,0.6737805878842816,0.5576935011018499
232,3,X,Y,J,1,0.5147811594267878,0.7031375015627052,0.6847405140691363,0.5995476596257808
232,4,X,X,D,1,0.5255550339725787,0.7200634381708387,0.6656199772362891,0.5877074671238709
232,5,X,X,D,1,0.5393009987544672,0.669606296188159,0.6175132722714624,0.5895019407765397
232,6,X,Y,J,1,0.5229356132900443,0.6915276649631746,0.6121797029798924,0.550876098732365
232,7,X,X,D,1,0.5006667767221556,0.7372781222909465,0.6064520259044311,0.5621065537563171
232,8,X,X,D,0,0.5357709031902871,0.7167828853345648,0.5963248562649814,0.5890313941886323
232,9,X,X,D,0,0.5310955188977855,0.6907714410791274,0.5870769837277698,0.5856926020915154
232,10,X,Y,J,1,0.5130950515968143,0.6913801825485122,0.556073613400454,0.6229297819114283
232,11,X,X,D,0,0.5182941269178798,0.6453030870413887,0.5919432773372737,0.6502619316842573
232,12,X,Y,J,0,0.4939075557753014,0.6576646941662455,0.5644721739459325,0.6203757742583134
232,13,X,X,D,0,0.5009349676085139,0.6553919437536906,0.5655342822659609,0.6331867801795248
232,14,X,Y,J,0,0.5378411984158696,0.6619210311713944,0.5734323759451367,0.6237015239328201
232,15,X,X,D,0,0.5290141105964953,0.6382695035242464,0.6007632411335098,0.6256636438401026
232,16,X,X,D,1,0.5534165746396726,0.6652612874979318,0.6117418644019923,0.6537029968241763
232,17,X,X,D,0,0.5450654790545943,0.6401610550645025,0.6270560057755623,0.633487241218691
232,18,X,X,D,1,0.5683375596785298,0.6464266612072648,0.6144123091674004,0.6323737298766305
232,19,X,Y,J,0,0.6035179152891829,0.6659797139846199,0.6181454379825909,0.6036099179106665
233,0,X,X,D,0,0.6886265806881124,0.3632311504691555,0.29397385940572646,0.4642556783783178
233,1,Y,Y,J,0,0.6765183774251416,0.3745842537774896,0.2954101435620403,0.47992050855130375
233,2,X,Y,J,1,0.6441539280955396,0.3784538544435121,0.26778641421465615,0.47349248809475236
233,3,X,X,D,0,0.6401153685147876,0.39733939423953524,0.3291102340306783,0.48812921058361375
233,4,X,X,D,1,0.6528888573792542,0.432668788488348,0.33183710366442437,0.45429671964080814
233,5,X,X,D,1,0.6396824679634344,0.44860742193044767,0.355615576237887,0.4165563024918713
233,6,X,X,D,0,0.6898428317276323,0.4544373063028544,0.3564050801050788,0.4327832440619523
233,7,X,X,D,1,0.7114155860242389,0.43886036696270725,0.37026650499917263,0.428925361159599
233,8,X,X,D,0,0.7128648579644213,0.45797161843427453,0.3710258282660411,0.44938478557243366
233,9,X,X,D,0,0.7227203489035754,0.4958244702114216,0.3279994335486995,0.4793734747330547
233,10,X,X,D,1,0.7376823614669733,0.5048434698682807,0.3454296056997531,0.47932982896077464
233,11,X,X,D,1,0.74334031975927,0.5226320801687292,0.35692744373403434,0.4808811890894659
233,12,X,X,D,1,0.6997758310908367,0.5528284903289981,0.349663694886031,0.4826927014787127
233,13,X,Y,J,1,0.6678695731030486,0.5738892250506769,0.3647616376391461,0.48970245380151106
233,14,X,X,D,1,0.7098495207421495,0.6194035600390351,0.4105499086051045,0.4832818150841151
233,15,X,X,D,1,0.6866772110142434,0.6474259851789094,0.4571109493615784,0.4749869767185487
233,16,X,X,D,1,0.6720444161209956,0.6224090266123108,0.4461811915144191,0.44383322170127504
233,17,X,X,D,0,0.7274341226575334,0.6186154075663525,0.48282706667179554,0.43995603906316477
233,18,X,X,D,0,0.7076828885310376,0.5932675983861775,0.49861198087078473,0.4157063773342281
233,19,X,Y,J,1,0.7137597119378206,0.5809196392723969,0.516351103260442,0.4017951166305184
234,0,X,X,D,1,0.5340813835135285,0.6019512303889571,0.5441336261046879,0.5460507381119657
234,1,Y,Y,J,1,0.514012317830367,0.5912366411629963,0.5161260822450824,0.5341802126080021
234,2,X,X,D,0,0.5036549149332905,0.5725157341247308,0.4893248947347064,0.5057474733543871
234,3,X,Y,J,0,0.5006234247244925,0.5643395463316996,0.4847661055692414,0.5567525930772494
234,4,X,X,D,0,0.5352561059972829,0.5416118087162404,0.49461251437981435,0.5474383590379616
234,5,X,X,D,0,0.5408667199807096,0.5748525026554084,0.47937066088661945,0.5450743087386342
234,6,X,X,D,1,0.5254113171503412,0.5938527095244518,0.4905162524345142,0.5122648187303129
234,7,X,X,D,1,0.5040795557839705,0.6090692189956182,0.4725904885842438,0.49123677707790003
234,8,X,X,D,0,0.5162539365625114,0.6392066040411946,0.5204906754053316,0.48448544757048906
234,9,X,Y,J,0,0.5292571057547795,0.6346395986909112,0.5637055463527598,0.45936704557392577
234,10,X,X,D,0,0.5171292176852541,0.6191764963883062,0.5326485319503648,0.465048402029838
234,11,X,Y,J,1,0.48198888997865225,0.6103815219031694,0.5182083226489532,0.4981444875688956
234,12,X,X,D,1,0.4776124743620811,0.6291025099934553,0.5299069009691934,0.4679786370334457
234,13,X,X,D,1,0.5027675555469817,0.6137326873031774,0.5653752540439276,0.45868087727341134
234,14,X,X,D,1,0.48800187389137994,0.6519880955656392,0.5694294258408981,0.44269176815364986
234,15,X,X,D,0,0.5038239234419515,0.6406181026522293,0.5946263998878671,0.4700677816432538
234,16,X,Y,J,1,0.5088837053270034,0.6591421140035253,0.5963694230244144,0.5160250924829178
234,17,X,X,D,1,0.5419965249244978,0.6384537122941051,0.6459708973593349,0.5062887073383989
234,18,X,X,D,0,0.5348277879106124,0.6264186822098972,0.6443109304657323,0.5424698322547727
234,19,X,X,D,0,0.5477011176019941,0.6492196533433274,0.6426422621443673,0.5325510426344973
235,0,X,Y,J,1,0.27033398952809806,0.47580710708786145,0.3382330451539446,0.2977837183062508
235,1,Y,Y,J,1,0.25,0.481981986568136,0.35458554252936597,0.30645165950547626
235,2,X,Y,J,1,0.28556775929487993,0.4619432125600147,0.35465570901486265,0.3386227991530159
235,3,X,Y,J,0,0.26790937899160777,0.47651139832334366,0.3548132740691023,0.33547871577120847
235,4,X,X,D,0,0.29949173816449653,0.47432219844206036,0.3420085603544383,0.36660795309378513
235,5,X,X,D,0,0.2693997204629622,0.4835766177519053,0.34917573596713136,0.3357203677656521
235,6,X,X,D,0,0.29239456983058015,0.5118997540696497,0.3440066395136295,0.3270315425182009
235,7,X,X,D,1,0.2988038733277523,0.4985848031059826,0.32062671176114266,0.3264383261441639
235,8,X,X,D,0,0.2996251065349871,0.4971222246376743,0.28025778578174587,0.3380931708070372
235,9,Y,X,D,0,0.33831570839621883,0.5244864456471069,0.25,0.30819408180046803
235,10,X,X,D,1,0.3410147658114907,0.5136531886030677,0.2668649536236329,0.28046311887240916
235,11,X,X,D,1,0.38720888720024166,0.4932756882757971,0.25,0.2687208297205096
235,12,X,X,D,0,0.41696960318726906,0.4726229703165928,0.25,0.3347789164275741
235,13,X,Y,J,1,0.43276466365464056,0.4530703809924419,0.308387927175224,0.3149632663360387
235,14,X,X,D,0,0.4006018817874244,0.4571672208361787,0.3130978729594918,0.33410728076450036
235,15,X,Y,J,1,0.38347514024688645,0.4020790291573257,0.3406517977714117,0.34998216370178503
235,16,X,Y,J,0,0.38569762558349013,0.4054508525679185,0.3399807896713786,0.39380833143905125
235,17,X,Y,J,1,0.39506641893498196,0.4265161976462505,0.3436749312351377,0.37440420978421557
235,18,X,X,D,0,0.4145322992657727,0.44258103247232594,0.3177507916226691,0.3920889934315104
235,19,X,X,D,0,0.409578694064867,0.4193437591059666,0.31255273204890427,0.41295817884072533
236,0,X,X,D,1,0.38975157259861765,0.5043482248245645,0.6848868563845221,0.5258341616467361
236,1,Y,Y,J,1,0.3621594646267145,0.5221454934077988,0.7072645780167699,0.5617831383248069
236,2,X,Y,J,0,0.34623537228502554,0.536604072178803,0.708904116656744,0.5885878350605663
236,3,X,X,D,0,0.40109121499153905,0.5699949385332788,0.7184904096560989,0.609090927127363
236,4,X,X,D,0,0.412134170795729,0.5357249494759807,0.6915812743574175,0.6392529600967921
236,5,X,Y,J,1,0.4448864449283865,0.49594548332999194,0.6847304052105108,0.6410199205778208
236,6,X,X,D,0,0.4537924969036754,0.49523035372402524,0.7245011871536137,0.6337975321242516
236,7,X,X,D,1,0.44342607782394927,0.5096484304499723,0.75,0.6725092033972778
236,8,X,Y,J,1,0.4511958784207777,0.4487987603720604,0.75,0.6714746068900774
236,9,X,X,D,0,0.4050469473876348,0.43488118098614986,0.75,0.6287903577998891
236,10,X,X,D,0,0.3896588370791941,0.4497553543427276,0.75,0.6188597862015369
236,11,X,Y,J,0,0.3476716576131647,0.45486223653860214,0.75,0.6156623116828073
236,12,X,Y,J,1,0.3417675695666718,0.44036437619408075,0.75,0.6364132387216613
236,13,X,Y,J,0,0.32893516007388507,0.41444181914656264,0.7360631541195752,0.6604731787327668
236,14,X,X,D,1,0.3438103680812469,0.40985958911286896,0.75,0.6542121508637325
236,15,X,Y,J,1,0.3732788795748133,0.41963282463570667,0.7366224068699789,0.651064162593383
236,16,X,X,D,0,0.384577999316862,0.410012076017956,0.7004899990654379,0.6119231580475648
236,17,X,X,D,0,0.376568531258015,0.425882347852734,0.6788922399851203,0.5977011699088186
236,18,X,X,D,0,0.4009100832647077,0.42532796010545854,0.6749571170538391,0.6327897542503255
236,19,X,Y,J,1,0.38252077514084504,0.4337038689711603,0.6651103826347777,0.649836965521061
237,0,X,X,D,1,0.5375803718157508,0.6585788331782354,0.6383903763045411,0.6440930779064948
237,1,Y,Y,J,1,0.5157282165651699,0.6250236386669298,0.6456389009632796,0.5769300090085836
237,2,X,X,D,0,0.4944927736986404,0.5901280262588204,0.6147446136150234,0.5284677459525301
237,3,X,X,D,0,0.4735805559295134,0.640510095075082,0.6267555209253822,0.5690839583759256
237,4,X,Y,J,0,0.5018935404877404,0.6157330236288041,0.6336672354098054,0.5483168011342716
237,5,X,X,D,0,0.48070866863174755,0.5970691795415054,0.6753810283040147,0.5130448131438443
237,6,X,X,D,1,0.4880346487731174,0.6300344825005288,0.6616344300240348,0.5394101423408879
237,7,X,X,D,1,0.5308927489622173,0.6175570393446138,0.6951805466182854,0.5807876734679177
237,8,X,X,D,1,0.5251102720181225,0.6132129046886192,0.6691448477921309,0.6067343442224855
237,9,X,X,D,1,0.5244548122223051,0.6345833842316616,0.6977105259671934,0.5742752940640727
237,10,X,X,D,1,0.5437734237928354,0.6497530639706305,0.7347989128925241,0.5739846551760757
237,11,X,X,D,0,0.4810013646426087,0.6518083072566428,0.75,0.5660946916098846
237,12,X,Y,J,1,0.48622360876903153,0.639123858491426,0.75,0.5853078236045737
237,13,X,Y,J,1,0.46211862808302734,0.6095397832165774,0.7280025211647775,0.5878690398863194
237,14,X,Y,J,0,0.4312088641446235,0.588571630616967,0.75,0.5438762726926248
237,15,X,X,D,0,0.38159781980376073,0.5630447620452816,0.7380033688228707,0.5595189787178355
237,16,X,Y,J,1,0.3600475525428555,0.5267893035264805,0.75,0.5542646822489604
237,17,X,X,D,0,0.3307984546654934,0.5340333953665566,0.75,0.5617353350430602
237,18,X,X,D,0,0.30476164870294964,0.5149815167199002,0.7396455038913599,0.5419113312108018
237,19,X,X,D,0,0.25235037884392586,0.5031382961293774,0.75,0.5456725927827901
238,0,X,X,D,0,0.7258200606248983,0.34701373564281474,0.4429475239371177,0.5170492836776215
238,1,Y,X,F,0,0.7238519087507929,0.3772304221370744,0.4254154166217601,0.5050088327108978
238,2,X,X,D,1,0.742527269532759,0.39291215460693735,0.4389128512209283,0.4712921382743972
238,3,X,X,D,1,0.745734382480123,0.4042494693324978,0.429704349508398,0.45804821102480386
238,4,X,X,D,1,0.7157330131718294,0.46063569868047977,0.4489191775535093,0.4778397449864511
238,5,X,X,D,1,0.75,0.42569350490052754,0.4592779493966186,0.46815378562524174
238,6,X,X,D,1,0.7471499958447153,0.4091230039789023,0.5185132240164779,0.44028025476100274
238,7,X,X,D,1,0.75,0.3656939027703867,0.5147515637810737,0.42169897086878055
238,8,X,X,D,1,0.723875808423869,0.36148823925400403,0.5188836044842285,0.3832430183822101
238,9,X,Y,J,1,0.7045638210067265,0.38475677964050387,0.5284356170432146,0.403337087935117
238,10,X,Y,J,0,0.6666306541462713,0.3864134140517011,0.5406995832481185,0.40644849655800946
238,11,X,X,D,1,0.6770834201334773,0.38888397553248627,0.5234748930292416,0.3978725533444038
238,12,X,Y,J,0,0.6733498850013638,0.38525869444771876,0.5764065177905875,0.4082887226843456
238,13,X,X,D,1,0.685607405366966,0.35089645166040095,0.5798437644744637,0.38893184132649833
238,14,X,X,D,0,0.6898439471730927,0.35045706459765386,0.5641303681146227,0.34157128639080264
238,15,X,X,D,1,0.656750011690205,0.3071975268933493,0.5337236884600797,0.3358289501338348
238,16,X,Y,J,0,0.6584878818105209,0.32859188732458733,0.5896372154722984,0.36366533510082827
238,17,X,X,D,1,0.6566606170053411,0.35198845261499667,0.6058077453739213,0.3435390018289118
238,18,X,X,D,1,0.6424204233456355,0.3811324678323225,0.6570260616717678,0.34169543035438216
238,19,X,X,D,1,0.6384845922501865,0.34982148276097536,0.6575331128137469,0.3351844132530596
239,0,X,X,D,1,0.497928239005298,0.5645963670645754,0.261166660001535,0.4935482199292106
239,1,Y,X,D,0,0.49081968024409917,0.5599635961933623,0.27578193275824947,0.45604760524295795
239,2,X,Y,J,0,0.46868428847550236,0.5676669810970075,0.2921693334889404,0.47455197961125756
239,3,X,X,D,1,0.5043407237389157,0.5487935701393066,0.33270077685563926,0.4623482487287807
239,4,X,Y,J,0,0.5073765783536132,0.5166527328002224,0.2967782369806143,0.4717941084586281
239,5,X,X,D,1,0.47849653239193135,0.48951918917790016,0.2940063090462424,0.5013376465682756
239,6,X,X,D,0,0.50130430666012,0.4666848272820264,0.2995246926960613,0.5012566478086189
239,7,X,X,D,1,0.5356964427549472,0.4874950853738838,0.30068362411107136,0.5137706795297919
239,8,X,X,D,1,0.6128445169459509,0.47183435854236894,0.29313080245889245,0.5409427719482083
239,9,X,X,D,0,0.5956756666284011,0.4676926039688549,0.26546774971177434,0.5467642478815432
239,10,X,Y,J,0,0.6090439804006309,0.47705464293634486,0.25,0.5457762276895498
239,11,X,Y,J,0,0.5614424077097514,0.5028822814044177,0.25,0.5497435854417293
239,12,X,X,D,1,0.5575209914471716,0.5299820562979496,0.25,0.5971775421848304
239,13,X,X,D,0,0.5737500138025631,0.55786297382178,0.25,0.6137198607641119
239,14,X,X,D,1,0.6009591875037575,0.5503875834971848,0.25269942803173834,0.5935260344154398
239,15,X,X,D,1,0.6048382617597545,0.5045235405021954,0.2630617366648032,0.6500091081692286
239,16,X,X,D,1,0.6351363103925807,0.45933936298579026,0.30011889263511016,0.6455472372443638
239,17,X,X,D,1,0.648839928229698,0.4078697110602569,0.3221985162505476,0.6909885227467967
239,18,X,Y,J,1,0.6619574388787737,0.4017589275279605,0.33137587104766303,0.7034152221685255
239,19,X,X,D,0,0.6328278041732255,0.37685331650136666,0.3233494033444484,0.6912874014533004
240,0,X,Y,J,0,0.4322467868820237,0.5853504031962644,0.30339670422225096,0.28333948117120716
240,1,Y,Y,J,1,0.41771756817702826,0.5955000392732608,0.2969317910155217,0.3103394916335073
240,2,Y,X,D,1,0.4033869651332092,0.6043340653189415,0.2900633425509874,0.305110054466503
240,3,Y,Y,J,0,0.43354805979958627,0.6050718018039323,0.2961344259905781,0.31114089095676073
240,4,Y,Y,J,0,0.4098483973496027,0.6185110660145848,0.3120970856695944,0.34634793564077504
240,5,Y,Y,J,0,0.44312289246803793,0.6362634115112519,0.2952923008379144,0.38740537741673065
240,6,Y,Y,J,0,0.45689643669538377,0.6185243238099583,0.29868672086130915,0.4059839035218172
240,7,Y,Y,J,0,0.43944359031669405,0.6096481175187172,0.2643107972458883,0.4152737165178656
240,8,Y,Y,J,0,0.4350049127335432,0.5974030097756278,0.25351992142177715,0.43136317179138145
240,9,Y,X,D,0,0.4168688317864989,0.6164870378480559,0.260716649672613,0.4547882851554163
240,10,Y,X,D,1,0.42050269452718253,0.6262041335998484,0.2540278095425117,0.4569235427578641
240,11,X,Y,J,0,0.4327782151777467,0.6502086129530068,0.27704538200899154,0.4744981905434865
240,12,Y,Y,J,0,0.42688606690086706,0.638578316407014,0.2596117496114092,0.5243043665622066
240,13,Y,Y,J,0,0.3971537079253965,0.6313906976288645,0.25,0.5257091999180252
240,14,Y,X,D,1,0.4275467848035891,0.613938728786329,0.25,0.5244771989173461
240,15,X,X,D,1,0.3652021545133199,0.590033497983041,0.2849524068826102,0.5585537869881093
240,16,X,X,D,0,0.361365257270555,0.6272263518297283,0.30310708908884126,0.563901684124671
240,17,X,X,D,1,0.30809698983392664,0.5950198707138129,0.2693559121481779,0.5486747621303173
240,18,X,Y,J,0,0.3340751082455966,0.594124500899422,0.25,0.5615744330106145
240,19,X,Y,J,0,0.34300775653729554,0.605695640772549,0.25,0.53877569431674
241,0,X,Y,J,1,0.6997949932770136,0.6915038500204108,0.5143826756517258,0.3989004646023684
241,1,Y,X,D,1,0.7031072722835818,0.700189933404205,0.5376803060532293,0.4140355755020783
241,2,X,Y,J,1,0.7088291530213985,0.6954421232316036,0.5583662235990745,0.4347232259453206
241,3,X,Y,J,0,0.6995003804340633,0.673465159364193,0.5283532364031126,0.41989626736354707
241,4,X,X,D,1,0.6915881484495778,0.6949846649026786,0.5194866371768964,0.43321277013736803
241,5,X,X,D,1,0.6671554421738765,0.683584784439586,0.49630282770111583,0.4241411680034727
241,6,X,X,D,0,0.6154516117747404,0.7374057529643951,0.5164963225578438,0.4736168052661823
241,7,X,X,D,1,0.6012575456512882,0.7320087651362419,0.5128487514875882,0.48779247061052144
241,8,X,X,D,1,0.5717832624471263,0.7225506760495992,0.49527792733015763,0.4658683137044734
241,9,X,Y,J,0,0.5925296876254458,0.7481480858016389,0.5085591153963289,0.5042103012323125
241,10,X,X,D,0,0.5998488273693939,0.7400293144740897,0.474459250720221,0.5086717035975047
241,11,X,X,D,1,0.6143192563362128,0.7401239578718628,0.5256308632001401,0.5004554769631759
241,12,X,Y,J,1,0.627005847907664,0.7480662007386982,0.5124980486807214,0.49908764143579043
241,13,X,X,D,0,0.623967019187983,0.7466380949388671,0.510661749091988,0.48527076049891604
241,14,X,Y,J,1,0.608498254781339,0.7370069995696891,0.5525446181730981,0.4664692546316641
241,15,X,X,D,1,0.6181436780203947,0.7372174475852387,0.5125879630364787,0.4904325669894543
241,16,X,Y,J,0,0.6208234006570541,0.7259817417700589,0.5057968330702455,0.49486241583075175
241,17,X,X,D,1,0.6188170131940662,0.75,0.5100582161252905,0.4778847601624464
241,18,X,Y,J,1,0.6343524803624518,0.7363357286800923,0.5595768703484695,0.4469099654824602
241,19,X,X,D,1,0.6467078558922619,0.75,0.5813757656130101,0.39512476621309767
242,0,X,X,D,1,0.6508051269585893,0.2638799399611875,0.5534193480820749,0.7381477313760245
242,1,Y,Y,J,1,0.6272779617122464,0.2696009076789297,0.5674125216977868,0.75
242,2,X,Y,J,1,0.6285153450077648,0.258667038535299,0.5860618620631426,0.7167346235190681
242,3,X,Y,J,0,0.6046041656031945,0.25,0.5876585352300148,0.740098019194815
242,4,X,X,D,1,0.6504398704342698,0.2510388346244067,0.6168084687807075,0.7356060538508294
242,5,X,Y,J,1,0.6747100601867585,0.25,0.5674017187660026,0.7234732074001217
242,6,X,X,D,0,0.665372260855766,0.25,0.5518020352672088,0.6827020982692733
242,7,X,Y,J,0,0.6648194380074681,0.2738162713219464,0.5726970874233515,0.7206718047219498
242,8,X,X,D,1,0.6696829767536137,0.2539015111333112,0.5927184534075869,0.6857570186065347
242,9,X,X,D,0,0.6821659961138995,0.2758473968461147,0.590232289058905,0.6800745355862221
242,10,X,X,D,1,0.6592068127396692,0.32531195219675757,0.5769328414676843,0.692150533932334
242,11,X,Y,J,0,0.6828027189462621,0.3033738933910058,0.6537713471062825,0.6749033880267772
242,12,X,Y,J,1,0.6976706676993909,0.33639291055034987,0.6971996954207891,0.6388771288224042
242,13,X,X,D,1,0.680815979121439,0.35524279224487904,0.7129817369075528,0.6362838216271826
242,14,X,X,D,1,0.6750142177907331,0.3507199284572994,0.7200016448602561,0.6469562057088207
242,15,X,X,D,0,0.6445106330560663,0.3379848789132248,0.6827983951502407,0.6451334437325422
242,16,X,X,D,1,0.6063817715738902,0.3343258162090329,0.7071087056842724,0.6226574428893669
242,17,X,X,D,0,0.611375170593903,0.35594646083817033,0.6844043457017539,0.6565398499290475
242,18,X,X,D,1,0.5860247200261579,0.36049736339396166,0.6762786768606798,0.6972289619986258
242,19,X,X,D,1,0.5743188558442608,0.3438310573619718,0.743730985019491,0.7221271236035004
243,0,X,X,D,0,0.3318087197584154,0.26238679179057706,0.6580275326292158,0.33101458724618155
243,1,Y,Y,J,1,0.33933889693080865,0.2689327294275912,0.687995247575925,0.33193257028610745
243,2,Y,X,D,0,0.3120476343896225,0.2538191387600569,0.6870144543922113,0.3718219229307096
243,3,Y,Y,J,1,0.2989438107492492,0.25,0.7123290534548843,0.39613164470128814
243,4,Y,Y,J,1,0.30522579204671496,0.26831619540385665,0.75,0.36618356799229307
243,5,Y,Y,J,1,0.3404019824615305,0.2620737082913055,0.739158648213527,0.35869823070214374
243,6,Y,X,D,0,0.3476490103220314,0.25,0.7321628208113491,0.34337339953165724
243,7,Y,Y,J,1,0.38809975924595197,0.275671709045637,0.7036691107552975,0.3552941869280794
243,8,Y,X,D,0,0.40711545216943174,0.2821664309616975,0.6985672518307232,0.30041313709674367
243,9,Y,X,D,1,0.37368721678133926,0.2775860538402632,0.7179775163285818,0.283115066435496
243,10,Y,X,D,1,0.3953876513408755,0.25,0.739414245826926,0.30731637654281546
243,11,Y,Y,J,1,0.37874490098390307,0.25,0.7244909631076233,0.3038756545606976
243,12,Y,Y,J,0,0.3509661570490811,0.25,0.7366917008640002,0.31633600679362
243,13,Y,Y,J,0,0.2971411269961155,0.25,0.7092736413626887,0.32336874629403295
243,14,Y,Y,J,0,0.28342138236007186,0.2843966007075421,0.7103738882935198,0.2853653379001137
243,15,Y,X,D,0,0.32187066055695013,0.25,0.6956534645655518,0.2707947558653833
243,16,Y,Y,J,0,0.3236138193139533,0.25,0.644790548228239,0.25
243,17,Y,Y,J,0,0.282468889910208,0.2527322237840553,0.5868684532628152,0.25
243,18,Y,Y,J,1,0.25,0.25658468857806493,0.6030281802348811,0.2553678269480935
243,19,Y,Y,J,1,0.2861326217468965,0.27203053307048813,0.6240385352015685,0.25
244,0,X,Y,J,1,0.4973598788410436,0.3583475711555436,0.7092508963823774,0.6668382052871519
244,1,Y,Y,J,1,0.5028818399369883,0.3605057513598582,0.7023012484135833,0.6463655349895164
244,2,X,X,D,0,0.5153270773235429,0.3688445150854476,0.6657044974386801,0.6674363658229678
244,3,X,X,D,0,0.5516952908724628,0.3367756360563712,0.6723825149631606,0.6778465657128783
244,4,Y,Y,J,0,0.5667934438582923,0.3736756335631405,0.7109364916780855,0.6836317000642672
244,5,X,X,D,1,0.5909018399149496,0.40131012576001,0.7005953122658379,0.6752039453251554
244,6,X,X,D,0,0.5674068857121631,0.4342088493235699,0.6766423181548086,0.682011225377459
244,7,X,X,D,0,0.61366018007927,0.44117782426649316,0.6549787860415128,0.6462449913001225
244,8,X,Y,J,1,0.646730720284851,0.43724128710482285,0.652664419760258,0.6470517274096043
244,9,X,X,D,1,0.6204694669260173,0.4349048157426495,0.5865186809803092,0.6426451844818801
244,10,X,Y,J,1,0.6628107693490102,0.43874111428612894,0.594039361689098,0.6651961760298319
244,11,X,X,D,1,0.64450258497113,0.41599509710761146,0.5912196083095334,0.6720387814883201
244,12,X,Y,J,1,0.651082642950711,0.48326622063455277,0.5953633609531899,0.6667793342926814
244,13,X,X,D,1,0.6942100995548917,0.44253661777695824,0.5787010214144209,0.6390555007003241
244,14,X,X,D,1,0.6632435693431367,0.4276818746353174,0.5565059324297091,0.6414950281910945
244,15,X,X,D,1,0.6614256692337274,0.402811007895096,0.5565610237386487,0.625883048789725
244,16,X,X,D,1,0.6638400361866791,0.42359926099407685,0.5676949806310935,0.602424334333974
244,17,X,X,D,1,0.6377575132582471,0.4227508212341996,0.5756492753662169,0.58740606823435
244,18,X,X,D,0,0.5907720062324275,0.4159229702181804,0.5934741021923888,0.6016644481062572
244,19,X,Y,J,0,0.6374340584417387,0.4161483146449372,0.617377423130599,0.6131948205261853
245,0,X,Y,J,1,0.7255053278479494,0.44980495366486134,0.595939777204872,0.5499222220217796
245,1,Y,Y,J,1,0.7171601320638453,0.4388819376844961,0.5993412216264881,0.5111350471928257
245,2,X,X,D,0,0.7290741469845488,0.4749936065000365,0.61336571136151,0.49549077276444126
245,3,X,Y,J,1,0.7355495692520222,0.4932342456720932,0.6677221281421108,0.4991781747635975
245,4,X,X,D,1,0.75,0.4848733672485421,0.6628001235118526,0.4645482151702064
245,5,X,Y,J,0,0.7025074047756097,0.4605505564240613,0.6204970595713357,0.4795291045884277
245,6,X,X,D,0,0.7311759640023183,0.43779501189383074,0.6258814392238354,0.48535675461796063
245,7,X,X,D,1,0.7248445474326537,0.4227426708414743,0.6417693279364405,0.4713406247875919
245,8,X,Y,J,1,0.69702479301392,0.36034622248063086,0.6405562600983431,0.48136609105813766
245,9,X,X,D,1,0.7217429747747317,0.37488013672765386,0.6409876565924228,0.5253504708774682
245,10,X,X,D,1,0.7217815143756732,0.373069935765068,0.604804405622119,0.5132987337742542
245,11,X,Y,J,1,0.740738919675921,0.4155853140168994,0.5910321736972738,0.4750697957685077
245,12,X,X,D,1,0.75,0.44144577217046127,0.5751449342398716,0.47092055581911485
245,13,X,X,D,1,0.75,0.4065716177677177,0.5867962493180535,0.4501317753204682
245,14,X,X,D,1,0.7245340716026709,0.42139055360252253,0.6103406586427134,0.4383782863767536
245,15,X,X,D,1,0.7472081312142217,0.4701383011139462,0.6324267866269986,0.4021579386260504
245,16,X,X,D,1,0.75,0.46725012923880904,0.6541474004265819,0.43644753669202196
245,17,X,X,D,0,0.7131114162178408,0.482238565705113,0.6671321392648666,0.4024165554868681
245,18,X,X,D,0,0.7031307057942614,0.45019041536382326,0.6684043253525521,0.41323935643307047
245,19,X,X,D,0,0.686660869534905,0.46760650836215495,0.7235185515510083,0.405206002380512
246,0,X,X,D,0,0.5960102130728717,0.4557617789902514,0.630516499945899,0.5808517507762907
246,1,Y,Y,J,0,0.5813319461400114,0.4375031014972849,0.6201756142308398,0.586375846339058
246,2,X,X,D,1,0.5685079407351886,0.4242489700265573,0.5908953726914692,0.601640262780001
246,3,X,X,D,0,0.5584759784183578,0.42479023093883767,0.598524292090912,0.6259980654048476
246,4,X,X,D,1,0.553621174880995,0.45248420464325156,0.6518513609752862,0.6482052020182795
246,5,X,X,D,0,0.5150247278350296,0.46704300867610704,0.6634304507129734,0.6209663416012676
246,6,X,Y,J,1,0.4876369642195679,0.453466507743131,0.6529697265652731,0.6301060517321293
246,7,X,X,D,0,0.5059986270228276,0.4561244742908654,0.6759206010696673,0.6374203227873674
246,8,X,Y,J,1,0.4970791598188144,0.46334579364457773,0.6985334734953471,0.664993695230374
246,9,X,X,D,0,0.46460403349148793,0.4823287329306434,0.6843573666932591,0.6554262288748204
246,10,X,X,D,0,0.48257440073261426,0.474621219624078,0.6910270898073181,0.6942073784671878
246,11,X,X,D,1,0.5111834661525356,0.4400383357667002,0.6913603183191498,0.6923391491485485
246,12,X,X,D,1,0.5114832366822296,0.4286323065900842,0.7305973711862399,0.7417938266958982
246,13,X,X,D,1,0.4948392247615655,0.4124974346475927,0.74254731724185,0.75
246,14,X,X,D,1,0.48771019576511787,0.4186894904715863,0.75,0.75
246,15,X,X,D,1,0.5187829581568002,0.429145875881277,0.75,0.75
246,16,X,X,D,1,0.5053629306612422,0.4469831420981588,0.75,0.75
246,17,X,Y,J,1,0.5122180337114228,0.47344949248995655,0.75,0.7342360502960001
246,18,X,X,D,0,0.5403813784243628,0.5100254911579575,0.7228955971242568,0.7139378025188713
246,19,X,X,D,0,0.5641394694920238,0.4768038789649272,0.7074931152056652,0.71334449743049
247,0,X,X,D,1,0.5059025915881028,0.5013823749894412,0.7121496365850163,0.7457008064390203
247,1,Y,Y,J,1,0.4978351792807079,0.5039759555442608,0.7181642683558174,0.725675516965947
247,2,X,Y,J,1,0.4619146983993389,0.47468939120138565,0.7097845983198651,0.685244037329278
247,3,X,X,D,1,0.454387763031927,0.4422528930260851,0.7191864051590849,0.6981110051308402
247,4,X,X,D,1,0.4320413596032244,0.498895830274121,0.7217132133837905,0.6780858528016719
247,5,X,X,D,1,0.4298566846699736,0.5042076302643347,0.7170705064930535,0.655677258635443
247,6,X,X,D,0,0.45421524929290213,0.45315679495716393,0.7362067117802842,0.6762093967637148
247,7,X,X,D,1,0.4665376049665446,0.5041545310885382,0.7148180694894998,0.687688347550197
247,8,X,X,D,0,0.4647484290573977,0.4919296298192132,0.7199340999515124,0.7020808625476258
247,9,X,X,D,0,0.4796429779810039,0.4760856419143945,0.7156017770668339,0.6905787730556895
247,10,X,X,D,1,0.4752551033355644,0.45912631693866635,0.75,0.6884615345922545
247,11,X,Y,J,0,0.4897496991532431,0.4531617874131856,0.7360472433649333,0.6550625764093031
247,12,X,X,D,1,0.5247542468511454,0.45130086465049085,0.7015646120263227,0.650632800629935
247,13,X,X,D,0,0.5284252101226539,0.4197890762218521,0.6767835161969024,0.6107483969149141
247,14,X,X,D,1,0.546657613659774,0.34136045434956497,0.6951781238958458,0.6103985299325716
247,15,X,X,D,1,0.5680635420115544,0.36369220164627325,0.7156185153926644,0.642513878585422
247,16,X,Y,J,1,0.5398327419378585,0.3754689820157672,0.7148266473998766,0.6632857042654743
247,17,X,Y,J,1,0.5256187542984317,0.3639347412964051,0.7358194005327031,0.6771528614146827
247,18,X,Y,J,1,0.5501745553493987,0.3618407193381907,0.7319364173321454,0.671634023968834
247,19,X,Y,J,1,0.5261368010837247,0.3404758915503835,0.7264213039798727,0.694835890820458
248,0,X,Y,J,1,0.6413284220251343,0.6326886148287181,0.6212587004352281,0.2660933981438253
248,1,Y,Y,J,0,0.6468576082651165,0.6390419503590715,0.647917140398844,0.2631210064717047
248,2,X,X,D,0,0.6729539462435775,0.6213208421511424,0.6568085118836388,0.2628978334779538
248,3,X,X,D,1,0.6391513811575984,0.6692691833592378,0.6803116417745242,0.2603830460089216
248,4,X,X,D,0,0.6244759817544763,0.6301294886704022,0.6521256402011256,0.26506769620291365
248,5,X,Y,J,1,0.6278053604737243,0.6342625849349244,0.6311220303735541,0.27061611846755856
248,6,X,Y,J,1,0.6513697495936998,0.6354371124141144,0.6097998317302057,0.26212600516676826
248,7,X,Y,J,1,0.6502424795243595,0.6674679267187908,0.5722188701299411,0.26582412212722495
248,8,X,Y,J,1,0.6590331726959212,0.6743597540023876,0.5754692051363969,0.25
248,9,X,X,D,1,0.6862208123526441,0.7025891240936535,0.5756670195599246,0.25
248,10,X,X,D,1,0.6615187683478843,0.6880662745705189,0.58641707951862,0.25
248,11,X,X,D,1,0.626917866926123,0.7276237922933959,0.5917878753469185,0.25
248,12,X,X,D,1,0.6373290368210581,0.7445736226578406,0.6115034168859178,0.2731077073554953
248,13,X,Y,J,1,0.68203397590652,0.7409456059602121,0.6109895334637805,0.2522405719382871
248,14,X,X,D,1,0.6483055655118666,0.7325958331346601,0.5920177014016257,0.25
248,15,X,Y,J,0,0.663441617562425,0.7348881837052627,0.6226279619993698,0.250190664545832
248,16,X,X,D,0,0.664524782781032,0.6838631772106992,0.6469732186566921,0.28697171366740587
248,17,X,X,D,0,0.6554412324109339,0.719666454663025,0.6666983805111585,0.2955638440507068
248,18,X,Y,J,0,0.6738879703492409,0.7307808107729366,0.6667440902074557,0.31047309281632574
248,19,X,Y,J,1,0.6618683336273837,0.6972158515141905,0.6818481411891038,0.29611584009769104
249,0,X,X,D,1,0.4995889530890942,0.40999438332961374,0.5521796779773156,0.699116506639875
249,1,Y,Y,J,1,0.45128574312163183,0.41188817452777626,0.5205156997893723,0.6612741140394423
249,2,X,X,D,1,0.4242980756278184,0.43048964012142404,0.544939845831294,0.6951796166994477
249,3,X,X,D,0,0.42783601534502597,0.44726020175164427,0.5736635515141585,0.681907755365945
249,4,X,Y,J,0,0.42402827179760383,0.46514658410611387,0.5459367518166198,0.6853671419605872
249,5,X,X,D,1,0.4167642295679589,0.4580378271852413,0.5444363387272131,0.6907982276440889
249,6,X,X,D,1,0.40925134028813726,0.42247151433284946,0.5260662534327161,0.6907899579098296
249,7,X,Y,J,1,0.3962033044790138,0.39746456067372293,0.5302450918446023,0.667286388980712
249,8,X,X,D,0,0.42337912536467803,0.34289268160456515,0.5225822160131546,0.6740314448195965
249,9,X,X,D,1,0.41134200994513087,0.35083425000013735,0.5919351833160064,0.7030710516179534
249,10,X,Y,J,1,0.40560204650881027,0.4001539916365685,0.6106384299100499,0.7378819213887425
249,11,X,X,D,1,0.37850749788274635,0.34741072582530974,0.6218509189173291,0.7322412404501678
249,12,X,Y,J,0,0.3572267742925212,0.3832934998983658,0.6206771989223866,0.75
249,13,X,X,D,1,0.3400535513976492,0.3362955605623175,0.6148436965042663,0.75
249,14,X,Y,J,1,0.3364514355771786,0.34473047913137805,0.6239333636316644,0.75
249,15,X,X,D,0,0.2964419155297872,0.31791663504485024,0.6297601248732606,0.7319967933762308
249,16,X,Y,J,1,0.32415428360907383,0.3377963904074802,0.6449233267389674,0.720589394384967
249,17,X,Y,J,0,0.34512984344426706,0.3485997227963655,0.6359077769851709,0.7120657176262156
249,18,X,X,D,0,0.34981284282978264,0.37105430680972346,0.6290817825605654,0.6830752162002395
249,19,X,X,D,0,0.3844626420512525,0.33936249072479946,0.6483682458537344,0.6930315868642158
250,0,X,X,D,0,0.6437516788886238,0.6938201909379977,0.38787002157120554,0.6275422784548765
250,1,Y,Y,J,1,0.640918139818514,0.6561512336462707,0.4158947238945099,0.6118291135906643
250,2,Y,Y,J,1,0.6787419446549946,0.6307823611190613,0.4275930506473804,0.6387246029287706
250,3,Y,X,D,0,0.6355939191883744,0.6551535859975165,0.4101178423171201,0.6797557938204863
250,4,Y,Y,J,0,0.6495654477757901,0.6472246471768016,0.4026773615492097,0.6558965149396043
250,5,Y,Y,J,0,0.6020813528251608,0.6876284968802888,0.38809212416201144,0.6570824308738444
250,6,Y,X,D,1,0.6262446210005553,0.7089409346660233,0.35236296572032594,0.6455206150181642
250,7,Y,Y,J,0,0.597687639630366,0.7113610006362033,0.32319746852285947,0.6566068341323197
250,8,Y,X,D,1,0.5891479955672937,0.7123724590170037,0.32460804712046154,0.6519048255789809
250,9,Y,X,D,1,0.6003651776153981,0.715869889394847,0.35568170862988574,0.6640915964807305
250,10,Y,X,D,1,0.6063004264339038,0.6716026543692356,0.3268248572231335,0.67560439564752
250,11,Y,Y,J,0,0.624175914584284,0.6986354278299904,0.34947638022130756,0.6659352298905719
250,12,Y,Y,J,0,0.6453044551642413,0.6834648373600896,0.41462246033727573,0.679058741483296
250,13,Y,Y,J,0,0.6683107224393273,0.6938388062074754,0.424838095043506,0.663205891982134
250,14,Y,Y,J,0,0.6685553248567393,0.700319112960354,0.47164981570732767,0.6577148561540883
250,15,Y,Y,J,1,0.6568528430266091,0.685163156378694,0.4572957902222916,0.6637366436214566
250,16,Y,Y,J,1,0.6422703707592929,0.6606473931680505,0.4456061950518215,0.6752102164997236
250,17,Y,Y,J,0,0.6596612039667806,0.678440227461863,0.4733156891296746,0.6541822982459079
250,18,Y,X,D,1,0.6769797139288678,0.617391118110897,0.42221759912012813,0.6477686477201025
250,19,Y,Y,J,0,0.6652476428759361,0.6175181390574547,0.38877478113596003,0.6474719076662824
251,0,X,Y,J,1,0.28702429523094647,0.702880530966066,0.5995272638787081,0.47012514406424
251,1,Y,Y,J,0,0.30256231907054776,0.6826352811609453,0.6333826857446069,0.4804782376889664
251,2,X,X,D,0,0.30552638804271465,0.6598903824084197,0.6389389197519548,0.4862058749552831
251,3,X,Y,J,1,0.337384703965283,0.6725082509416968,0.649208666549974,0.5222518396430851
251,4,X,X,D,0,0.35357897823291523,0.6613167777886665,0.7010200739144058,0.5422455139803496
251,5,X,X,D,0,0.36454061545906846,0.6586717664535611,0.7053290647808496,0.5437225374061144
251,6,X,X,D,0,0.3199529468492752,0.6457037901968833,0.7341451121481761,0.5107366132701998
251,7,X,X,D,1,0.2972068440108798,0.6556800765823465,0.7443081654582449,0.5407022918176437
251,8,X,Y,J,1,0.33482622162360115,0.6658439086007633,0.7433025291390959,0.5282328379129637
251,9,X,Y,J,1,0.3337877634307308,0.6392721419607338,0.7076676042905343,0.49219750412023516
251,10,X,X,D,1,0.3192023880634091,0.6683014017310245,0.7458064055142655,0.49754788663337196
251,11,X,X,D,1,0.2866155736256483,0.7016979030229439,0.75,0.5092491297758516
251,12,X,Y,J,1,0.2889749968540363,0.6950397596067283,0.75,0.5168886512482024
251,13,X,Y,J,0,0.25,0.6828340372155954,0.7486171172574805,0.5208432268054265
251,14,X,X,D,0,0.30667084765583313,0.6724641645475087,0.7487724824127191,0.49660648627555404
251,15,X,X,D,0,0.30582626461603374,0.6359882395001522,0.7413799182826355,0.4899823171817838
251,16,X,Y,J,1,0.270672571855574,0.6080312963404221,0.75,0.4828597658134382
251,17,X,X,D,1,0.2656223118276751,0.601750201388953,0.7452523091060697,0.48358082472220726
251,18,X,X,D,0,0.27316389679391284,0.6236014381333441,0.75,0.47820156607905145
251,19,X,X,D,0,0.2908727949234645,0.6092361008550506,0.75,0.48588218976888037
252,0,X,Y,J,0,0.42365173132660705,0.6250304332368711,0.4963724954719763,0.47251269505748655
252,1,Y,Y,J,1,0.4725405668454519,0.6215751145249636,0.5565719731998248,0.44722554240242496
252,2,Y,X,D,0,0.5407891829006729,0.5823509832033718,0.5311225665034678,0.4448879870548438
252,3,Y,Y,J,1,0.5470417301632169,0.6394943926150836,0.5119404013647925,0.4346460973038912
252,4,Y,Y,J,0,0.538938728959973,0.631826366275162,0.5112529503237706,0.423947250649536
252,5,Y,Y,J,1,0.542671612521848,0.6145039164500427,0.47397479772155443,0.46572315999628083
252,6,Y,Y,J,0,0.5563392922967253,0.6113462682631825,0.4643842999419539,0.4348986389528162
252,7,Y,Y,J,0,0.5977771499688245,0.6354557701766004,0.46526904246849776,0.4436638723066058
252,8,Y,X,D,1,0.5681978389191459,0.6498726855833038,0.4954044338755885,0.45722621061690794
252,9,Y,Y,J,1,0.5749004005231002,0.665223727561358,0.5176768797397721,0.47909036814895073
252,10,Y,Y,J,1,0.567618330458294,0.697076598759832,0.5000109220613608,0.4739929689233748
252,11,Y,Y,J,0,0.5609273071477588,0.7085708323379466,0.45205524324781166,0.490458380207282
252,12,Y,Y,J,1,0.5178012693794916,0.7143294247061415,0.45336324642093073,0.4726325730676895
252,13,Y,Y,J,1,0.5453883840762377,0.7216460957146227,0.46906864473321663,0.4392305344317372
252,14,Y,Y,J,1,0.5268418795600525,0.7264419569940911,0.4449035692258056,0.44858937548304134
252,15,Y,Y,J,1,0.5271515272493512,0.75,0.460869078155477,0.4464285172009505
252,16,Y,Y,J,1,0.5319412794388864,0.75,0.45817594815758844,0.42529821051989614
252,17,Y,Y,J,1,0.541922948494198,0.7315162804202352,0.494897908922661,0.4296129388509137
252,18,Y,Y,J,1,0.5613290856100447,0.7410029609808969,0.4705536306525347,0.47430799061124096
252,19,Y,X,D,0,0.48301652721993477,0.738682231967304,0.47239902016223084,0.5026807355989628
253,0,X,Y,J,0,0.6958772078098419,0.4300357230948793,0.6836208614162451,0.46059184854841845
253,1,Y,Y,J,1,0.7050421480988268,0.43419112687887423,0.6894084017135974,0.39186316571151325
253,2,Y,X,D,0,0.7212780144321301,0.42342743844210673,0.734155099418301,0.36861908693566536
253,3,Y,X,D,1,0.7436237439511433,0.4795797187429324,0.75,0.36542919313916067
253,4,Y,Y,J,0,0.7122629127880322,0.4739336169267367,0.7273167842331235,0.4006431784620862
253,5,Y,Y,J,1,0.7100902626758344,0.451846035345232,0.7470713960893873,0.3877309585467077
253,6,Y,Y,J,1,0.6939910181089671,0.4648157271806113,0.7369711823684115,0.39074293171533064
253,7,Y,Y,J,1,0.6690153566866214,0.45387186696434445,0.6731862759853022,0.3963622841231047
253,8,Y,X,D,1,0.6596810811080372,0.46577798004487203,0.7164718632578585,0.4308377479586368
253,9,Y,Y,J,0,0.7041387963627359,0.4669086163236756,0.7367915621849859,0.40741461154932773
253,10,Y,Y,J,1,0.7016296836521932,0.44278168780159394,0.6980345981518403,0.4019122866458083
253,11,Y,X,D,0,0.6702189790437757,0.45358486247890356,0.6871702030067068,0.42296479259134073
253,12,Y,Y,J,1,0.6961826844878294,0.46533955331838356,0.7042415477941049,0.42933842938474676
253,13,Y,Y,J,1,0.7223876183180771,0.495337598332537,0.7252399915678179,0.4334863741408692
253,14,Y,X,D,1,0.75,0.46515122619750676,0.7234600455516006,0.4573967293090949
253,15,Y,Y,J,1,0.7463244372060936,0.46214559669760696,0.7292002530109528,0.4594572424768256
253,16,Y,Y,J,1,0.7042460065339892,0.4707179108695478,0.7314578177974937,0.45165986347224596
253,17,Y,Y,J,1,0.6398030739403201,0.4813744386076122,0.75,0.4368139173418204
253,18,Y,X,D,0,0.6936211414319998,0.48567802781804975,0.75,0.4719849506705351
253,19,Y,Y,J,0,0.692207602697772,0.47420151654734904,0.75,0.4429496902406579
254,0,X,Y,J,0,0.6391606016665083,0.48932003591160744,0.4809841936071652,0.3726966907051515
254,1,Y,Y,J,0,0.7017691886311782,0.48730749879393037,0.4659095836324032,0.3676299237644433
254,2,X,X,D,0,0.6991907382432123,0.4771109874113525,0.45517870854324377,0.34571878194051175
254,3,X,X,D,1,0.75,0.48602421683288116,0.48099980094366007,0.32646466742133123
254,4,X,Y,J,1,0.7193778355368562,0.48264348609366264,0.4896569919628849,0.42408338282496316
254,5,X,X,D,1,0.75,0.4861202565091595,0.4929642695478932,0.4263976107386325
254,6,X,X,D,1,0.75,0.49031050005917975,0.4587107158383763,0.4125164321034962
254,7,X,X,D,0,0.7212150743052816,0.5326266686676928,0.42348800903536554,0.4554509529030937
254,8,X,X,D,1,0.6849086191011181,0.5359759001050397,0.4133537914718557,0.42698128356648885
254,9,X,X,D,1,0.7267459039127919,0.5175146643975135,0.38366428129170366,0.45419687273145387
254,10,X,Y,J,0,0.7463015706418893,0.48214368665796037,0.40801304727509224,0.4624056477224972
254,11,X,Y,J,0,0.7490750917332244,0.49264628721097303,0.37251586017627764,0.4902859578231924
254,12,X,Y,J,1,0.75,0.5088541989269735,0.40234406995551375,0.47123935891800117
254,13,X,X,D,1,0.75,0.4805045113066989,0.37080049003780086,0.45126102295139725
254,14,X,X,D,1,0.7194614584331092,0.5082432789663925,0.3949629209179045,0.4737379836107482
254,15,X,X,D,1,0.7039941587746629,0.46134061222290657,0.39118942784582356,0.45561528425163045
254,16,X,Y,J,1,0.7001885599962338,0.4934717627890681,0.394250787836807,0.4586437176918816
254,17,X,X,D,1,0.6377502513125303,0.4931308878046848,0.37961323111719203,0.46395347140140586
254,18,X,X,D,1,0.622802247017458,0.48241645816944845,0.380896522509966,0.4535974515342646
254,19,X,X,D,0,0.6102481221040529,0.45634459413406286,0.3949326119093167,0.4589882039181228
255,0,X,Y,J,1,0.3078986989333244,0.29174058973961603,0.5025218098760562,0.7057307036293263
255,1,Y,Y,J,1,0.3385967152145726,0.2744525087529965,0.5364409940677418,0.75
255,2,X,X,D,0,0.3699204694006435,0.2715814660260212,0.5401318185683978,0.7421888158183766
255,3,X,X,D,0,0.3633944150984427,0.25,0.5722676908278719,0.75
255,4,Y,Y,J,0,0.36838363787766076,0.2567478287473586,0.5574537484528571,0.75
255,5,X,X,D,1,0.3815184160949622,0.2702758015319329,0.5708278453250276,0.75
255,6,X,Y,J,1,0.37376935288491314,0.2777125938151826,0.5911886990888566,0.733475381097014
255,7,X,Y,J,1,0.3713712964611671,0.28039813432184774,0.592822202787099,0.75
255,8,X,X,D,0,0.33310778100043364,0.30539580195219823,0.5546171079426957,0.75
255,9,X,X,D,0,0.37324186628861994,0.26595317115117684,0.544383625312741,0.7392158702788617
255,10,X,X,D,0,0.3328165275251285,0.2773049103602471,0.5457922250018171,0.7074807955974375
255,11,X,X,D,0,0.3087337378959081,0.25,0.5221325845999789,0.7089941433538902
255,12,X,X,D,1,0.2723141666070448,0.26195247727859533,0.4905393072763652,0.6778010014472949
255,13,X,X,D,1,0.25986712982242477,0.2631381151252252,0.4876883052218376,0.6372805255420045
255,14,X,X,D,0,0.25,0.25,0.4863719543438167,0.6517538829085084
255,15,X,X,D,1,0.2699174589517374,0.25,0.5004909292831575,0.6623529771560877
255,16,X,X,D,1,0.25537212346632215,0.26347574338168456,0.5049749122079592,0.6592764824943772
255,17,X,X,D,0,0.25,0.25,0.5279572243114813,0.6526568263104484
255,18,X,X,D,0,0.25,0.2528323187090553,0.5315500067110862,0.6659935944393125
255,19,X,X,D,0,0.25,0.25,0.5604157322527763,0.7001009283477012
256,0,X,X,D,0,0.4059799266705818,0.26239909462184785,0.655816667391153,0.27173412963317145
256,1,Y,Y,J,0,0.40946361152390753,0.27636749206934313,0.6445338791724878,0.3032991043842598
256,2,X,Y,J,1,0.3829518646942285,0.25,0.6754499512269547,0.2561998757262276
256,3,X,X,D,0,0.3839279211694209,0.25,0.6654305005867328,0.2579997301081467
256,4,X,X,D,0,0.38072010788100363,0.25,0.7228990640146499,0.25
256,5,X,Y,J,1,0.37932459876738805,0.25,0.6825629117123868,0.2521068489686809
256,6,X,Y,J,1,0.3743562814528619,0.2582984676943775,0.7007245150681276,0.2648471232941566
256,7,X,X,D,0,0.3795346140034726,0.2854718611490206,0.7220587869138161,0.26529147976355927
256,8,X,X,D,0,0.4025421732299506,0.2702954445072948,0.7411031796314277,0.2847483120783344
256,9,X,X,D,1,0.4408378727752159,0.2761254275699839,0.75,0.28558695075532475
256,10,X,X,D,1,0.461308911171514,0.28319516084417373,0.6966210345226355,0.25791147951875615
256,11,X,X,D,1,0.4171249725853605,0.3004546680331156,0.6484086039637211,0.25
256,12,X,X,D,0,0.452101517473856,0.32427767732752527,0.6153418945265908,0.2736270329099484
256,13,X,X,D,1,0.45862285106027045,0.2917574951586996,0.6177584158116195,0.2826005738173042
256,14,X,X,D,0,0.4165595206272667,0.3059858792653222,0.5802539236658262,0.27632584717305875
256,15,X,X,D,0,0.3959018074429178,0.3119804617855143,0.5805569510576152,0.34142757683122765
256,16,X,Y,J,1,0.3759486220648707,0.30104365002018973,0.5767856083345949,0.3642411633720566
256,17,X,X,D,1,0.35873293865426903,0.3067002733262806,0.5339327988534379,0.3845139331233129
256,18,X,X,D,1,0.37850280460596286,0.25347925525298537,0.4921771416596307,0.4276919068637431
256,19,X,X,D,1,0.3688491583972865,0.2703411064844082,0.48652587038346023,0.44352825079987523
257,0,X,X,D,1,0.6050956033883552,0.5359607210914485,0.40031675608528594,0.4814389061892604
257,1,Y,X,D,0,0.5920064843991056,0.5391439519217048,0.4299609389292608,0.45128833458251205
257,2,X,X,D,1,0.5596119889692432,0.5071125866567473,0.4620024074991101,0.48188225950579533
257,3,X,Y,J,1,0.49938951139484955,0.48245995316424095,0.4972459299016037,0.47658292568703137
257,4,X,X,D,1,0.45934353340905104,0.4266403944329685,0.503637728537928,0.4285495619276712
257,5,X,X,D,1,0.45061793899579766,0.3952631050898206,0.4810285931119595,0.4251732709695636
257,6,X,X,D,0,0.48598179715096435,0.3761923018378932,0.46522748972137756,0.44319962900526744
257,7,X,X,D,0,0.48135201388581633,0.4097601121309128,0.4726354641422498,0.4412431475404535
257,8,X,X,D,1,0.5429526611805943,0.3900204085337896,0.4837012974339028,0.4165582620553018
257,9,X,X,D,0,0.5364208304443503,0.38927936463716606,0.5030290024965008,0.4175588878756387
257,10,X,Y,J,0,0.5546307353842448,0.443029823966897,0.525907728937958,0.4102944535232601
257,11,X,X,D,1,0.6019876124940036,0.4728588155573565,0.5691995316257346,0.37134537758222824
257,12,X,X,D,0,0.6427530147298246,0.4591766152347922,0.5580875189535498,0.356195365977597
257,13,X,X,D,1,0.6177104563268764,0.4749763722570188,0.5408676959377521,0.34565494572724637
257,14,X,X,D,1,0.629975490449644,0.48754322771233843,0.5714361882911707,0.32820372847254353
257,15,X,X,D,1,0.6155322519357598,0.4628628254372882,0.5376337045238423,0.3345859326144654
257,16,X,X,D,1,0.5597165138218807,0.4101230786090886,0.5134316418974244,0.35531849143290567
257,17,X,X,D,0,0.598817304425728,0.418830639328634,0.5158041359165159,0.3866311365030911
257,18,X,X,D,1,0.6102358144789839,0.38094537637212894,0.48737281715091607,0.3652759489163835
257,19,X,X,D,0,0.6227794046160133,0.3715230261063294,0.503394474058526,0.3910317160309347
258,0,X,X,D,0,0.572664997033081,0.314812010352339,0.5572056531343261,0.7356934396760046
258,1,Y,X,F,1,0.5791661073141222,0.34955463784842195,0.5491410469181558,0.75
258,2,Y,Y,J,1,0.5811519662869046,0.31725860703005837,0.5201603029140455,0.75
258,3,Y,X,F,0,0.5771995484156064,0.30229135303248694,0.5366356974613348,0.75
258,4,Y,Y,J,1,0.5600108133400279,0.2735329536507846,0.5121131318658999,0.7314223294327831
258,5,Y,X,F,1,0.5303180293546654,0.27001614703240057,0.5331733282186518,0.75
258,6,Y,Y,J,1,0.5314059890403608,0.25,0.5364066012674008,0.75
258,7,Y,Y,J,1,0.5229627297356235,0.2723358787869539,0.5241294369502044,0.7158123945660263
258,8,Y,Y,J,1,0.5469162929108212,0.28910297835010557,0.5436209854324716,0.6784275023682402
258,9,Y,Y,J,1,0.5701375147864108,0.2973070305686302,0.4837980424991295,0.6398066195183906
258,10,Y,X,F,1,0.5828943704126196,0.32382631819463653,0.4753000234813263,0.6334322682350567
258,11,Y,Y,J,0,0.5948037540424246,0.32127824610401656,0.49131964765426067,0.6365166469131103
258,12,Y,Y,J,0,0.5541936225140025,0.3303591688266083,0.49216283711398257,0.6215574566863057
258,13,Y,Y,J,1,0.5780666188650911,0.3018556632648186,0.5054726436894372,0.624300761569211
258,14,Y,Y,J,1,0.5947461964429454,0.25046550878866924,0.47433677157639204,0.6350932338835348
258,15,Y,Y,J,1,0.5643945371524525,0.2559148711169726,0.4367654124352599,0.6358003532963855
258,16,Y,Y,J,1,0.5175590779223503,0.25,0.3962817035618594,0.6704850684372448
258,17,Y,Y,J,0,0.5023128922328486,0.25,0.37865731159491667,0.6968740035998999
258,18,Y,Y,J,1,0.5101360117242445,0.2786399317670212,0.37953609826068063,0.703834126137057
258,19,Y,Y,J,0,0.5067916268701584,0.25,0.4118259568139653,0.6931167016742315
259,0,X,Y,J,0,0.6779745683502154,0.5068637611487377,0.7258779642809016,0.25662361313536
259,1,Y,X,D,1,0.6571383908050257,0.49276137993070457,0.7190035294098873,0.25
259,2,X,Y,J,1,0.6660938707354421,0.5034234747926951,0.6938726793385104,0.25
259,3,X,X,D,1,0.6160949197980157,0.45428141612057127,0.6950449000976904,0.25855030280587593
259,4,X,Y,J,1,0.6377058551919101,0.4302958691709747,0.670730982945638,0.25
259,5,X,X,D,1,0.5907157727087523,0.430872546685197,0.688554280655327,0.28250563655712607
259,6,X,X,D,0,0.577604343596761,0.43750074516575843,0.7281379042982401,0.2706804659652752
259,7,X,X,D,1,0.5388710591420501,0.41811353348754454,0.739767762602578,0.25
259,8,X,X,D,1,0.5732182941769941,0.39932341894788337,0.75,0.25
259,9,X,X,D,1,0.582737394354022,0.40617656112130446,0.75,0.308625826045963
259,10,X,X,D,1,0.5878205097387252,0.39940208709746844,0.75,0.2929285098623256
259,11,X,X,D,1,0.5630060254037567,0.39570639508994704,0.75,0.31463320410183737
259,12,X,X,D,1,0.5821823615508941,0.38227688600288035,0.75,0.30728545726434636
259,13,X,X,D,1,0.588185698513552,0.39548417376089967,0.75,0.29342038660984876
259,14,X,X,D,0,0.559669198523341,0.393113228970333,0.75,0.26291769422452804
259,15,X,X,D,0,0.5450311394542648,0.41250481974864533,0.75,0.25
259,16,X,X,D,0,0.5510935690966214,0.3871654727468549,0.75,0.25
259,17,X,X,D,0,0.540150044532955,0.42257178829510633,0.7426329568470169,0.25
259,18,X,X,D,1,0.5591013437970154,0.434162854541007,0.75,0.2554764224700161
259,19,X,X,D,0,0.5739308895463376,0.40481024453289893,0.75,0.25
260,0,X,Y,J,1,0.3485669283901012,0.39044065929263827,0.4322153378840177,0.7244797763491657
260,1,Y,Y,J,0,0.37007991381307326,0.396932592397539,0.43003906266913433,0.7218801594761164
260,2,X,X,D,0,0.3466285816585401,0.44243799617688817,0.432044275026536,0.7285100341269932
260,3,X,X,D,1,0.34339744386389853,0.4331215890005069,0.443363721353289,0.75
260,4,X,Y,J,0,0.36847051780525175,0.4473486537180141,0.4890369881331168,0.7194073012738131
260,5,X,X,D,0,0.3578210612639499,0.4399837064932375,0.5016087567113671,0.6966054202754616
260,6,X,X,D,1,0.330568545008647,0.4338726773195798,0.4966501612622654,0.7133792368108539
260,7,X,Y,J,1,0.32936233016463523,0.4103615231508641,0.5300085983635464,0.6880402843311968
260,8,X,X,D,0,0.30164710079282087,0.4384439960430218,0.5064253115996417,0.7235339482863405
260,9,X,X,D,1,0.3296831784823188,0.41941144884539755,0.5413767799919649,0.6999797714560583
260,10,X,X,D,0,0.34096779899662083,0.36485492107098155,0.5294582996035103,0.684574219952996
260,11,X,Y,J,0,0.3497702516863718,0.4043152204064314,0.5221358221153467,0.6817820315817549
260,12,X,X,D,0,0.31835016821338485,0.44258025544787083,0.5619868829169283,0.7245163360943887
260,13,X,Y,J,1,0.34634527060197995,0.45887979039607657,0.5384482509377859,0.75
260,14,X,X,D,1,0.3598804785528949,0.4475968631540156,0.5436723266973674,0.75
260,15,X,X,D,1,0.36345083877035483,0.42860366130394756,0.5295474239152544,0.7497913465558345
260,16,X,X,D,0,0.318974056896294,0.459209075734217,0.5195900614196032,0.75
260,17,X,X,D,1,0.3098915047640499,0.4504823222886834,0.5189472270387004,0.75
260,18,X,X,D,0,0.34444419355456685,0.46517059221284046,0.5187701511555358,0.7295164351683671
260,19,X,X,D,1,0.3483835145662196,0.43872190231205693,0.5287179350706728,0.7314675275648057
261,0,X,Y,J,0,0.49842045165174576,0.3960915853505381,0.57745221877841,0.35165467479584495
261,1,Y,Y,J,1,0.48722195050839096,0.4464426993859504,0.5400090623332402,0.3614198938028959
261,2,Y,Y,J,1,0.5215056693461593,0.4454849994768595,0.535741965694,0.36379498309082037
261,3,Y,Y,J,0,0.49474972632567116,0.40526249755382027,0.5175193329475428,0.3420465170653025
261,4,Y,Y,J,1,0.556176024044017,0.36076574210201195,0.5499952348609568,0.3440190107375451
261,5,Y,Y,J,1,0.5289423059912968,0.37732021543665073,0.5662423040340351,0.37183100856535867
261,6,Y,X,D,0,0.5142787974144382,0.38667575514137553,0.5690831378805429,0.3285201751754072
261,7,Y,Y,J,0,0.5489000049222325,0.37257763379309405,0.6182801322200673,0.3293576000791961
261,8,Y,Y,J,1,0.5520945165001101,0.3919989516679468,0.6153791108251223,0.36179555899516985
261,9,Y,Y,J,0,0.5794852493775933,0.38927088614609767,0.6177585063405227,0.3957405597939251
261,10,Y,Y,J,0,0.6255804029592062,0.37286562776033494,0.6163149087594247,0.4076646134039619
261,11,Y,Y,J,0,0.6360453302554189,0.38364109751662967,0.5956648212283595,0.4158185601847294
261,12,Y,Y,J,0,0.6061455506388922,0.3782849318873555,0.6328942201892,0.4044277762000957
261,13,Y,Y,J,1,0.5929866960852567,0.3612634855715942,0.6153483464107472,0.3895033551211206
261,14,Y,X,D,1,0.6056413430899529,0.3522119577087084,0.6260927080236364,0.36817778340236107
261,15,Y,X,D,0,0.6371012750073142,0.3511902598292823,0.6299481264496627,0.34811321540871204
261,16,Y,X,D,1,0.6198901224038439,0.39212109187515154,0.612573476682157,0.3631599556094175
261,17,Y,Y,J,0,0.6308789393532347,0.36248852516725966,0.5951015598772289,0.3610455958123069
261,18,Y,Y,J,1,0.6458483874544072,0.311674600511056,0.6384324926131839,0.37869877269744867
261,19,Y,Y,J,0,0.5870927018669784,0.3416260365212088,0.624633746899014,0.35587526807404196
262,0,X,Y,J,0,0.6249813964616489,0.5888768293232125,0.39730022942691484,0.4872444922556235
262,1,Y,Y,J,1,0.6526771153446022,0.5643649515569354,0.38036669191515277,0.4882270439749524
262,2,Y,Y,J,1,0.6436382719239667,0.5721280881049413,0.3510606345582387,0.4513670094923007
262,3,Y,Y,J,0,0.6440907674040798,0.5857126207967035,0.34099098886136625,0.4586367772927812
262,4,Y,Y,J,1,0.6651737209396932,0.5773768697337166,0.3446687044974925,0.45554489843834634
262,5,Y,Y,J,0,0.6794629332240467,0.5920580650269422,0.33761003498225234,0.4762425948125861
262,6,Y,Y,J,1,0.6592536430735306,0.5620685422951036,0.3297370110003454,0.43805367334397693
262,7,Y,Y,J,1,0.6737607305345704,0.5565874115504321,0.3108091501283528,0.4765639953858746
262,8,Y,X,D,1,0.6675797987842547,0.5466594050542045,0.3415617983216693,0.4174495010487789
262,9,Y,Y,J,0,0.6624609314101817,0.5422263428672682,0.3512211313183199,0.39947711851998147
262,10,Y,Y,J,1,0.6282007278564172,0.5575335076693844,0.337332554207425,0.3667066342426028
262,11,Y,X,D,0,0.6620643673011631,0.522072617357412,0.2848489528446627,0.3488093387088736
262,12,Y,X,D,1,0.6884985425247196,0.5267584151926412,0.25,0.3325643555770154
262,13,X,X,D,0,0.7029185464651442,0.5305111753929834,0.2644915688549425,0.33558126122677756
262,14,X,X,D,0,0.7055735742402175,0.5574371719448329,0.3471118635451007,0.3407578019050077
262,15,X,Y,J,0,0.687074774852102,0.5482823337841459,0.36441946811921533,0.3553288637972552
262,16,Y,X,D,1,0.6929410427637289,0.5643656929063811,0.3324048633946925,0.3747635389718262
262,17,X,X,D,1,0.658163068940561,0.5482331049601488,0.33823162429143394,0.39804995594805287
262,18,X,X,D,1,0.6693877244450004,0.5587995153212404,0.350721689569617,0.3666368583964816
262,19,X,X,D,1,0.6824673374848709,0.5646633177278062,0.3482470748166985,0.4034231363401988
263,0,X,X,D,1,0.34555849348049045,0.2752640444242907,0.6697313837974719,0.5414353735259919
263,1,Y,Y,J,0,0.34748301982879015,0.25,0.6264925178430275,0.5123766189495281
263,2,X,X,D,1,0.354296023691443,0.2661021715961965,0.6149758546636105,0.4970691275323607
263,3,X,Y,J,1,0.36175788285918237,0.25,0.590311289240879,0.49432453503468554
263,4,X,Y,J,1,0.3432063840469424,0.26216662684905256,0.5871125848516393,0.4741596809855712
263,5,X,X,D,0,0.34004707132753165,0.26011036594126113,0.5907528658155026,0.40149344875329085
263,6,X,X,D,0,0.3334335433999644,0.26879715311838515,0.5285561282415387,0.3991092915278308
263,7,X,Y,J,0,0.346055351285161,0.25,0.5173929866418016,0.37943813402689075
263,8,X,Y,J,1,0.3450296934564581,0.26682326864700173,0.5250083615123416,0.32945235022716957
263,9,X,X,D,0,0.35903722444526376,0.25,0.5120314434705759,0.31623826111302483
263,10,X,X,D,0,0.35228836481003845,0.25,0.48938585746974944,0.3169299542744558
263,11,X,Y,J,0,0.3881201591084628,0.25941900657404116,0.45495187774651547,0.3059793614510753
263,12,X,X,D,1,0.388163650532084,0.2807286718625363,0.4458356385307324,0.35056230119284065
263,13,X,X,D,0,0.3256562950947052,0.2536647099888932,0.46359856712939024,0.3091422252614256
263,14,X,X,D,0,0.3255265689500777,0.26565172086662,0.4737436969816352,0.3330849578826913
263,15,X,Y,J,1,0.3455576278299343,0.2686593388330037,0.470007525678629,0.31352287316373517
263,16,X,X,D,0,0.37313667060017913,0.28944525412104744,0.44654757024847225,0.33575853262845295
263,17,X,X,D,1,0.37789711652108277,0.27762705421542516,0.3947348780417007,0.33962154844413245
263,18,X,X,D,0,0.41229501829544124,0.267427302855767,0.38203500970227244,0.34671437403212646
263,19,X,Y,J,0,0.3991461940609627,0.2944925680156308,0.39463593506990874,0.3531740089361016
264,0,X,X,D,0,0.36192909802076473,0.5246260297115752,0.5743697028213135,0.3514697610666798
264,1,Y,Y,J,1,0.3823885186183386,0.534799301166943,0.5545351891433211,0.3295999205035667
264,2,Y,Y,J,0,0.40016269957861905,0.5138417579071811,0.5222442629891245,0.3286577728637758
264,3,Y,Y,J,0,0.4179453872225588,0.5455424795836448,0.5379335894984517,0.3151326480432748
264,4,X,X,D,1,0.4326354447259462,0.5625642668595114,0.5259177704363327,0.32816016334048853
264,5,X,X,D,1,0.4775633188855079,0.5597787035400538,0.5260702683605158,0.2980993395974317
264,6,X,Y,J,0,0.4392056244598415,0.5759098008277443,0.5002304418826875,0.2664446857419777
264,7,X,X,D,0,0.4219946413100175,0.6209789249870487,0.45797854857883935,0.25764782334780156
264,8,X,X,D,0,0.3983182655415584,0.6323675714989623,0.44661133923806534,0.25212940359271213
264,9,X,Y,J,1,0.4175790380952841,0.607287498716672,0.44314366650388326,0.25
264,10,X,X,D,0,0.4192880819311813,0.684179654440634,0.4887372197770323,0.25
264,11,X,X,D,1,0.4528003445129779,0.6785563655074855,0.46960042578132233,0.2590047649321061
264,12,X,X,D,1,0.40280239530577305,0.6324182346265307,0.48165888134769086,0.2530021326593964
264,13,X,Y,J,1,0.38205596777161155,0.6159033661098319,0.47493643212382886,0.25065833966968215
264,14,X,X,D,0,0.3927224111796381,0.6086032730630205,0.45367243848515487,0.2636672075035918
264,15,X,X,D,1,0.3574467551050797,0.5671194904720256,0.4553802193289402,0.28194900761094244
264,16,X,Y,J,1,0.3503503863661218,0.5558281297308408,0.4731236668020501,0.28985457282514093
264,17,X,X,D,1,0.37640302095807265,0.531265669439471,0.5269342016407546,0.3094987314550124
264,18,X,X,D,1,0.38476884414342305,0.5459533686673318,0.4983579444021855,0.2973105654587937
264,19,X,Y,J,1,0.41352372148227323,0.5555678527154189,0.4942715099100524,0.30577081076155804
265,0,X,X,D,1,0.26406541794361676,0.6926304734308624,0.6162589193702759,0.2666714629781658
265,1,Y,X,D,1,0.27531803868696036,0.6988296082059791,0.6061410774006741,0.2821440904968625
265,2,X,Y,J,1,0.30059332858185506,0.7108254950057921,0.5747027036423433,0.29924081329052055
265,3,X,Y,J,1,0.2996610400470284,0.6740911052919971,0.5708493045039111,0.33320670556288157
265,4,X,Y,J,0,0.2877865123698789,0.6506483387061923,0.5535347265385707,0.32851689399351935
265,5,X,X,D,0,0.29554747840020407,0.6445970600272001,0.5756418474858711,0.3636781724940517
265,6,X,Y,J,0,0.29134357995242793,0.6521180428388506,0.5857686748224796,0.32633661178305623
265,7,X,X,D,0,0.3219957205705065,0.6760502890090954,0.5821301409857643,0.34652407183267114
265,8,X,X,D,0,0.3401552748091058,0.6665583721491485,0.583949022522392,0.34826423751025803
265,9,X,Y,J,0,0.3214775921522284,0.6708153851682367,0.5858610571446148,0.3501729327016682
265,10,X,X,D,0,0.34649289847022996,0.6525576427504496,0.599377080062923,0.33312335570772555
265,11,X,Y,J,0,0.3624380346446666,0.654379984214895,0.6026647820631033,0.3350317482243248
265,12,X,X,D,0,0.37841426174880527,0.6473784892143671,0.6160627623552457,0.3640585179561452
265,13,X,X,D,0,0.4019517846205185,0.6348068546917339,0.641869141781434,0.35577864119244323
265,14,X,X,D,0,0.43170705424170985,0.6461419359079398,0.5960799527737433,0.3619402869757794
265,15,X,Y,J,0,0.43328466553690426,0.687695255996367,0.5892700676281596,0.35442101309697666
265,16,X,X,D,1,0.43042940573917143,0.6756582532273103,0.5656585405356921,0.36662700818868993
265,17,X,X,D,0,0.4238469053361364,0.6946452752534388,0.5795234230545443,0.37023767479963854
265,18,X,X,D,0,0.40904640005177173,0.7151957684436494,0.5768966569059423,0.39584257623418295
265,19,X,X,D,0,0.44346650824790274,0.6966943583366487,0.6112519301636195,0.35245367310671
266,0,X,X,D,0,0.29550147395482085,0.5680511931940337,0.7133524266044944,0.4390279688742935
266,1,Y,X,F,0,0.3000420632779919,0.6091190364040111,0.7457226969928148,0.44536297732230523
266,2,X,Y,J,1,0.3466094806330356,0.5724209688049295,0.75,0.42431951666089857
266,3,X,Y,J,1,0.41685253606123884,0.559498894505387,0.75,0.425092357427756
266,4,X,X,D,0,0.4455672571095845,0.5322851285587581,0.75,0.43078471754072617
266,5,X,X,D,1,0.4637456190964302,0.4821974487691808,0.75,0.44159987811471096
266,6,X,Y,J,1,0.4808957364854955,0.4919569549158916,0.7392323668487434,0.4333574863771556
266,7,X,X,D,1,0.46723491410181806,0.5369331557149942,0.7318277363194362,0.40611832146143656
266,8,X,X,D,1,0.4697137221732719,0.5115824682735854,0.7023843943221866,0.46269923841763916
266,9,X,Y,J,1,0.4584883169001354,0.5169523000419132,0.7054169663574359,0.48417755524579553
266,10,X,X,D,1,0.48029276407024635,0.4861102615751826,0.6756504050466919,0.48430957440835287
266,11,X,X,D,1,0.47291075530481397,0.48842148160219967,0.6630605692408765,0.47504690039925446
266,12,X,X,D,1,0.47964577113178153,0.5194997008655162,0.6328445974751613,0.453144923145267
266,13,X,Y,J,1,0.44458545456443954,0.5429517810404502,0.6375141890635737,0.4642026636498322
266,14,X,Y,J,0,0.45845703739988986,0.5781517579021913,0.5941607078088893,0.4529631829962441
266,15,X,X,D,1,0.4521956372728993,0.5933828433133518,0.5914149256371294,0.45712738696497934
266,16,X,Y,J,0,0.4193752532747199,0.6172725244491447,0.6187096170899445,0.4165727869310784
266,17,X,X,D,1,0.46656837370519766,0.6348534785551718,0.5934115376574671,0.4223626913088546
266,18,X,Y,J,1,0.5004831862478102,0.6860760374834898,0.5925315554233392,0.4428785734333612
266,19,X,X,D,1,0.5225364814850212,0.7211784261733498,0.5990784612867428,0.46943977066367754
267,0,X,X,D,0,0.38371343612462205,0.6941294483080878,0.351517952741407,0.5570704138434709
267,1,Y,X,F,0,0.4021584955287508,0.6935054167029856,0.37386696791207474,0.5679045495968681
267,2,X,Y,J,1,0.39185188231295376,0.6807419915926932,0.3692263802536171,0.5707041346515955
267,3,X,X,D,0,0.3818961740994142,0.6608236478684523,0.366409119207133,0.532231792198466
267,4,Y,Y,J,1,0.37711230747917884,0.662648523371031,0.367228725365385,0.5548102659446009
267,5,X,Y,J,0,0.390651248649252,0.698608060066054,0.3844178174642207,0.5350074989624864
267,6,X,X,D,0,0.3961987288859333,0.75,0.3792976357228978,0.5504660457200466
267,7,X,Y,J,0,0.3778233669605553,0.75,0.40274276215533034,0.522780141030109
267,8,X,X,D,0,0.3699248979606033,0.75,0.40674729214224803,0.5277236957905481
267,9,X,X,D,0,0.33370726648560817,0.7084262079540914,0.4197457405514258,0.5355333145535522
267,10,X,X,D,1,0.371560973363784,0.6886703086791972,0.43837765443310384,0.536879480109086
267,11,X,X,D,0,0.3856507670535966,0.6805112724246217,0.44215894163657216,0.5466037069026339
267,12,X,X,D,1,0.4221585672669356,0.6618015240150399,0.45713064832274464,0.5963656970403057
267,13,X,X,D,0,0.41445817766931004,0.6840354855568376,0.4634621665374888,0.63889621462793
267,14,X,X,D,0,0.38958639152592806,0.685386226020804,0.40783016435233355,0.6208153707920547
267,15,X,X,D,1,0.3992562764876739,0.6740499683548883,0.39562427538840106,0.624790963777731
267,16,X,Y,J,1,0.37799851525576783,0.706617008664465,0.3792099074382528,0.6357911610800864
267,17,X,X,D,0,0.36174079956839067,0.7350264505156333,0.36542030455682156,0.6415918212934771
267,18,X,Y,J,0,0.40313153244601213,0.6970983962728142,0.3740248737673165,0.6589880199205834
267,19,X,X,D,1,0.39464025423966625,0.7071866545637029,0.3579298784177808,0.6366348345107616
268,0,X,X,D,0,0.28332904572609335,0.5493509557382223,0.543835361894444,0.3791592007896604
268,1,Y,X,F,1,0.2944627981327966,0.5604422826149508,0.5343236440680452,0.37309203679175357
268,2,Y,X,F,1,0.29328940167038886,0.5986704255406003,0.5030263251211561,0.38990946389762676
268,3,Y,Y,J,0,0.3241306057182114,0.6669571519407562,0.44918722005534734,0.37919555629438206
268,4,X,X,F,1,0.3264334342401846,0.6652691463344618,0.47576475886982433,0.391519328378932
268,5,X,Y,J,1,0.2745174317200693,0.6491254274737758,0.5082678152647326,0.3623656280543003
268,6,X,X,F,1,0.31254327486173217,0.6063903839309605,0.5056953056648608,0.3819785350236594
268,7,X,X,F,1,0.3008614662810545,0.6387714535864347,0.5081200473458208,0.40871761128930506
268,8,X,X,F,1,0.3094101507199805,0.6322652048429104,0.5163832885104757,0.39706810904085293
268,9,X,Y,J,0,0.32587627931939683,0.6394781784014324,0.5030805978637423,0.34087489580513736
268,10,X,Y,J,1,0.32748545657301276,0.6888589605610413,0.5385910577549422,0.29101376843298704
268,11,X,Y,J,0,0.3101510462012827,0.6443209286743546,0.527751408304497,0.31442940380896023
268,12,X,X,F,0,0.3113916874567518,0.6389055849864643,0.5111052306084513,0.25
268,13,X,X,F,1,0.30941970002464936,0.6227634951904762,0.5054828844160788,0.2551601956040054
268,14,X,X,F,1,0.29165639220272865,0.6492491989362037,0.4789500468457835,0.28517484266989596
268,15,X,X,F,1,0.3069814520880444,0.6609289249632746,0.4772676559437969,0.29452328378043746
268,16,X,X,F,1,0.3290417596108562,0.610766641380718,0.4804555752968815,0.2773626729247349
268,17,X,X,F,1,0.2735523508965383,0.6149178354879413,0.4701401165622203,0.3075892480093843
268,18,X,X,F,1,0.25612816122751675,0.5937235912713957,0.4656988698564545,0.3042890435764908
268,19,X,X,F,1,0.26409749017097095,0.6007568655038517,0.4717940617630296,0.29751754185325124
269,0,X,X,D,1,0.5628915944835617,0.5422416807904196,0.7059204249715874,0.2952938533652922
269,1,Y,Y,J,1,0.5285610660054934,0.574210447846321,0.7412537838341364,0.31982660731171586
269,2,X,Y,J,0,0.5179343963498906,0.568966448340053,0.75,0.37792323616615503
269,3,X,Y,J,1,0.5733880918933117,0.5401215384218875,0.7210167910818486,0.36012706634406094
269,4,X,X,D,1,0.5620222655508588,0.5681758967810233,0.6882851083071383,0.4055804604494264
269,5,X,X,D,1,0.5299137002382526,0.5676682958403161,0.7076495470567143,0.36720335301484053
269,6,X,Y,J,1,0.5093992085576378,0.5998199834337452,0.7397953908195596,0.34751448856234857
269,7,X,Y,J,0,0.5185442129400956,0.5808984571865239,0.75,0.3245301140056789
269,8,X,Y,J,1,0.5563331403037791,0.5705855714132569,0.75,0.34796967991141553
269,9,X,Y,J,0,0.5802743113393285,0.5766713047711379,0.75,0.3869898039398416
269,10,X,Y,J,1,0.5559514762376105,0.5645825255792607,0.75,0.3696660833158353
269,11,X,X,D,1,0.5052165190602683,0.5827812686859032,0.75,0.38702909572645067
269,12,X,Y,J,1,0.5357073261488408,0.5748347171827763,0.7279424832631874,0.38844796593689807
269,13,X,X,D,1,0.5581656044369597,0.5540736257054042,0.7296562854294687,0.3889822832035088
269,14,X,X,D,1,0.5706452769316193,0.5774509406235863,0.7487821999334482,0.3797106064690902
269,15,X,X,D,1,0.6282710163579742,0.5651319735498124,0.75,0.42749359626754474
269,16,X,X,D,0,0.6287230586776406,0.5338832836007013,0.7449687956484069,0.41382974252485
269,17,X,Y,J,1,0.6451195639232522,0.546801415715884,0.7335830119538999,0.4136772963707358
269,18,X,Y,J,1,0.6095350979818215,0.5414842407218069,0.6798240919916938,0.3844182063326626
269,19,X,X,D,0,0.5992261120184086,0.5636925250383762,0.6846805480192002,0.40561049386308495
270,0,X,X,D,1,0.4051871003989775,0.5088791695977332,0.3348949401799654,0.6528908550040108
270,1,Y,Y,J,0,0.39033153968098977,0.47724311961907456,0.31152504136139675,0.6498057798716548
270,2,X,Y,J,1,0.4154729803599913,0.4536748877175419,0.35250790830881035,0.6507916635954953
270,3,X,X,D,0,0.39209028078684793,0.453568120860843,0.35701683903592346,0.6554313577336759
270,4,X,X,D,1,0.4368597510379809,0.4239571533344133,0.3789280103296098,0.6572129971901887
270,5,X,X,D,0,0.43464287005987434,0.41310624496866377,0.3990864000210813,0.5941634120992726
270,6,X,X,D,1,0.45997047277920144,0.3956494545388516,0.4371718943523193,0.583116581189097
270,7,X,Y,J,0,0.4587350488921308,0.3671105226944308,0.4304284776032887,0.6049278374735185
270,8,X,X,D,1,0.40903637282175154,0.3851462995587138,0.4461538824920198,0.5822626910609894
270,9,X,X,D,0,0.3643578191472457,0.36996673794003465,0.42827975309007693,0.5780765787688579
270,10,X,X,D,0,0.39150643806568297,0.3323135419378833,0.42493212582095263,0.5757501008734276
270,11,X,X,D,0,0.38115633567299523,0.29094009544343336,0.41788780480231846,0.5711363223258442
270,12,X,X,D,0,0.3670583113200829,0.3000938980051233,0.4294676123694455,0.5739138672025911
270,13,X,X,D,1,0.3718861137177636,0.3114325400191841,0.4265908969621351,0.5845659765717649
270,14,X,Y,J,1,0.3520786192055694,0.3030864781196691,0.40716590773393946,0.572345838034262
270,15,X,X,D,1,0.3593827343959823,0.28849596351142115,0.4030732267464724,0.5300374473657267
270,16,X,X,D,0,0.3467223290531141,0.3087720952737719,0.3824270197753267,0.5133294814658584
270,17,X,X,D,0,0.3475573428630892,0.31968494401305186,0.3885849838161708,0.5260238394627997
270,18,X,Y,J,0,0.3203098728054823,0.3028716534268259,0.36020128134549045,0.5592282521994445
270,19,X,X,D,1,0.3199829465875458,0.3170979495164294,0.3822447368191238,0.5595076285949933
271,0,X,X,D,0,0.31429058059261245,0.7032955764886787,0.7263065350198974,0.3091717617312185
271,1,Y,X,F,1,0.2934178736554515,0.6939718628308658,0.7320632500522366,0.30581274985266105
271,2,Y,X,F,0,0.2848494519748275,0.6854841758028356,0.75,0.26893418298001337
271,3,Y,X,F,0,0.3288795750965986,0.6828845940876365,0.75,0.2918417710047988
271,4,Y,Y,J,1,0.312311543633724,0.6903259725107078,0.7447228857445861,0.30360716641754554
271,5,Y,Y,J,0,0.33145127584807227,0.7034615625271342,0.75,0.2738735758757425
271,6,X,X,F,1,0.28576460142975646,0.7184698138174116,0.73511612361731,0.2610179237350452
271,7,X,X,F,0,0.28248742093818674,0.7069470088788063,0.7218363824081127,0.2818431376897896
271,8,X,X,F,1,0.29430509161288315,0.6662620798367209,0.6875757592632445,0.3071437362902335
271,9,X,X,F,1,0.31566347402171574,0.6528270498793519,0.7273492824839896,0.29932918713196427
271,10,X,Y,J,1,0.33124494908211877,0.6844157861567334,0.7027740951743852,0.30728315097766706
271,11,X,X,F,0,0.3852807632724683,0.7449454214000991,0.6909211307564325,0.33338890048246195
271,12,X,X,F,1,0.38454523530267587,0.75,0.729190381628247,0.31828678969704793
271,13,X,Y,J,1,0.3750597028940947,0.75,0.7176400203461434,0.3174860619811465
271,14,X,X,F,0,0.38525440929146154,0.7469814818067242,0.719884697739507,0.3409573234718698
271,15,X,X,F,1,0.4048823249015858,0.75,0.6965368836619872,0.3815876493288587
271,16,X,X,F,1,0.3674456375601083,0.75,0.6651385021327342,0.4394887222868473
271,17,X,X,F,0,0.38680770407145354,0.7298771376980999,0.6474734655902449,0.47742517001635726
271,18,X,X,F,1,0.4064064790395077,0.7245144249337968,0.6358270366624259,0.4441107333645772
271,19,X,Y,J,1,0.4225083429747688,0.7192814411103401,0.6336534384158634,0.46957999543068707
272,0,X,X,D,1,0.6801338000085428,0.46572551778527166,0.6823949532630318,0.5937376645252483
272,1,Y,X,D,1,0.6740086430047966,0.4375294729754967,0.7258492614783295,0.6000930273070819
272,2,X,X,D,0,0.68154534241276,0.4643807679721654,0.7165367883527571,0.5972041102605665
272,3,X,X,D,1,0.7167959320761101,0.4269582292664841,0.75,0.5856808435676909
272,4,X,Y,J,0,0.7220535406187045,0.42968514266758806,0.75,0.5930010785917526
272,5,X,Y,J,0,0.736852695785585,0.46136885812948353,0.7362664634828726,0.5326248665321492
272,6,X,X,D,0,0.7337435143082279,0.48424333971818107,0.75,0.5353733642790818
272,7,X,X,D,1,0.7146833274786054,0.48900304139028633,0.7472831918569754,0.5765844052300416
272,8,X,X,D,0,0.7114135648482725,0.4847574949935755,0.7447291305167871,0.6192281742734169
272,9,X,X,D,1,0.7425881372184296,0.4871755137543166,0.75,0.6353331045778708
272,10,X,X,D,0,0.7207852905726717,0.479453080090965,0.75,0.6110499960247784
272,11,X,Y,J,1,0.6991578808509449,0.49095175235360616,0.75,0.6216381907311976
272,12,X,X,D,0,0.681512859396912,0.4752335240292639,0.7239285338260615,0.6104974449366607
272,13,X,Y,J,1,0.6613212550501875,0.4599957239900462,0.7215138751853287,0.6745242318355021
272,14,X,X,D,0,0.6326705317913106,0.43494674696120783,0.6926781764648671,0.6622555833205006
272,15,X,Y,J,1,0.6008129569748972,0.4032126890036114,0.6875092677978918,0.653155704780988
272,16,X,X,D,0,0.5580554262303503,0.3937020266724162,0.6684130349224128,0.6259432416765716
272,17,X,X,D,0,0.5520574500419761,0.375017716188444,0.6624972740743725,0.6194031892460411
272,18,X,X,D,1,0.5430984578778274,0.35012933287308656,0.6353683988801024,0.6279412355183868
272,19,X,X,D,1,0.5435358637327984,0.3354988194703659,0.6436517122899145,0.6203659693373832
273,0,X,Y,J,0,0.3457007777370846,0.5082246902171551,0.4315665021460094,0.25355695164274483
273,1,Y,Y,J,0,0.3388993239592806,0.5253278046024542,0.4724949271388592,0.25
273,2,X,Y,J,1,0.30668253818227,0.505451575517236,0.5353664912477124,0.27591887960671246
273,3,X,Y,J,0,0.29291386910084005,0.4903733148376388,0.5679499660357933,0.27738111353724665
273,4,X,X,D,1,0.27535708263323333,0.5081493594309121,0.6086489943462047,0.25
273,5,X,X,D,0,0.25,0.486447761860863,0.6027611762149437,0.25
273,6,X,Y,J,0,0.25,0.477854763182997,0.5900734118749634,0.25
273,7,X,X,D,0,0.2615403919407976,0.4590287950236318,0.641758750367605,0.29589330709456985
273,8,X,X,D,0,0.2646642690817968,0.43522274222711776,0.6394357702419539,0.2940990377497025
273,9,X,X,D,0,0.2640430822516203,0.4709846300818141,0.6264869053032288,0.3066160743264357
273,10,X,X,D,0,0.2502917612539332,0.4712944847944176,0.5732532385764992,0.2908169496902893
273,11,X,Y,J,1,0.2640396508555437,0.504072724110982,0.6045734219028922,0.28048269147523586
273,12,X,X,D,1,0.30819696100385535,0.456588173066957,0.5907260226239234,0.3321971795720837
273,13,X,X,D,0,0.3345623669152815,0.43471937973052516,0.5944355050448827,0.31621219578075765
273,14,X,X,D,0,0.3371426807904864,0.40847319858600895,0.594141348035581,0.3162881403343317
273,15,X,Y,J,1,0.30361763844181333,0.4077731441462892,0.611069103940918,0.34368200975064134
273,16,X,Y,J,1,0.27218577491401885,0.3659293792476921,0.6087190945392279,0.32642800442361847
273,17,X,X,D,0,0.2751798475951194,0.3658129163721432,0.5908867479224424,0.3335841382609049
273,18,X,Y,J,1,0.28354038384604935,0.37481867262738583,0.5362882719886157,0.3556715049006635
273,19,X,Y,J,1,0.25,0.37505345285239516,0.509632972809027,0.3215543631682224
274,0,X,X,D,0,0.27573824612940684,0.6875259236930205,0.4673450258628251,0.5834210768270485
274,1,Y,Y,J,1,0.3135337050118688,0.6946870206155467,0.4683250764481211,0.5965275629320367
274,2,Y,Y,J,1,0.2888372214619417,0.6820529277235784,0.450565241742652,0.5833603341612175
274,3,Y,Y,J,0,0.290329967245016,0.6617602711115935,0.4520881195299747,0.5898624798969196
274,4,Y,Y,J,0,0.32778899410981965,0.636844909852219,0.467829276132174,0.612091540194583
274,5,Y,Y,J,1,0.32534074464672297,0.5906121541909498,0.4614514996180606,0.6426395110875014
274,6,Y,Y,J,0,0.3500532446987755,0.5681717335055787,0.49910346610408307,0.6386721769028745
274,7,Y,Y,J,1,0.3334364970805094,0.5239771754366594,0.5077335702471943,0.641362518825818
274,8,Y,X,D,1,0.315023627583247,0.5244452409672823,0.4631107624160454,0.6309522658991101
274,9,Y,Y,J,1,0.2653190878883342,0.5042231513683755,0.45201738139713155,0.6674325692525754
274,10,Y,Y,J,0,0.279313861490228,0.5670503083897662,0.4567452647937457,0.6778658654402905
274,11,Y,Y,J,0,0.2780378810617577,0.5664275629754285,0.4433426033173422,0.6380164927094205
274,12,Y,Y,J,1,0.29746894851327554,0.5219916669902336,0.474275017181411,0.644353707096359
274,13,Y,Y,J,0,0.294982129913168,0.5315110169846096,0.4333573560794029,0.6115516592518225
274,14,Y,Y,J,0,0.2829541635177659,0.48559869817129997,0.407110171737106,0.6326817770234593
274,15,Y,Y,J,1,0.2758811203481906,0.5165973139178422,0.3731992315142486,0.6293937948823656
274,16,Y,X,D,0,0.2500572645712197,0.5131188347765049,0.4143721436405362,0.6122599829183791
274,17,Y,Y,J,0,0.25,0.47649822434352973,0.42648766212536804,0.5885708756886733
274,18,Y,X,D,0,0.25,0.4725689846220331,0.4389073599220999,0.5663453727430381
274,19,Y,Y,J,0,0.25,0.49309070619243883,0.43298001365799943,0.5630691462046845
275,0,X,Y,J,1,0.5551202977459939,0.2632646570387376,0.6573821590462581,0.5940426922080868
275,1,Y,Y,J,1,0.5261304682624562,0.27927926594516606,0.6468086940262847,0.5842810726512798
275,2,X,X,D,0,0.5078351415876713,0.32681421618545897,0.6147021152349069,0.5490278918999296
275,3,X,X,D,0,0.48635012637247754,0.3534576201444655,0.5566564714725062,0.546890617089559
275,4,Y,Y,J,0,0.45541138938130293,0.34821844585044875,0.5467121360314703,0.555047571530895
275,5,X,X,D,1,0.4477317748517934,0.3901980479808225,0.5245747153314888,0.47783911170757654
275,6,X,X,D,1,0.44585963144262425,0.40119132379275896,0.5317460217271847,0.47529136034405456
275,7,X,Y,J,1,0.4623531310790583,0.3783621242377205,0.5736214436068653,0.45462550909191535
275,8,X,X,D,0,0.4560489940055544,0.36149756769380476,0.6101714837305597,0.42387242508801604
275,9,X,X,D,1,0.45121887293746527,0.3302837421454959,0.616317885277241,0.4476956758930569
275,10,X,X,D,0,0.44675275277944515,0.36434888563222745,0.6194441520382683,0.44115836520363955
275,11,X,Y,J,1,0.4503188897902802,0.3557882730113809,0.5671099413824998,0.43847357964701694
275,12,X,Y,J,0,0.4895638028634371,0.37256511519473656,0.5766215599814718,0.43513323011904453
275,13,X,Y,J,0,0.47951859837070604,0.32982023569355456,0.5789313830856725,0.3930174088057138
275,14,X,X,D,1,0.49328452469898454,0.36446851437871175,0.5745596506740227,0.3712172968483864
275,15,X,X,D,0,0.4644582029482944,0.3419338009030478,0.589840806862246,0.36009421602967967
275,16,X,Y,J,1,0.4541269964460512,0.32535609562626916,0.5735884055895595,0.33705737786965684
275,17,X,X,D,0,0.4517973246725796,0.34164489620529237,0.5560514761540247,0.33810156156778837
275,18,X,X,D,1,0.4066358604752278,0.37071673356074814,0.5707376286388521,0.30742714192260506
275,19,X,X,D,1,0.39098189953460766,0.3659047525616333,0.5741393133344653,0.2639529603863854
276,0,X,X,D,0,0.3860298458421779,0.598961109988081,0.7335738061992836,0.6909355399394626
276,1,Y,Y,J,0,0.3784110460640155,0.594845161696776,0.75,0.7352829543340396
276,2,X,Y,J,0,0.36198295350274123,0.5705784268235767,0.7474195873888286,0.7056170805606413
276,3,X,Y,J,0,0.37641456603736956,0.610569028063641,0.75,0.7250620001301633
276,4,X,Y,J,0,0.38366149943378614,0.624424752553269,0.75,0.7202937794695028
276,5,X,X,D,0,0.37038777855845967,0.5957497887792352,0.75,0.700139599154104
276,6,X,X,D,1,0.42568086022530477,0.6362805125707995,0.6824057459216637,0.7083148402134075
276,7,X,X,D,1,0.3366830963815012,0.6488721429694189,0.6963720488920063,0.7060899709246939
276,8,X,X,D,0,0.29808405120385445,0.6418332430578984,0.6591663565906789,0.7335872981850657
276,9,X,Y,J,1,0.2988023899481307,0.6315952967336351,0.6354333770339506,0.75
276,10,X,X,D,0,0.25744925841364646,0.6320111496523542,0.615475594961163,0.75
276,11,X,X,D,0,0.2920746401117104,0.6489818186312677,0.5729192555830425,0.75
276,12,X,X,D,1,0.3360915264792427,0.6208407045649931,0.5884453011504381,0.7353302724045845
276,13,X,X,D,0,0.34404452333355606,0.6464395634680477,0.6130729837722535,0.7342114768352631
276,14,X,X,D,0,0.3453616534756684,0.6294267032896852,0.6038728714345347,0.7499520412418015
276,15,X,X,D,0,0.3384518474570171,0.6333615823212839,0.6254870869080018,0.75
276,16,X,Y,J,0,0.2819722715399154,0.6375345462197645,0.6283723794881056,0.7331771330090691
276,17,X,X,D,0,0.28797573692427775,0.6424674829446629,0.6363720589455136,0.7054319929735906
276,18,X,X,D,1,0.2973830702174894,0.67946649150692,0.6462628266912948,0.7376217411337368
276,19,X,X,D,0,0.2580886442696313,0.7043775620585695,0.6673455565526533,0.75
277,0,X,X,D,1,0.5158689495561067,0.7239983640703034,0.6035770198723805,0.3001940925899999
277,1,Y,Y,J,0,0.5282258705509261,0.691693984189182,0.6166089036537525,0.34287916216524356
277,2,X,X,D,0,0.5189202302655971,0.6672472918547284,0.6090061416514831,0.3431386739277307
277,3,X,X,D,1,0.505767555079346,0.6742714788766049,0.621063232522782,0.37699299189872076
277,4,X,X,D,1,0.4846602172792417,0.7159208327402217,0.5939796948976435,0.4055325485954499
277,5,X,X,D,1,0.503109111940804,0.6724882825875087,0.5853065796456842,0.4051234495834411
277,6,X,X,D,1,0.5060605240788834,0.6659039813088664,0.5634214848860015,0.40457178940672645
277,7,X,Y,J,1,0.531526502037104,0.6565117290680348,0.554660807786625,0.4036378199429249
277,8,X,X,D,0,0.5723597658969748,0.6413014060204832,0.5499716716444001,0.39867622615038967
277,9,X,X,D,0,0.551228640009623,0.640355399176082,0.529638778224985,0.42389101648668703
277,10,X,X,D,0,0.5533829801390597,0.6515266337883864,0.4660109117386828,0.44930129334987245
277,11,X,X,D,0,0.5662237530596772,0.6459689376951786,0.46438323877703536,0.4642662720286655
277,12,X,X,D,1,0.5717806417187546,0.6294935445305428,0.47970482511015333,0.46768338198647785
277,13,X,X,D,1,0.62187867867448,0.6256328002897906,0.45657650849854775,0.4900751226271242
277,14,X,X,D,1,0.6373236670212339,0.6451001522410913,0.45796416008811464,0.4980257894996629
277,15,X,X,D,0,0.58148880848464,0.6665553767673214,0.48329751661969383,0.5114566313696685
277,16,X,X,D,0,0.5836662011511142,0.686872051618328,0.4953738496522531,0.5118868517994754
277,17,X,Y,J,0,0.560313271290463,0.6959102372227985,0.519064162628053,0.5274993090119567
277,18,X,X,D,1,0.5550202723458467,0.7150966862646889,0.4944504972792916,0.5161364220241392
277,19,X,X,D,0,0.5493215888244141,0.735728369661572,0.5118629698344727,0.5083065695784929
278,0,X,Y,J,1,0.45150189136399765,0.2982040909674155,0.3129230406207486,0.656185035295171
278,1,Y,Y,J,1,0.442621542145935,0.3098435801806681,0.25062187388438717,0.642743723297837
278,2,X,X,D,1,0.4405688721791685,0.31305035126576347,0.2670512704384877,0.6300361726357416
278,3,X,X,D,0,0.4309614344790098,0.36354835026941607,0.2674339076857547,0.6135538927426994
278,4,X,X,D,0,0.43896742231487634,0.3621601479614229,0.2609950477230544,0.6379584744361535
278,5,X,Y,J,0,0.4578365635519244,0.4092433262002555,0.2933274284100774,0.6087934410411773
278,6,X,X,D,0,0.4461504853943926,0.4365099391222106,0.29461551857628027,0.5988013367296633
278,7,X,X,D,0,0.4719190024080604,0.4542769114947901,0.2921759278892686,0.576189543790872
278,8,X,X,D,0,0.45287228103432237,0.450993623512212,0.2852539523542291,0.5351778015383362
278,9,X,X,D,1,0.42268381911339487,0.3935149906175802,0.3192952097788341,0.5606503205192208
278,10,X,X,D,0,0.41093124248601215,0.3773464293143898,0.3001799073500299,0.5550241643286846
278,11,X,X,D,0,0.4215530034082364,0.3744144813342291,0.34699917996429597,0.5224045076884188
278,12,X,X,D,1,0.43369343732483856,0.3752239357937641,0.3077141165978839,0.5270783951395442
278,13,X,X,D,0,0.39830789225837393,0.3564563132573499,0.29374402072451894,0.49994142993915947
278,14,X,Y,J,0,0.357807719755909,0.35258663685495456,0.28650146240481095,0.5168254034486763
278,15,X,X,D,1,0.3461010920518693,0.3549592268598251,0.2675377527819479,0.4884953618402271
278,16,X,X,D,0,0.37724397246977837,0.3386880945622039,0.25,0.4732670038797222
278,17,X,X,D,1,0.4352421672517394,0.32815056386533087,0.25,0.5182306575949969
278,18,X,X,D,0,0.42941217960505385,0.3317348531992776,0.25,0.5242247377424057
278,19,X,X,D,1,0.4312218786584625,0.31073178919498423,0.255451104326173,0.509489888132801
279,0,X,X,D,1,0.5659152735774707,0.5019962101797869,0.25619435703319005,0.5309649937760876
279,1,Y,Y,J,1,0.5616764524121478,0.5108537852026562,0.25,0.5429502709682172
279,2,X,Y,J,0,0.5795606908427482,0.5078811581960699,0.25,0.562752593761595
279,3,X,X,D,0,0.5350768961797348,0.5589164036008585,0.25,0.5688274814833075
279,4,X,X,D,1,0.5587477950522924,0.5435537544819623,0.27552842767522323,0.58417427887986
279,5,X,X,D,0,0.5962982488051932,0.5262369502057177,0.2562738138414828,0.5737276593358468
279,6,X,X,D,1,0.6018049816287028,0.5647117789395781,0.2539720590401851,0.5993595682485797
279,7,X,X,D,0,0.5986214746323048,0.607112181751666,0.26161151905740554,0.5734103996571653
279,8,X,X,D,0,0.5901008545576488,0.6034845656184266,0.2576598706128387,0.6025651383341192
279,9,X,X,D,0,0.5547917006593472,0.597737282570478,0.25,0.5885992997131839
279,10,X,X,D,0,0.5719457918446628,0.5833925529263443,0.2768687886513609,0.5775210796908793
279,11,X,Y,J,1,0.566065506415143,0.5569796191185502,0.3192350621805269,0.6088354753772118
279,12,X,X,D,0,0.5658161944866376,0.5776037021807254,0.2886363538971693,0.5872076639614772
279,13,X,X,D,1,0.5900286587282911,0.5911802493070016,0.29720513760626244,0.6006358134542642
279,14,X,X,D,1,0.5792207913775866,0.6168686427138239,0.30445485716090154,0.6096812425299956
279,15,X,X,D,0,0.569210426283797,0.6046476713669837,0.30926261711092934,0.6622856357935
279,16,X,X,D,1,0.5691328054973424,0.6052468809272804,0.28274503004164814,0.6544537096505647
279,17,X,X,D,1,0.5540580701963272,0.6315996543895106,0.27406135850614466,0.6024419207003253
279,18,X,X,D,1,0.5453157177436853,0.6114554600937969,0.26635764359677017,0.6046642515476723
279,19,X,X,D,1,0.5944412437632443,0.6357105630416547,0.30305536806039796,0.6041277793246251
280,0,X,Y,J,0,0.6403998251302785,0.7098486481316946,0.3386812604889679,0.46394628848109015
280,1,Y,X,D,1,0.6165633223109555,0.6726449447746441,0.3261248464404141,0.48102412330971467
280,2,X,Y,J,0,0.6040260724594564,0.6871811478273576,0.31223634578986986,0.4306792960552824
280,3,X,X,D,1,0.5926853831069843,0.6996215086163645,0.30934734776100187,0.39384749064901947
280,4,X,X,D,1,0.6383414879060043,0.6790096817989719,0.3362632760039715,0.4009778500460726
280,5,X,X,D,1,0.6444211483555301,0.6736627804782371,0.3041825793421443,0.4091389452440497
280,6,X,X,D,1,0.6216973225968339,0.6841235611786111,0.30941475376170285,0.4090314203079237
280,7,X,X,D,0,0.612956607390982,0.7117314635487212,0.2820575401634993,0.458864924423844
280,8,X,X,D,1,0.6197489632499033,0.6652810164927108,0.2898156625170003,0.4538685934350225
280,9,X,X,D,0,0.6259521073681563,0.6511726071778672,0.3039762739123204,0.44128591659229627
280,10,X,X,D,0,0.6216786056648513,0.6048398647501843,0.2905177718622885,0.4075953615474872
280,11,X,X,D,0,0.6226997072566104,0.5955509053968842,0.31358990738483206,0.39187656002084287
280,12,X,Y,J,0,0.6199367056631944,0.6212709851072609,0.2888184052727697,0.4189856286940894
280,13,X,Y,J,0,0.6080301432703872,0.6214315238896083,0.2861824549695202,0.43090666929527266
280,14,X,X,D,1,0.6059369131622355,0.6139287227515607,0.28304711327516835,0.4501012729317038
280,15,X,X,D,1,0.5798908337484429,0.6268500548970879,0.2752292971354795,0.42333689137479724
280,16,X,Y,J,0,0.5550858026625539,0.6540664765855083,0.26658113930337524,0.4004783451935859
280,17,X,X,D,0,0.522427189257463,0.6191318691541363,0.25,0.4166303455602458
280,18,X,X,D,1,0.4836981236948834,0.6748223696800965,0.25,0.4249142132629685
280,19,X,X,D,1,0.5143066309052625,0.6681649269923865,0.2582147687998094,0.4371110005799399
281,0,X,X,D,1,0.25718508505355775,0.3270310785156436,0.5345469293548668,0.2539424957186085
281,1,Y,Y,J,0,0.25,0.2969876446320873,0.5403829630160714,0.25
281,2,X,X,D,1,0.2780630434619042,0.26938533009521715,0.5515472754849757,0.2809396099223851
281,3,X,X,D,0,0.25,0.2615474571787906,0.5381464139392057,0.26957495751417365
281,4,X,Y,J,1,0.25,0.25,0.5543979911751507,0.30744706047331405
281,5,X,X,D,0,0.25,0.28963008128454076,0.5500403443199997,0.3230071700466995
281,6,X,X,D,0,0.25,0.3121060755496452,0.5619859147259043,0.35710272666473525
281,7,X,X,D,1,0.25,0.3079900282374859,0.503843813688565,0.362623027568435
281,8,X,Y,J,0,0.2649762346389993,0.30715103893558626,0.5088491623480288,0.34414033522144627
281,9,X,X,D,0,0.25778298384720644,0.29545327410057015,0.5252255159913687,0.3449921468991086
281,10,X,X,D,0,0.25,0.30179511884078664,0.5136213164872423,0.3841522424135839
281,11,X,X,D,0,0.275608715131322,0.3232227608280172,0.5300198814139239,0.3940081875579988
281,12,X,Y,J,0,0.25,0.2754791989790315,0.4948784342840052,0.3908507276415673
281,13,X,X,D,0,0.25,0.2911373918865004,0.46822310555196345,0.4043397842495689
281,14,X,X,D,0,0.25,0.3090481932817211,0.4775070177577442,0.39978323915645836
281,15,X,Y,J,1,0.2787417529615212,0.2969373195173547,0.4466753907810327,0.3905124479433682
281,16,X,X,D,1,0.2708829669445359,0.28722130212333175,0.4564273964187741,0.4200749602102791
281,17,X,X,D,0,0.26475157573282165,0.27692589626205927,0.45656218654231945,0.4182349835126262
281,18,X,Y,J,1,0.2735913318595076,0.28174416157043697,0.5067132198799714,0.3983196886877038
281,19,X,Y,J,0,0.3010042598545648,0.27241242966082513,0.45698602319847026,0.40185905206963995
282,0,X,X,D,1,0.44263832756137556,0.5973694553591322,0.36920324710815544,0.7300312024607394
282,1,Y,Y,J,0,0.40749465036600224,0.6115608479009809,0.3736086899215016,0.7280637003615122
282,2,X,X,D,1,0.4005660622417479,0.6266534939722849,0.3563607793197417,0.75
282,3,X,Y,J,1,0.37767460294708566,0.6079918872120398,0.3311050460991182,0.7249937961286823
282,4,X,X,D,0,0.4008243687112678,0.6156264251631418,0.35066027384288423,0.6906002578783716
282,5,X,Y,J,1,0.4033252484403198,0.6359899366135422,0.27978936369641455,0.732705709937401
282,6,X,X,D,1,0.4543188227676018,0.6517498190053116,0.2835239854436894,0.75
282,7,X,X,D,0,0.4837296573627036,0.6927069800106229,0.33924845609748017,0.7335897764715253
282,8,X,X,D,0,0.478935332677797,0.6965625497044168,0.3134450802795997,0.7377382489817398
282,9,X,X,D,1,0.4693207653783668,0.6202641925542026,0.3231503000316386,0.7041548552134179
282,10,X,X,D,0,0.516906946234059,0.5861464993202166,0.31656024201887756,0.7479507603828736
282,11,X,X,D,1,0.5250208424646113,0.5467670514408836,0.3190312155654669,0.75
282,12,X,Y,J,0,0.5357078740679905,0.6070980301852483,0.3318944315056763,0.75
282,13,X,X,D,1,0.5476945848602309,0.6232094155237885,0.3536139168123717,0.75
282,14,X,X,D,1,0.5318971661001608,0.6262898238423229,0.36010565992687554,0.7251302176862542
282,15,X,Y,J,0,0.5386026229514713,0.6701964729114762,0.3854306146427,0.75
282,16,X,X,D,1,0.5462437925247323,0.6832427531894435,0.38509009493827995,0.7388560388469
282,17,X,X,D,1,0.5581712271534256,0.7334285419135109,0.3932657263145979,0.75
282,18,X,Y,J,0,0.5682474136336635,0.75,0.41592618923708413,0.75
282,19,X,Y,J,0,0.5483302732561477,0.75,0.40012528107356676,0.7174887025404298
283,0,X,X,D,1,0.6946069762707106,0.35694410312871094,0.3213962385177038,0.34591677415874095
283,1,Y,Y,J,1,0.6889047182927984,0.37343308770510014,0.3314103211936091,0.3796818886359535
283,2,X,Y,J,1,0.6872217982565565,0.35501717020457046,0.3197007328280084,0.3668297489937689
283,3,X,X,D,1,0.6559966441566539,0.40493101147344546,0.3316783420765751,0.3895420974200108
283,4,X,X,D,0,0.6788185030672034,0.3949822361042481,0.36575231811134223,0.42038800474307103
283,5,X,X,D,1,0.6825236202913214,0.3929560212271818,0.38945389491217575,0.4431520784481485
283,6,X,Y,J,1,0.7013917333731432,0.37443007071540224,0.3935661255546548,0.4355919412053963
283,7,X,X,D,0,0.7029431467541207,0.3631707624010268,0.3717965482892823,0.4673151171683273
283,8,X,Y,J,0,0.6699261207077863,0.3501887128776035,0.35084227410080876,0.4948635275807377
283,9,X,Y,J,1,0.6644803325666924,0.3755971406294307,0.3521643402140343,0.4830526282350353
283,10,X,X,D,1,0.6524489269435151,0.37144938082451695,0.3965314887542997,0.5140450493651757
283,11,X,X,D,0,0.6355278872417104,0.4003654324967944,0.42905391805710164,0.5459415982527276
283,12,X,Y,J,1,0.6068325381756895,0.4158141060367855,0.4233855528958358,0.586441957470713
283,13,X,X,D,1,0.5960343131538053,0.4639155737381155,0.4264442310853714,0.5960851235046959
283,14,X,Y,J,1,0.5652145398016065,0.48535580183984306,0.41651452300885733,0.5963202115695475
283,15,X,Y,J,0,0.5798997358435164,0.4510275893154239,0.47280666628245516,0.6016155541164845
283,16,X,Y,J,1,0.581798237007131,0.4589975564939471,0.5010327009389279,0.6172698194005022
283,17,X,X,D,1,0.5977122563382984,0.4853326572233756,0.4995569893319499,0.6148536706134724
283,18,X,X,D,0,0.6257216085423094,0.4563642677805147,0.5065772450027889,0.6444580045495829
283,19,X,X,D,1,0.625148077036821,0.471325498009939,0.506004011909369,0.6289821605571208
284,0,X,X,D,0,0.2528391434980341,0.5305638216804821,0.35268204596166425,0.49447330851286525
284,1,Y,Y,J,1,0.2508949119128657,0.47479094543860234,0.35736794418053647,0.5148036057335266
284,2,Y,Y,J,0,0.25,0.5024940130677963,0.3615688914340009,0.5190096489808774
284,3,Y,Y,J,0,0.25,0.5155851940133294,0.31085396983548286,0.4943264971456628
284,4,X,X,D,0,0.25,0.49374961466097433,0.30030996531011944,0.4579230756206717
284,5,X,X,D,1,0.26715289764862254,0.4871096589573954,0.3006971815987985,0.4887804514933182
284,6,X,X,D,0,0.2872497879807031,0.4787388038463535,0.3459774966479199,0.44016466083495287
284,7,X,X,D,1,0.3066428926509364,0.4542748990821984,0.35030962175756286,0.42059603121018774
284,8,X,Y,J,1,0.30161056022557836,0.4966959301675047,0.33440547761078643,0.4259074950247334
284,9,X,Y,J,0,0.29761189146711164,0.5535786769409768,0.3600094326514048,0.39971363806366195
284,10,X,X,D,1,0.31129728201709306,0.5452290004303832,0.3105218775225884,0.38936106974677553
284,11,X,X,D,0,0.3085117328739364,0.5197092500106267,0.3321224732736656,0.3876891577237879
284,12,X,X,D,0,0.3429899429278621,0.5277152261119713,0.2860988006257442,0.386255391138125
284,13,X,Y,J,1,0.3393031224335114,0.4909939836460979,0.2616725643409339,0.38644146281549235
284,14,X,X,D,1,0.3368723626675231,0.504978956258541,0.25121865156713136,0.3640064296377063
284,15,X,X,D,0,0.32381222554290207,0.5243435801915064,0.25,0.3399473699891692
284,16,X,X,D,0,0.35313204737307013,0.4985850358503743,0.25,0.3384043821468803
284,17,X,X,D,1,0.3382508972351235,0.5071735067304223,0.28404929295360093,0.3232665464704044
284,18,X,X,D,0,0.32754666331588134,0.5048585123013565,0.344276107142997,0.35795352553687654
284,19,X,X,D,0,0.37030902471835175,0.517827600459728,0.36415474003813836,0.37382754932435736
285,0,X,Y,J,0,0.4935991635671288,0.26200650311091894,0.31649361333495574,0.2946768906008154
285,1,Y,X,D,0,0.5471494465047186,0.25,0.33510804151669177,0.27236109757473115
285,2,X,X,D,0,0.48073607194912094,0.25,0.3510660265495189,0.2921299307582716
285,3,X,X,D,0,0.4856675658127919,0.26226044255031067,0.3295610612826809,0.3264129145434969
285,4,X,X,D,0,0.47435222576012503,0.2640804665919919,0.3391960848055691,0.3171899288864911
285,5,X,X,D,1,0.43453921367335846,0.25,0.3591666864558422,0.29925636443915915
285,6,X,X,D,0,0.4178588672009227,0.32450711088879347,0.3544666307297391,0.27097095279753947
285,7,X,X,D,0,0.37018656285299434,0.3015291709256646,0.33108817221181486,0.2569377850424747
285,8,X,X,D,1,0.34816453735975644,0.28373746571225494,0.3417528320261294,0.2547513117368381
285,9,X,X,D,0,0.35352324164192994,0.26403681788639605,0.3097283766345743,0.3043450478539279
285,10,X,Y,J,0,0.36196243823969465,0.284461091564928,0.2911758945898164,0.35983739762992184
285,11,X,X,D,0,0.3979442432994388,0.25181523465167716,0.2755031978482892,0.3319298237066924
285,12,X,X,D,0,0.40728183537430085,0.280842832537523,0.29247243246120297,0.3609864990095629
285,13,X,Y,J,0,0.3893191440491184,0.25,0.29898963525832445,0.35037564583426717
285,14,X,Y,J,0,0.3744525580113336,0.25,0.2778252255532207,0.3552418172021441
285,15,X,Y,J,0,0.3476014275831173,0.25,0.31194024231076956,0.3325839853454318
285,16,X,X,D,0,0.40230866172912527,0.25,0.2989699253463821,0.38204724573494253
285,17,X,Y,J,1,0.42765931357634923,0.2510422632702571,0.299382765357775,0.37845048361066386
285,18,X,X,D,1,0.41146064234367774,0.27598867076024114,0.33510586816400223,0.36854583573895927
285,19,X,Y,J,0,0.39403904066857476,0.31494011147449824,0.3278511831922311,0.3414641581896598
286,0,X,Y,J,0,0.41630309181415887,0.5023095944250043,0.3477508015033962,0.6177989324257069
286,1,Y,Y,J,1,0.4278533757329938,0.47307332949388964,0.3066423878221178,0.6023848854916827
286,2,Y,X,D,0,0.3861353553306684,0.5067006549530482,0.2641606194771285,0.5971175724025704
286,3,Y,X,D,0,0.38160943816329274,0.4897030715588727,0.2548139223239897,0.6072794863690132
286,4,Y,X,D,0,0.3763866258601377,0.496229887156363,0.30572833159007257,0.611005375350739
286,5,Y,Y,J,0,0.36245831602409295,0.5287922987806307,0.31742649369783665,0.6138947948236566
286,6,Y,X,D,1,0.3734526659853459,0.5186520783464936,0.32426999349477464,0.6762305092506635
286,7,Y,Y,J,0,0.3672540075631676,0.5070570941963303,0.3258730889295473,0.6616262809644774
286,8,Y,Y,J,0,0.35194602781287243,0.5151173559237238,0.3136732965132253,0.7048287816328294
286,9,Y,Y,J,0,0.38554107800665693,0.48937052599061887,0.34115739126244854,0.7379645268774605
286,10,Y,X,D,1,0.3972194559404713,0.4636864900089792,0.3501095723861707,0.7173060931034907
286,11,Y,Y,J,1,0.39705576661181713,0.4724390758205822,0.3607684873303015,0.7493705361305941
286,12,Y,Y,J,1,0.40217803035205735,0.49880598053329245,0.3643102450855339,0.7234247638298889
286,13,Y,Y,J,0,0.4105320601328592,0.49715316489990613,0.3514487025786802,0.75
286,14,Y,X,D,0,0.3711792675725911,0.5252522781727046,0.33659347671493006,0.75
286,15,Y,X,D,0,0.3612695244471401,0.5208694710062001,0.3330921583131819,0.74227396975332
286,16,Y,X,D,0,0.31885071097166523,0.5035714274536381,0.34129157433745366,0.7304289079244959
286,17,Y,Y,J,0,0.346731718380813,0.5201920485060846,0.32497303108202946,0.6702635434527136
286,18,Y,Y,J,1,0.34739139648682904,0.5372594207870044,0.3567252381281334,0.6980270351523751
286,19,Y,Y,J,0,0.3676819748650688,0.5337751935240035,0.32050757914116607,0.6816169660306476
287,0,X,Y,J,0,0.3576231173158202,0.56748232609311,0.4413963139544743,0.3325375770793224
287,1,Y,Y,J,0,0.3347771966995883,0.5591835701127065,0.42030702476279674,0.31487037377373794
287,2,X,Y,J,0,0.310736379547546,0.5238978261099785,0.42632793395001783,0.3429188195237897
287,3,X,Y,J,1,0.34072736338888576,0.537933269889084,0.44547620852961545,0.3187381478569278
287,4,X,Y,J,0,0.2740511042949181,0.5279329588657704,0.4350735212749326,0.36739780430741587
287,5,X,X,D,0,0.2769052997620356,0.5650513867481896,0.38737329148551536,0.33428194417028306
287,6,X,Y,J,0,0.25,0.5415339489855839,0.37292522668061595,0.33955898991910505
287,7,X,X,D,0,0.3208938016851017,0.5310464450576766,0.3716924089189055,0.29713670811175735
287,8,X,Y,J,0,0.33536222113592157,0.5128551450482319,0.39303009111756165,0.25
287,9,X,X,D,0,0.3151936910927034,0.5531404473700611,0.3981612099544717,0.25
287,10,X,X,D,0,0.291662990634318,0.5859079602446113,0.38867811003652053,0.2797640713390988
287,11,X,X,D,0,0.3226497177833996,0.6288968704776735,0.4247849992747421,0.25994345900155263
287,12,X,X,D,0,0.3336266623551344,0.6243667561887251,0.4451986573990926,0.27944083572107525
287,13,X,Y,J,0,0.3548810367568708,0.6265466562394447,0.4098378162831004,0.28669615728888176
287,14,X,Y,J,1,0.42284156972381526,0.6638724327543315,0.42196776885245035,0.2829163127092769
287,15,Y,Y,J,0,0.4432298734854707,0.6292587476861058,0.46618543892314807,0.28140577422394497
287,16,X,Y,J,1,0.43597310313600895,0.623691419436732,0.4528874183431779,0.3458437062665155
287,17,X,X,D,1,0.42747279765642643,0.6125009002399221,0.47016159042688693,0.33528874678558807
287,18,X,X,D,0,0.4665133145203951,0.5951441072592419,0.4538937069497808,0.31698804386442353
287,19,X,X,D,0,0.4767211931341447,0.638115792510436,0.44767447423827916,0.2928003557596415
288,0,X,X,D,1,0.7281687727233461,0.572259479238531,0.5863213743694826,0.5475834248388234
288,1,Y,Y,J,0,0.7117448569752298,0.5754185576444747,0.5810236911841138,0.5574094095592684
288,2,X,X,D,0,0.6927414963303687,0.5876230002908116,0.5944743779302138,0.5692733336894262
288,3,X,X,D,0,0.674604923178406,0.6013457282237644,0.6365488346927333,0.6138517982647329
288,4,X,X,D,1,0.6647429498672074,0.6215767942838868,0.6561265995907456,0.634555476361897
288,5,X,X,D,0,0.6602907266091325,0.5926678641531029,0.6627352780715344,0.6378226473135623
288,6,X,Y,J,0,0.6863434512652897,0.6412294197797104,0.6560607310921641,0.6268257132663076
288,7,X,X,D,1,0.6991923188155955,0.6043594941270778,0.6492970505321383,0.6062289482506953
288,8,X,X,D,1,0.7114969276192846,0.5820282869638022,0.609420793577598,0.6107060568727541
288,9,X,X,D,1,0.6805976259006551,0.5750029298615925,0.6175584720030081,0.5959378930842923
288,10,X,Y,J,0,0.6815989278667608,0.5463091611528125,0.620313905127734,0.5393784438967443
288,11,X,X,D,1,0.6569726038658288,0.5720873394003692,0.5966745204536046,0.5405652470778816
288,12,X,Y,J,1,0.6252007346985811,0.5354926729583503,0.6235498508760794,0.5572090325654009
288,13,X,X,D,1,0.6376448230957361,0.535251465945394,0.6325943019738083,0.5270699040061315
288,14,X,X,D,1,0.6685435162400731,0.5207566122900169,0.6468615358067596,0.5337367776853357
288,15,X,X,D,0,0.6742614655545641,0.5123401791709981,0.6522889422676142,0.5453857503996095
288,16,X,X,D,1,0.7029602841336982,0.5193436353781752,0.65492066318975,0.5097202154854521
288,17,X,X,D,1,0.7229809924426727,0.5621600177592923,0.6683192454886223,0.5135185705941867
288,18,X,X,D,1,0.7026486222983195,0.521662715573463,0.6781186907657413,0.5021530277666892
288,19,X,X,D,0,0.7268515127916237,0.5752240753492981,0.6611079568396614,0.5067160225571123
289,0,X,X,D,0,0.5389559000384353,0.6607145910133503,0.3066011754228225,0.3820220614808278
289,1,Y,Y,J,1,0.547588870069211,0.6708446152450381,0.2867258120951666,0.3646147362700749
289,2,Y,X,D,1,0.5894680834284386,0.696123295509309,0.2683257890153597,0.3505011630506272
289,3,Y,Y,J,0,0.570884100072872,0.69436430803471,0.2833796063919936,0.36021163285243696
289,4,Y,Y,J,0,0.49947535042047586,0.6956630460674476,0.29685985809424265,0.34651024545440273
289,5,X,Y,J,0,0.5055046966268358,0.7271458998337872,0.29213956055526485,0.28310088010731516
289,6,X,Y,J,1,0.5172840804275083,0.6750834824050624,0.28263797931613455,0.2882234969276728
289,7,X,X,D,1,0.4886680537202892,0.6813900046035597,0.2613909815617336,0.2633570009793998
289,8,X,Y,J,0,0.46344963106755066,0.669065140379398,0.2871684143774781,0.2564499258040888
289,9,X,X,D,1,0.43725489619600777,0.6641969263071772,0.34739934486017243,0.25
289,10,X,Y,J,1,0.3980159810625166,0.6295060239091377,0.32688223930808336,0.27563358576341557
289,11,X,Y,J,1,0.3445988074842968,0.6677115404351779,0.28528653639206825,0.25
289,12,X,X,D,1,0.31949613311726954,0.6554010817969429,0.31585623638861676,0.25585876107363825
289,13,X,X,D,1,0.32526088077344356,0.7000995352707202,0.2920235435656509,0.25
289,14,X,X,D,0,0.3258437676435463,0.707440473281458,0.30723408016713416,0.304445470038124
289,15,X,Y,J,0,0.3379071550572216,0.7007867511088299,0.2977364806656125,0.3097717486226305
289,16,X,X,D,0,0.29637173396992333,0.6920826862103044,0.30731486093931176,0.3242205325442338
289,17,X,Y,J,0,0.2759587224507597,0.6921771308827263,0.28230329878036453,0.29544122639168036
289,18,X,X,D,1,0.2818753332136295,0.6731103441385878,0.3110985008753485,0.2545372794061715
289,19,X,Y,J,1,0.3066378874877395,0.6444889452870938,0.2523461116572323,0.25
290,0,X,X,D,0,0.6430392704724804,0.34800011107308504,0.7061672965497218,0.334877215481462
290,1,Y,X,F,0,0.6580385307472199,0.3507657627411492,0.7008607571329524,0.32263427505429626
290,2,X,X,D,1,0.6578089680697675,0.36496625889079326,0.6778848396821504,0.31561277721841197
290,3,X,Y,J,1,0.641069964300265,0.3552541362263657,0.6618771019306825,0.3051865729259862
290,4,X,X,D,1,0.6135618585812644,0.3464322545796171,0.6235677136218408,0.3207922043942063
290,5,X,X,D,1,0.5808697851414774,0.34043002880637,0.6312246427470573,0.3431078669540447
290,6,X,Y,J,1,0.5706499956354404,0.38423422702525467,0.6141338538229876,0.3342257275901666
290,7,X,Y,J,0,0.5944163251795674,0.3834522934685466,0.612880112609468,0.321672867387568
290,8,X,Y,J,1,0.6145209832737824,0.3115246505122883,0.6141631590294419,0.31169576840287794
290,9,X,X,D,0,0.6193513193922884,0.2912862037207003,0.6315432257766163,0.3207395101792216
290,10,X,X,D,1,0.6305476908145558,0.2650291879831112,0.5632465878414633,0.3232266323078513
290,11,X,X,D,0,0.6288791891400903,0.2861249070458442,0.5590267372518406,0.28199723375204283
290,12,X,Y,J,0,0.632445782676783,0.30829817939903914,0.5353708914898163,0.2959762909318597
290,13,X,Y,J,1,0.6055534004063726,0.30901667953786693,0.5555722015178736,0.3509773026993456
290,14,X,X,D,0,0.5786781823111334,0.3421798113167132,0.5631080446777335,0.3238468966298397
290,15,X,Y,J,1,0.6153420718549655,0.35442112259697517,0.5412777978073198,0.3072422123636177
290,16,X,Y,J,1,0.6137231315884779,0.35585863319242705,0.5379609076529367,0.3483746552069014
290,17,X,Y,J,0,0.6235161093369266,0.38048813375072754,0.5799284953678565,0.3587829027504519
290,18,X,X,D,1,0.6559087070460017,0.4058624736026227,0.6107498312072493,0.3399216083080411
290,19,X,Y,J,1,0.6710834448563316,0.3915960388600821,0.6211803988319058,0.2857566797835197
291,0,X,Y,J,0,0.6271662185386946,0.2680229518291802,0.4705811380137611,0.4104576765875845
291,1,Y,Y,J,0,0.6184504921462624,0.28870275662122324,0.5239054813480475,0.3824710148434185
291,2,X,X,D,1,0.6199314353348209,0.28076989609934466,0.5223531654983463,0.4213659085268125
291,3,X,Y,J,1,0.6227835329205099,0.2937864806324042,0.5458352603221656,0.4087469267842903
291,4,X,Y,J,0,0.6240892163318398,0.2805815395537721,0.5459295780132728,0.3995723850641814
291,5,X,X,D,0,0.6516660278867976,0.30158778481629234,0.5118401063291037,0.39300653617549564
291,6,X,X,D,1,0.6455130063463882,0.2801639556292951,0.5033603737216147,0.40857534114359684
291,7,X,X,D,0,0.6518377353131563,0.34413440245104315,0.4800811266759956,0.4203347474286891
291,8,X,X,D,1,0.657369639178249,0.3775449210073518,0.46021925771191513,0.4069632366193443
291,9,X,X,D,0,0.6622544279462362,0.40745868357912207,0.42789090431013904,0.4491583017838045
291,10,X,Y,J,0,0.6611470025988949,0.3746570841005205,0.3961848923969863,0.4304844060518923
291,11,X,X,D,1,0.6173390207360646,0.3421047772494235,0.34050040628030503,0.43138292342937873
291,12,X,X,D,1,0.6566348895910169,0.3507755012924326,0.30265303734798793,0.42825103093948724
291,13,X,X,D,1,0.6723534675394223,0.3315387375265145,0.29406527296334734,0.4075686796469
291,14,X,X,D,1,0.6599383868620654,0.33582092190896357,0.30546576060939634,0.3982067685871319
291,15,X,X,D,1,0.6752768103271648,0.3439191173003471,0.29926758964517114,0.4113762340086294
291,16,X,Y,J,0,0.7154172473163889,0.38138025252497515,0.27563512348893626,0.3940898958521986
291,17,X,Y,J,0,0.690800135614845,0.3510688889839432,0.26820255884985533,0.3686765911375689
291,18,X,Y,J,0,0.7103487365930476,0.3430119925058608,0.2727548558484488,0.35617522027421344
291,19,X,Y,J,0,0.7040728501975453,0.3255689436614167,0.27817966660385907,0.3728591434220436
292,0,X,X,D,0,0.2637769993571236,0.5410341305089945,0.641710384918893,0.4082915965116414
292,1,Y,X,F,0,0.28978157253542625,0.5619538525721838,0.6610312472843525,0.3891645543676785
292,2,X,Y,J,1,0.3208165232908627,0.5965103461847494,0.6721147376779444,0.3674946104682417
292,3,X,Y,J,1,0.29179935401087254,0.6442148621690106,0.6546955373452917,0.3648143445228098
292,4,X,X,D,1,0.3052328517516889,0.6242105107334963,0.6446666306251438,0.3915815698117952
292,5,X,X,D,0,0.29059908092602604,0.642635086677365,0.664354780749093,0.4123246459903563
292,6,X,X,D,1,0.25,0.6531606579318304,0.6129529860791255,0.3815845885251725
292,7,X,X,D,1,0.25,0.6478841601460383,0.6072628888240722,0.374482276262772
292,8,X,X,D,0,0.25088389697794183,0.657125552839893,0.6029294337339054,0.3581419725305914
292,9,X,X,D,1,0.2772605731392828,0.6779460831680683,0.5487570304820388,0.3598622164940526
292,10,X,Y,J,1,0.334334101034889,0.6714402142520122,0.5642957352289366,0.3197319836527702
292,11,X,X,D,0,0.34268214057927027,0.75,0.5636496070491821,0.343416596031151
292,12,X,X,D,0,0.2808733878634553,0.75,0.5831692719231958,0.34227334284165467
292,13,X,X,D,0,0.32968943253044786,0.75,0.5934117809310658,0.3170644582373868
292,14,X,X,D,0,0.37902527040972,0.7371226756873178,0.6242702646374869,0.34519261512464616
292,15,X,X,D,1,0.394308403655862,0.7233660208590161,0.632749729015542,0.33975162747072646
292,16,X,X,D,1,0.4085134606902032,0.7040815159252372,0.6249892460663681,0.35247364133747183
292,17,X,Y,J,1,0.39627057363609547,0.7333435674739022,0.5759369507962068,0.37276781550964155
292,18,X,X,D,1,0.41351814670536907,0.7321166293125523,0.5592800510087503,0.4011514460159596
292,19,X,X,D,0,0.4042446975483341,0.6908509105887393,0.6100785636095021,0.36175780104749855
293,0,X,X,D,1,0.27070681156305665,0.6871559268376295,0.4719128130379944,0.5782273282108907
293,1,Y,X,D,0,0.25,0.7081227076287592,0.48191945837712613,0.552707852551617
293,2,X,Y,J,0,0.27927034124831585,0.75,0.47403647347650546,0.5249932504818843
293,3,X,X,D,0,0.3075553370795347,0.75,0.4589613973205801,0.4984082883654108
293,4,X,X,D,0,0.2990160184085465,0.7181208460383527,0.41600623361275285,0.4506438121856876
293,5,X,X,D,0,0.30229235946725497,0.7350652188709085,0.44762847932627936,0.5013294239956476
293,6,X,Y,J,0,0.2855273049422777,0.7441941195308239,0.49159926685352806,0.4866964398568617
293,7,X,Y,J,0,0.2830409883120649,0.75,0.46463182578057466,0.49793073013103917
293,8,X,X,D,0,0.2768744685903492,0.75,0.4916032895688467,0.4903029702109017
293,9,X,X,D,0,0.2786569799497494,0.75,0.5348621041725774,0.5073474831189921
293,10,X,X,D,0,0.27000070200385456,0.75,0.5735512459400167,0.5247584060250454
293,11,X,Y,J,1,0.25,0.7359364238681008,0.6012909694936761,0.5251548189440213
293,12,X,X,D,0,0.25,0.75,0.5778199473144585,0.539252746149632
293,13,X,Y,J,1,0.25,0.7441991795827497,0.5993848377284107,0.5262974605760244
293,14,X,X,D,0,0.28092335576098904,0.7104933075721432,0.6307321938140583,0.49376190627573546
293,15,X,X,D,1,0.2804662126155389,0.75,0.6619390653224234,0.5078988990561726
293,16,X,X,D,0,0.30591591278824104,0.75,0.6903126992345624,0.5076259092264256
293,17,X,X,D,1,0.31939999844195294,0.7467978264712494,0.7250439098647249,0.5015404312222198
293,18,X,X,D,0,0.3186296180500765,0.6862561410968917,0.7103089625677124,0.4981809121587196
293,19,X,X,D,1,0.3102890850142938,0.6650103777923676,0.690501835927273,0.4980789881645154
294,0,X,Y,J,0,0.677648706526147,0.6255288784381301,0.6953192219858455,0.3978828323139196
294,1,Y,Y,J,0,0.7258852697217913,0.6415445851512863,0.7130908552483097,0.3899821131816172
294,2,X,X,D,1,0.7297976727042653,0.6564480192496274,0.7149374075757037,0.3738843244886356
294,3,X,X,D,1,0.7221137225329559,0.6337121590002045,0.6705089424128344,0.38179248973202806
294,4,X,X,D,0,0.7052626412372215,0.6289789425452069,0.6967230697723599,0.38584155626179223
294,5,X,X,D,1,0.7138579777382336,0.6359509480994961,0.7112520124851288,0.3980954070299527
294,6,X,X,D,1,0.6939440518992774,0.6311251491217477,0.6848776127187801,0.4075365593231028
294,7,X,Y,J,1,0.6825950835719506,0.6156315566233056,0.6680635179686678,0.4436479133921588
294,8,X,X,D,0,0.6990874485985324,0.6348439860728544,0.6983324052247689,0.4626959526955095
294,9,X,Y,J,0,0.7336597394219964,0.6394523893225925,0.6968479485902718,0.4510917192429184
294,10,X,X,D,1,0.75,0.6015773681123641,0.6913856626806222,0.47954903789096637
294,11,X,X,D,1,0.7419431124570038,0.5890828691806137,0.6650828836280696,0.48006712220979153
294,12,X,X,D,1,0.7229215469761497,0.6058274342219296,0.6783987877495303,0.4549411365014143
294,13,X,Y,J,1,0.7093362246114262,0.6105336938976341,0.6792639605820124,0.4746709791716863
294,14,X,X,D,1,0.7416443239701224,0.6232066381405447,0.7092971617279025,0.4713371320288815
294,15,X,X,D,1,0.75,0.67410454435447,0.6844342133448493,0.4902821024930024
294,16,X,X,D,1,0.7066729852025975,0.6808681092019078,0.6745769059539034,0.5188542124159614
294,17,X,X,D,0,0.7095014460082927,0.6715211810618595,0.698677710065844,0.52743248893976
294,18,X,Y,J,1,0.6851427082104773,0.6936083967477195,0.7217978448645019,0.5393341718618045
294,19,X,X,D,0,0.6485442718720028,0.6998876172652901,0.7374146719225213,0.5443374778644041
295,0,X,X,D,0,0.6339999494468134,0.7178859417272339,0.3589468927309273,0.2901489126755739
295,1,Y,Y,J,0,0.6138501506526126,0.7402329972478572,0.38629993940636337,0.3193848268486857
295,2,X,X,D,1,0.5880993885701837,0.75,0.3831328082279228,0.3413238476867636
295,3,X,X,D,0,0.5731537214351275,0.729471680267265,0.36571620807994365,0.32537051214915214
295,4,X,X,D,1,0.5765302645939309,0.7296951458001769,0.3826292847836891,0.3075914423305176
295,5,X,X,D,0,0.5506776945931054,0.725894251139033,0.42237201515685563,0.33103288273050363
295,6,X,Y,J,1,0.5262062209060248,0.738136407562191,0.41052876885472167,0.32419468526352585
295,7,X,X,D,1,0.5288106534233232,0.7459894981859897,0.38830308730014246,0.34830555394247326
295,8,X,X,D,1,0.5273981915446948,0.75,0.3489767683747078,0.34889442068694065
295,9,X,X,D,1,0.5137531919066204,0.7494214526142416,0.3632444830420503,0.3177746789707015
295,10,X,X,D,0,0.5057778514501782,0.75,0.3454883968780217,0.3321898727623309
295,11,X,X,D,0,0.5648301896004045,0.7188081656396237,0.32370409176868764,0.3503559803601872
295,12,X,Y,J,0,0.5504226746202662,0.6594129812492374,0.2750792662954147,0.34505985058541877
295,13,X,Y,J,0,0.5522101930548584,0.662090153644681,0.25,0.337044049816284
295,14,X,X,D,0,0.5200934871689737,0.6249765189252706,0.27958913150396336,0.3645348814624514
295,15,X,X,D,1,0.5427942184406711,0.5999653461308847,0.30079041659299033,0.2862956518371967
295,16,X,X,D,1,0.5401801316790437,0.5614083594069991,0.26801151708523585,0.27537956220294074
295,17,X,X,D,1,0.5399678722115361,0.6024286866074866,0.27910708545585655,0.25
295,18,X,Y,J,1,0.5190026624899554,0.5999937000826929,0.3000766701231304,0.25
295,19,X,X,D,0,0.5220201160091066,0.5764782730791493,0.3371380706853312,0.25
296,0,X,Y,J,0,0.5395567052254169,0.38969643285702193,0.6578586425655222,0.2537970850755286
296,1,Y,Y,J,0,0.5445460246279215,0.40731411966506664,0.6307689153083297,0.25
296,2,X,X,D,1,0.5059151073117971,0.40876274541907426,0.6179579338321155,0.26286292871556816
296,3,X,X,D,0,0.5564585338702295,0.444322440053908,0.6500108155909641,0.2908898901656985
296,4,X,X,D,1,0.5457454027821212,0.44865217413829883,0.6067242516965916,0.2696787608985115
296,5,X,Y,J,0,0.5671275823002948,0.4481322719322278,0.631419824113227,0.2591155624052005
296,6,X,Y,J,1,0.566309721833982,0.41460536612582216,0.620685317589399,0.25
296,7,X,X,D,1,0.576481933769443,0.366159717611972,0.6559329425742109,0.25
296,8,X,X,D,1,0.5580622126594263,0.32479676977341343,0.6504750105748466,0.25
296,9,X,Y,J,1,0.560444737942359,0.31491466247748046,0.6905711488349598,0.25867725834928595
296,10,X,X,D,0,0.5909654418581887,0.3291016757099471,0.6673758356056293,0.2937620343660551
296,11,X,Y,J,1,0.5858394572088166,0.3349370460302464,0.687974697833421,0.3220109778243288
296,12,X,X,D,1,0.5659100459734376,0.3205448401769869,0.6950960803242624,0.3335667950241123
296,13,X,X,D,0,0.5244723899893398,0.33876849480416493,0.6670341250737227,0.316031837367143
296,14,X,X,D,0,0.5616887907203747,0.34662019893450935,0.6705251068284276,0.2805559048433951
296,15,X,Y,J,1,0.6027865674280883,0.32435981756885407,0.7044316476294634,0.26465767586859146
296,16,X,X,D,1,0.6209323179787156,0.3227004934030636,0.7397755194700224,0.2757306130514055
296,17,X,X,D,1,0.6411268499207013,0.2793880899311187,0.7433039638033678,0.2789176293405269
296,18,X,X,D,1,0.6126773657084956,0.29554575917635334,0.7432385021559329,0.25
296,19,X,X,D,0,0.6439816725266372,0.2791410378500565,0.7405488146181102,0.25
297,0,X,Y,J,0,0.28802353042587725,0.4750695340657703,0.2779916602786827,0.4357471728436175
297,1,Y,Y,J,0,0.3035776242822215,0.4794995473061441,0.25430875612953563,0.4919304548797519
297,2,X,X,D,1,0.28270665349545354,0.44493605706830597,0.2748031521908411,0.46140622654607594
297,3,X,X,D,1,0.2761630870027566,0.44957154848340874,0.29844766252823757,0.44808559311723606
297,4,X,X,D,0,0.2808064823022897,0.4775944595866067,0.2950517222114324,0.45031308409997584
297,5,X,X,D,1,0.2868631936447662,0.4941792192195031,0.2663972547639934,0.5030002239419589
297,6,X,X,D,0,0.3061566624125568,0.48976707207886344,0.28626414535702827,0.541336644300485
297,7,X,X,D,1,0.2842257441957017,0.5393919971107838,0.25455775504745015,0.5746955096985537
297,8,X,X,D,1,0.2517845391337853,0.5631554347796294,0.28264430766549486,0.6042482291191614
297,9,X,Y,J,0,0.26031904424437347,0.5629380230566579,0.26699866558547514,0.639021279968158
297,10,X,X,D,0,0.25,0.5481789629577535,0.29214615013299355,0.6419637055186825
297,11,X,X,D,0,0.27444680325095405,0.543129825282751,0.27431002219988787,0.6771920641747156
297,12,X,Y,J,0,0.27462850754849805,0.5785288815213823,0.28940180767358215,0.6945694632518249
297,13,X,Y,J,0,0.27057054372244327,0.6325747666409944,0.31518229889017174,0.6249422622658454
297,14,X,X,D,0,0.25,0.6467779273607701,0.31082521498600785,0.6238030440421746
297,15,X,X,D,0,0.25,0.6755297264964725,0.3201357979517086,0.5965573093925425
297,16,X,X,D,0,0.29352863644353056,0.7086265857822567,0.31117382540328087,0.5715027375173456
297,17,X,X,D,0,0.3110302950531312,0.7185798268342928,0.3162588861952919,0.5576348466708637
297,18,X,X,D,0,0.3366052123796073,0.7381128223906935,0.29826339061741286,0.5860675511524094
297,19,X,Y,J,1,0.3256119538126324,0.7487366980826798,0.30140761049381637,0.6152161195990674
298,0,X,X,D,0,0.2756839956199833,0.48437616065709144,0.5876826648908883,0.594888373526771
298,1,Y,Y,J,1,0.2605975747557866,0.511823718207929,0.5630450366942741,0.5540459680841607
298,2,Y,Y,J,1,0.2691727629729349,0.5381664096230436,0.5398472030204031,0.5704859121795234
298,3,Y,Y,J,0,0.25,0.5844395507003111,0.5717645497463892,0.5685592352736214
298,4,Y,X,D,0,0.25649901022379107,0.605528116708218,0.5823521967159061,0.6186575354088875
298,5,Y,Y,J,0,0.25634442727598433,0.6245017040443982,0.5890839953084498,0.6070803666522288
298,6,Y,Y,J,1,0.25,0.6038742517718959,0.5319103514495266,0.6196446557680972
298,7,Y,X,D,0,0.267913115548207,0.5884510455602903,0.5548121925400149,0.6053436274945528
298,8,Y,Y,J,1,0.2783830144291318,0.5683460717364878,0.5620205918653167,0.6249814114955354
298,9,Y,X,D,0,0.2978905116045833,0.57406893286599,0.6028080369534382,0.630179227812691
298,10,Y,X,D,0,0.29557605805243575,0.5926550899600215,0.6288965981581857,0.630179733507617
298,11,Y,Y,J,1,0.28499560744588875,0.5587628387834845,0.6318160549292544,0.6423776252189994
298,12,Y,Y,J,1,0.2709170982783417,0.5496743248946653,0.6016352798438033,0.6673949707484083
298,13,Y,Y,J,1,0.2748496117471386,0.5100584217827533,0.5921947185481361,0.7034047931602794
298,14,Y,Y,J,1,0.2597410711468848,0.49980696955028225,0.5860147373514394,0.6900740107563671
298,15,Y,X,D,0,0.2702794297832307,0.4929205951358555,0.5668619731697762,0.6859252129005594
298,16,Y,X,D,0,0.2630459305817569,0.47402678279540356,0.5603070951870192,0.6744721946871657
298,17,Y,X,D,0,0.2521935568834825,0.5234131370647241,0.5473793360747505,0.666879195189459
298,18,Y,Y,J,0,0.26917157353522114,0.5206509567727389,0.571762318723791,0.6501301353548223
298,19,Y,X,D,0,0.2871278355699104,0.5016784982075242,0.5546121414690333,0.6552456653771224
299,0,X,X,D,0,0.5229170473717459,0.3083077791488171,0.6236989580360164,0.39664838240275163
299,1,Y,X,F,0,0.5452285858590453,0.2526467007680249,0.5849874397893725,0.4070403776453717
299,2,X,X,D,0,0.5369133397002938,0.26213145942728144,0.626363266863513,0.41340336681999934
299,3,X,X,D,1,0.5737062445853623,0.29776275747720926,0.6243486680221825,0.42125604592518023
299,4,X,X,D,1,0.5506147277164979,0.2907871591068081,0.6282826194967335,0.3947010361735386
299,5,X,Y,J,0,0.514219385626242,0.32109978558159386,0.620979404393368,0.37844758555833585
299,6,X,X,D,0,0.5070906581783096,0.3082706393015985,0.6334627032322675,0.38136661822854934
299,7,X,X,D,1,0.5020079223666487,0.3291450078042839,0.5971363818898675,0.40087446199430193
299,8,X,Y,J,0,0.4984123070823914,0.31512813879944795,0.5878366630056835,0.4521859547551734
299,9,X,X,D,0,0.5289878235690163,0.33843520209730354,0.5614441374203842,0.4766416820631608
299,10,X,X,D,0,0.5090926460017023,0.3165722879382512,0.5364849196304865,0.46989377876180227
299,11,X,X,D,1,0.5177085271097205,0.3153024923651581,0.5594626907701851,0.5221772613992981
299,12,X,X,D,0,0.5384684336988913,0.31338671284590575,0.49722833083356593,0.5241148801730062
299,13,X,X,D,1,0.5330112666203394,0.29203665442781257,0.4954820382760051,0.5153968705654253
299,14,X,X,D,1,0.47644903395617855,0.27240775601769596,0.49851901804534654,0.48410039003600075
299,15,X,Y,J,0,0.49584341245450836,0.2710802211013629,0.48879303015475273,0.47091662029767895
299,16,X,X,D,1,0.48944375353198794,0.2677164856219504,0.4822247186530369,0.4897342360733737
299,17,X,Y,J,0,0.44104797957042013,0.2851335063043507,0.5042837721473042,0.45436912754950387
299,18,X,X,D,0,0.4514260480086296,0.3020876940950493,0.48908365180342267,0.4408552954555296
299,19,X,Y,J,1,0.4742569764381343,0.3139339287153876,0.5154780999023478,0.458703046594804
300,0,X,Y,J,1,0.4189600105239384,0.6542348605668733,0.6648515932604588,0.5081736746834211
300,1,Y,X,D,1,0.41862408257924405,0.6798775892055163,0.6307422015398065,0.49955338562734997
300,2,X,X,D,0,0.4178628770691336,0.660737003217914,0.6105824816597221,0.4901378486421313
300,3,X,X,D,0,0.4163350069985717,0.6261798458150208,0.615212514319509,0.472805876841664
300,4,Y,X,D,0,0.40353383184355185,0.6044548701402125,0.6431212844874286,0.4917587370825189
300,5,X,X,D,1,0.37523271082794585,0.6115646199683192,0.667216776034837,0.5143448185730379
300,6,X,X,D,0,0.3815567580918104,0.6039218446767539,0.6719733230845948,0.49325370605163604
300,7,X,X,D,0,0.3509116276548916,0.6535391532516909,0.6818652885668962,0.4955974776139033
300,8,X,X,D,0,0.3246947854286096,0.6926534333681257,0.6338762861447963,0.4728809963270315
300,9,X,Y,J,0,0.2925948500787224,0.683178889122841,0.6012979713684922,0.47408852528179857
300,10,X,Y,J,0,0.29595955888098563,0.6828990329738132,0.6125178152119445,0.5042812436016056
300,11,X,X,D,0,0.3127760627627067,0.6575049096836236,0.6461768311444681,0.5065625730474643
300,12,X,Y,J,1,0.31380583739611473,0.6638285091716919,0.6073056914327988,0.4988051364934763
300,13,X,X,D,0,0.2815691955393027,0.6446529010584405,0.5876777427713413,0.493531305527563
300,14,X,X,D,0,0.3015512914428853,0.6494415013875008,0.6258855312585404,0.44433986001858555
300,15,X,Y,J,0,0.2775386722270579,0.6055723684125365,0.6306370185635783,0.48285879552193395
300,16,X,X,D,1,0.26896655980215006,0.5906671540251109,0.6588943352202625,0.44360831529348677
300,17,X,Y,J,0,0.29393286302537786,0.6336127896152342,0.6281487234104384,0.43416724979373006
300,18,X,X,D,1,0.31764030007626276,0.6420123386460966,0.5962308318420838,0.4210558021260522
300,19,X,X,D,0,0.3207021582403555,0.6095611996291125,0.5798311313893013,0.4301621542821471
301,0,X,X,D,0,0.39378442519753043,0.341322204503757,0.5549017873586858,0.36054196932112687
301,1,Y,X,F,0,0.4128448723452066,0.2917621217309535,0.5725998579660202,0.3753623077172338
301,2,X,Y,J,1,0.4114826128429056,0.268940987514735,0.5709561467102933,0.4002252339654987
301,3,X,X,D,0,0.3466557077704824,0.2523703571959752,0.5424607786711115,0.4065256763063799
301,4,Y,Y,J,0,0.35639946058177574,0.25,0.5074704146671277,0.4100407051664914
301,5,X,X,D,0,0.30817466451462255,0.25,0.4818276587014188,0.4131779067256457
301,6,X,X,D,0,0.3311332076228698,0.25,0.47825768814207714,0.44136226425661684
301,7,X,X,D,0,0.3120295510247823,0.2873591924567626,0.47941036400688564,0.42021254694603527
301,8,X,X,D,0,0.29092835162514274,0.25943931262066766,0.4664477730311855,0.43432726186083886
301,9,X,Y,J,0,0.25679726363376004,0.2690647195982757,0.5175037085926736,0.445335754876592
301,10,X,Y,J,0,0.25,0.25,0.4607161557260457,0.494867458528108
301,11,X,Y,J,0,0.25,0.25670907772611634,0.46248127799586003,0.493272937854268
301,12,X,X,D,0,0.25,0.25,0.46146856021377886,0.5617211373156501
301,13,X,Y,J,0,0.25,0.25,0.4900030094000393,0.5686390480287619
301,14,X,X,D,0,0.3078764282253481,0.25,0.48045699397466674,0.5291525873762934
301,15,X,X,D,1,0.2980984941245513,0.25,0.4797710700223103,0.5285663107316138
301,16,X,X,D,0,0.25,0.25,0.4368565873563693,0.5365179126149375
301,17,X,X,D,0,0.25,0.25,0.4275330572453527,0.5637349699411012
301,18,X,X,D,0,0.25,0.25,0.43799559589705683,0.5783302513181954
301,19,X,X,D,0,0.25,0.25,0.4469082870392122,0.5739096306804502
302,0,X,X,D,1,0.5751502566917444,0.5024428482644422,0.2616875499931857,0.4203771428888153
302,1,Y,Y,J,0,0.544730371064373,0.4987539207795617,0.25,0.4436125866642898
302,2,X,Y,J,0,0.5848960678870544,0.5224015605781629,0.25,0.4506080057720173
302,3,X,Y,J,1,0.5806003021774367,0.5708711622344752,0.25,0.4425270645044959
302,4,X,X,D,0,0.5840249303181835,0.5623679891518718,0.28361880776725873,0.45656218214614275
302,5,X,X,D,1,0.594410767462246,0.58310191281311,0.268609405947052,0.44300296408028755
302,6,X,Y,J,0,0.5613258362616668,0.6007728327885276,0.2579434417189248,0.46636607399606905
302,7,X,X,D,1,0.5624176165079644,0.5840898603544418,0.25,0.4758741176956541
302,8,X,X,D,0,0.5582249125486174,0.6050648350253782,0.25,0.44833510633423845
302,9,X,X,D,0,0.5202990599242852,0.6088525666454567,0.25,0.4294466347862731
302,10,X,Y,J,1,0.5064824737528464,0.572929072555821,0.25,0.45122434384400045
302,11,X,X,D,1,0.5360295968603581,0.5882611057369038,0.25,0.469665038441931
302,12,X,X,D,0,0.542311991894025,0.6023720224414845,0.25,0.5153468886003737
302,13,X,Y,J,0,0.550207427277962,0.6180864024071052,0.25,0.5254891644281264
302,14,X,Y,J,0,0.555245973736195,0.5997771805923253,0.25,0.5562068838591007
302,15,X,X,D,1,0.5438588219651667,0.6228856193744253,0.2574780145834905,0.5447012079944363
302,16,X,X,D,1,0.5403831806387115,0.6349035215773442,0.291911229121847,0.5796992442598198
302,17,X,X,D,0,0.5462247113328957,0.6589449409999802,0.2662424660876953,0.5835610645708976
302,18,X,X,D,1,0.548020959475606,0.6699083899318827,0.25,0.5671257084042851
302,19,X,X,D,1,0.5853326829546937,0.7058633108490251,0.26996766563860825,0.5949714843286581
303,0,X,X,D,0,0.7497235315753091,0.6838170020683307,0.7144068154089054,0.3286609918423778
303,1,Y,Y,J,0,0.75,0.7290337765563027,0.7484367687427427,0.35512292355997355
303,2,X,X,D,0,0.75,0.75,0.7165125025156522,0.3127229326048691
303,3,X,X,D,1,0.75,0.7463191147811854,0.7067849922410985,0.2969954832027611
303,4,X,X,D,1,0.7244045626701067,0.7328484567962934,0.7017923232945598,0.2901787717504757
303,5,X,X,D,1,0.7431242567682255,0.75,0.7067480888074272,0.3131544566616763
303,6,X,X,D,1,0.7220700584577728,0.75,0.7236286253097653,0.2913170502284081
303,7,X,X,D,1,0.6817921073902987,0.75,0.75,0.29048879547933504
303,8,X,X,D,0,0.6560923108403943,0.75,0.7149506995683773,0.3036133134285441
303,9,X,X,D,0,0.6666241084404579,0.714459228686737,0.7309440791037171,0.2798428553446483
303,10,X,X,D,1,0.6863712387754052,0.6655892365238716,0.7189499431807357,0.29745872057529704
303,11,X,X,D,1,0.727094058475554,0.6897171980760471,0.7319992240973758,0.275828372289483
303,12,X,X,D,1,0.7028754907144996,0.6809693927773782,0.75,0.25599139358091255
303,13,X,X,D,0,0.6884737286551265,0.6657267809525187,0.7318973423898087,0.25
303,14,X,X,D,0,0.6790208527906803,0.6695823819183562,0.7157184924592586,0.27375337528909693
303,15,X,Y,J,1,0.6965872438290724,0.6715515954824632,0.7255772575562321,0.25739886746379687
303,16,X,X,D,1,0.7035887942408038,0.6276706148946722,0.7249474649823171,0.25338088239071443
303,17,X,X,D,1,0.6690834341204766,0.5902582173116518,0.75,0.2610735062243503
303,18,X,X,D,0,0.6755087240107858,0.6021932118521283,0.75,0.26338983423036766
303,19,X,X,D,0,0.6449145645404526,0.5974585763981423,0.75,0.2562550102841209
304,0,X,X,D,1,0.6580498614372536,0.5891738211253919,0.4092154358386156,0.543246466397671
304,1,Y,Y,J,1,0.6371108199137467,0.6254339460574169,0.4288428496162937,0.5549378318201496
304,2,X,X,D,0,0.6614378658305141,0.6148654213966848,0.3688538709962828,0.5468413791900468
304,3,X,X,D,1,0.69830272714019,0.6359486737700069,0.37562665929521744,0.5291791937690697
304,4,X,X,D,0,0.6967476168836383,0.6454312549113711,0.35039520884529257,0.5404458835021377
304,5,X,Y,J,1,0.6923079970781928,0.634359329506101,0.32281090510383764,0.5700669729406902
304,6,X,X,D,1,0.7392755426729908,0.607183451101897,0.3540355056296943,0.5922617772107778
304,7,X,X,D,1,0.75,0.6184112071882419,0.39724481046584603,0.6450666657258319
304,8,X,Y,J,1,0.75,0.6272985788644634,0.41208978883450753,0.6336300531283117
304,9,X,Y,J,0,0.75,0.6857324112583434,0.39341678777504774,0.5973915803310045
304,10,X,X,D,1,0.75,0.6545983074313365,0.39208389732776855,0.5879414957412021
304,11,X,Y,J,0,0.75,0.6761557121133992,0.40290774194445717,0.5727834859135171
304,12,X,Y,J,1,0.75,0.7103411087026286,0.40015019307310323,0.5972708716906756
304,13,X,X,D,1,0.75,0.7325694643716383,0.3464461143389296,0.5787000933850526
304,14,X,Y,J,0,0.7450317846267984,0.75,0.35687798701833606,0.6132831044247987
304,15,X,X,D,0,0.738269351903002,0.6743802579336324,0.35744730388167506,0.655533339578587
304,16,X,X,D,1,0.665506539463304,0.655538019096619,0.3080557871412025,0.6970288506508623
304,17,X,X,D,0,0.6321935320759811,0.6896915031591986,0.2822859743832357,0.7060161524428517
304,18,X,X,D,0,0.6106138188670999,0.6621900497627221,0.2854820791757643,0.7251968342902029
304,19,X,X,D,0,0.6124541214047654,0.662255725495384,0.33808910580809687,0.74402290045131
305,0,X,Y,J,1,0.5305392109568134,0.5521961465368258,0.6901155818786027,0.5678834467235453
305,1,Y,Y,J,1,0.5085283001503375,0.5421582008380726,0.6814561780657272,0.5779359715936356
305,2,X,Y,J,1,0.51641322914793,0.5252892137238119,0.6701231883900625,0.5889656864435309
305,3,X,Y,J,1,0.5250033916755081,0.5209994057998324,0.6649678081192173,0.5859465364680115
305,4,X,X,D,0,0.515919827155263,0.484681551242737,0.6735412364203552,0.5829233524955568
305,5,X,X,D,0,0.4958938061971885,0.480763397173747,0.6589021438346797,0.588228566444025
305,6,X,X,D,1,0.5195745762950675,0.47591652111869553,0.6739374047776835,0.6296996052078445
305,7,X,X,D,0,0.5478903635922794,0.48275199777125133,0.668241679646004,0.5807582237123097
305,8,X,X,D,0,0.5752700652641295,0.46467324026198803,0.6879988042345456,0.5692991015337835
305,9,Y,Y,J,1,0.5998855257172881,0.46430722828248966,0.7075440721761771,0.6035020683104302
305,10,X,X,D,0,0.5861513579981444,0.48173735738671847,0.7339935323054504,0.5757262113861579
305,11,X,X,D,1,0.542343711291596,0.466100575225531,0.686537651128578,0.5698462027890924
305,12,X,Y,J,0,0.5886031052549708,0.48032998728818416,0.703913663857541,0.5740960713532397
305,13,X,Y,J,0,0.5458455962115324,0.4555177076094942,0.7125712999952379,0.6314234185076221
305,14,X,X,D,1,0.531533303124627,0.46052284176289704,0.6913739744172377,0.6287532609538765
305,15,X,X,D,1,0.5140058362121692,0.47718432542211103,0.7149682652139582,0.6080213325511451
305,16,X,Y,J,0,0.5511165905642809,0.4573173614911252,0.6735883470904396,0.5929151677009399
305,17,X,X,D,0,0.54351665942141,0.4871932828507957,0.6625340817892051,0.6140596861846077
305,18,X,X,D,0,0.5131219800228213,0.5029921250142765,0.7093814556470908,0.5957516771589958
305,19,X,Y,J,1,0.5312419749915593,0.49530322744205285,0.6841847725748053,0.5675213691358609
306,0,X,X,D,0,0.46053079036022493,0.34770663507479166,0.30116091616565116,0.5762840318110087
306,1,Y,X,F,1,0.4780490820594732,0.3495582437866421,0.28716793185940614,0.574509192022347
306,2,Y,Y,J,1,0.48390483076519386,0.35210209631805744,0.32019248791979027,0.5991651123282693
306,3,Y,Y,J,0,0.45895810364600875,0.34557257490866505,0.3420632462779632,0.6195213983860753
306,4,X,Y,J,0,0.43368370031155684,0.33773205534157974,0.3337884638909157,0.6300015107433895
306,5,X,Y,J,0,0.39457243163248423,0.3639651038885893,0.2911697461434494,0.6050185960453374
306,6,X,X,F,0,0.39887704805124774,0.3787785338047161,0.28296620054559396,0.5920908813398729
306,7,X,X,F,1,0.4034055116615138,0.38258870081911633,0.2782215295603575,0.5758424746116438
306,8,X,X,F,0,0.4015009358609165,0.3578162639405219,0.25,0.5568303838541739
306,9,X,X,F,0,0.4075397831524298,0.3924374087577662,0.28158838169963646,0.5487025556251413
306,10,X,X,F,0,0.4580697421541374,0.39717826925153726,0.3019743281927763,0.5366224416830517
306,11,X,X,F,0,0.45981325011535895,0.43933166022853287,0.29076335335196074,0.5433254476833127
306,12,X,X,F,0,0.41336857931148807,0.48545528860213105,0.349200745302283,0.5478257355778783
306,13,X,Y,J,0,0.4091227253491226,0.506256616029484,0.3737982838989436,0.5314511650404655
306,14,X,X,F,0,0.38454853555009794,0.5002271660261031,0.36857949348045693,0.5514667317783701
306,15,X,Y,J,0,0.4012969356946893,0.4898688887436661,0.36439506173124175,0.5133687202931249
306,16,X,Y,J,0,0.44255050238613064,0.5094672100087194,0.3700989202922391,0.5250557035457822
306,17,X,X,F,1,0.3977019762876138,0.5255218621879952,0.3693626404688167,0.5238566201129161
306,18,X,X,F,0,0.4203912372240865,0.5190946666197992,0.39368445618942194,0.516293349318103
306,19,X,Y,J,1,0.4173766078881804,0.48712464640171144,0.39026163910736505,0.5192167712165662
307,0,X,X,D,0,0.43541053030698323,0.6145267961345764,0.5913080621284825,0.43642286534279423
307,1,Y,Y,J,0,0.40753567749047626,0.6239270675275441,0.5889139461507966,0.4414170216785746
307,2,X,X,D,0,0.37355018958886477,0.6314760280307815,0.5570865376945822,0.4675763809603642
307,3,X,Y,J,0,0.3367499553510146,0.6487332490632327,0.5780333776519994,0.4666771264050573
307,4,X,X,D,0,0.36646382966641594,0.6821609931918,0.5440686316711216,0.4616602534744108
307,5,X,X,D,1,0.33947950302648616,0.6768046792798158,0.5283714028210709,0.4251352998652703
307,6,X,X,D,1,0.32812981490342635,0.6687772389685607,0.5539937625071252,0.4350176857885224
307,7,X,Y,J,0,0.2999951258136708,0.627891742539868,0.5693907827609234,0.4694866688991776
307,8,X,Y,J,0,0.3033817931789463,0.597230464363165,0.5845911487296114,0.46468367336554406
307,9,X,X,D,0,0.2919147666430411,0.6097943697295775,0.5780216338952362,0.463592846215038
307,10,X,X,D,0,0.3410011980671178,0.6004101885105154,0.5610231541287771,0.47882423973123006
307,11,X,Y,J,0,0.3951317536907377,0.5589279320895506,0.5850697739488682,0.47688818144980943
307,12,X,X,D,0,0.42781544131518323,0.6092014340767875,0.5853683321178696,0.4905050071443853
307,13,X,X,D,1,0.4193441092809594,0.5414711653447877,0.631405829710289,0.4982850774049674
307,14,X,Y,J,1,0.4162352924951025,0.5193442796865413,0.61928430777776,0.5035300669381757
307,15,X,Y,J,1,0.4157935102671587,0.5143353484384244,0.6050937384329667,0.5172781468823003
307,16,X,X,D,1,0.3890056473079629,0.541978084846308,0.5779177213407029,0.5180991237936066
307,17,X,X,D,0,0.41510152726238814,0.5445032617186483,0.547966392714108,0.5541855669164261
307,18,X,X,D,1,0.4089115481428113,0.5828376134998686,0.5299419435424598,0.5415311571793068
307,19,X,X,D,1,0.40016854589159945,0.5486458351131027,0.5369635140195441,0.5302379189444494
308,0,X,X,D,0,0.280167896176682,0.576084720774649,0.5989187413441148,0.5337413825979863
308,1,Y,Y,J,1,0.26895133139197064,0.5464038869920946,0.5589842495068127,0.5931883516684112
308,2,Y,Y,J,0,0.27200646502181713,0.5300668841396392,0.5458677118622134,0.6009332089118029
308,3,Y,Y,J,1,0.28652944936541325,0.5208670795003155,0.5082166918817224,0.5877496654607295
308,4,Y,Y,J,0,0.3023705656682759,0.5428517507688364,0.48327036619056124,0.5989792382638639
308,5,Y,X,D,0,0.30054165887650636,0.5249775031113851,0.5169644673683577,0.6073310899582621
308,6,Y,Y,J,1,0.30806382190859877,0.4935684156607217,0.522845171526577,0.6365113234509742
308,7,Y,Y,J,1,0.31807486728388173,0.4999075084969155,0.5181954154593312,0.6398670524796113
308,8,Y,X,D,0,0.31365949644859487,0.4977240974517658,0.485260182137465,0.6344340243316144
308,9,Y,X,D,1,0.31856245506390074,0.49405620476466205,0.4934382194526554,0.628197616651956
308,10,Y,X,D,0,0.3078393998261607,0.5192501561777642,0.526054171542375,0.6133503306412191
308,11,Y,X,D,0,0.2719264876428756,0.5028794925189515,0.516249812696554,0.5905971425306518
308,12,Y,Y,J,0,0.25,0.48992581503162125,0.5231112492005646,0.6275155462569856
308,13,Y,X,D,1,0.2520348729703474,0.4869088826462891,0.5683211765140578,0.6238778335818
308,14,Y,Y,J,0,0.2565574065403707,0.46706728964953576,0.5472834186215041,0.6419734777538602
308,15,Y,Y,J,0,0.2797559528132663,0.47877656688691583,0.5516084825047106,0.6800273587064947
308,16,Y,Y,J,0,0.2786315748597593,0.5309374339867294,0.5178625370325881,0.6657738240817243
308,17,Y,Y,J,1,0.25,0.5034439511871645,0.4950546527582788,0.6419077333685044
308,18,Y,Y,J,1,0.25,0.4979469111465263,0.45121645518469056,0.6359670171684632
308,19,Y,X,D,0,0.25808407884729356,0.5028883748741707,0.42852152493537865,0.6574220035452643
309,0,X,X,D,1,0.6536486093602085,0.7136891420624212,0.4214690266667744,0.7121686769115381
309,1,Y,Y,J,0,0.6476519682602686,0.7383188718923587,0.4076402653527043,0.7137834159054288
309,2,X,X,D,1,0.6437183659804783,0.7332403636417816,0.4302251263184044,0.6848897232795328
309,3,X,X,D,0,0.6609033511267943,0.7286846191251689,0.4700878289758216,0.6904780069203926
309,4,X,X,D,0,0.6917517362673915,0.7417880213851674,0.4507864628119793,0.6939360140825255
309,5,X,X,D,1,0.6974625494570019,0.7019681861435163,0.406362271405619,0.7464752210408285
309,6,X,X,D,1,0.6846576116882716,0.6818130802978435,0.43448251046241043,0.7341880475352951
309,7,X,X,D,1,0.6994286884693919,0.691451595043181,0.4240163702243036,0.75
309,8,X,X,D,1,0.6710372209055468,0.6952281433103492,0.4534050086941598,0.7416694238596832
309,9,X,X,D,1,0.680357873083723,0.6938955942313649,0.47477050874523563,0.7428883368030111
309,10,X,Y,J,1,0.6926770205674432,0.6942648008211462,0.49673611086708286,0.75
309,11,X,X,D,1,0.7112674402143125,0.6732990616428449,0.4759193930154709,0.75
309,12,X,Y,J,1,0.6992759758512784,0.6541539785754379,0.42919137744735375,0.7483748477427806
309,13,X,Y,J,1,0.6599097583873541,0.651176613750031,0.4738134668442127,0.7440817403283951
309,14,X,X,D,0,0.6452355127173361,0.6675792351723815,0.46644994759189407,0.7131684868354855
309,15,X,Y,J,1,0.6227557582910997,0.6232220468977219,0.4735117590872359,0.6985060724954288
309,16,X,X,D,1,0.5950802835916129,0.5820759366180911,0.4812893505254117,0.7128887408737528
309,17,X,X,D,0,0.5747291783820289,0.5896684954546846,0.4967640525565416,0.740009884075477
309,18,X,X,D,0,0.5928779032389145,0.5698627649763508,0.5008562660188345,0.75
309,19,X,X,D,1,0.6037705932264917,0.5568725519759851,0.5370319877467524,0.7226555476880014
310,0,X,X,D,0,0.4987091304060636,0.49728636972221424,0.44242065286746707,0.2761069110331802
310,1,Y,Y,J,0,0.5307801235642159,0.5364284244941396,0.4674463267627201,0.2755862622406996
310,2,X,Y,J,0,0.5545553969904249,0.5546640326246912,0.4342237502382029,0.31123831664914015
310,3,X,Y,J,0,0.5494906715367116,0.5536555011838993,0.4349206376491828,0.2943950283631979
310,4,X,X,D,0,0.5355076482241269,0.5232298489839304,0.452745483385102,0.30138959988282904
310,5,X,X,D,1,0.5266703987044744,0.5147425077823985,0.4033555272187425,0.28916990255504466
310,6,X,Y,J,0,0.5485577919440382,0.5151175966197993,0.35781916389182566,0.28205812030384037
310,7,X,X,D,0,0.552453006403327,0.5150114465793535,0.3265186410588191,0.2609153025080327
310,8,X,Y,J,0,0.5471573302397654,0.5610596759611746,0.3396376557551809,0.27741898408516574
310,9,X,Y,J,0,0.552105260334711,0.5630699841376954,0.34587895739207264,0.26510318707269365
310,10,X,X,D,1,0.553021383505635,0.5459988208891571,0.3389690768531886,0.3018614020258595
310,11,X,X,D,0,0.5529920562060021,0.5498478774163827,0.2831681597154227,0.32228017019855204
310,12,X,X,D,0,0.5241624815268079,0.5447147766308837,0.28986068428577605,0.3250307019041628
310,13,X,X,D,1,0.5282911588339747,0.5438319856757599,0.30429399260061585,0.33207578327562687
310,14,X,X,D,1,0.5139431015788863,0.5141903090126407,0.3101773212701212,0.32176921866588615
310,15,X,X,D,1,0.534942156228675,0.5524769030899566,0.3278179116621215,0.3181888067240877
310,16,X,Y,J,1,0.5390228212903208,0.5096009087815565,0.28312029353578194,0.32600612828108516
310,17,X,X,D,1,0.5804372724879817,0.49059414598096696,0.2988555206642883,0.29197119955564793
310,18,X,Y,J,1,0.5838352390549167,0.46166902465420445,0.3296978002133824,0.2518230393154881
310,19,X,Y,J,0,0.5811098320179111,0.4474447591274581,0.31451020482856484,0.2629049969265669
311,0,X,Y,J,0,0.36343732673413026,0.396775461540843,0.5236371272562832,0.6431587243993033
311,1,Y,X,D,0,0.3729731897495485,0.36909263851752805,0.5390519828511954,0.6293545179475095
311,2,X,Y,J,1,0.4019436598775181,0.3480036826010679,0.4954666819162129,0.6181124855257224
311,3,X,X,D,1,0.4145223145799874,0.31891364623093105,0.49572487108515323,0.6217167766742328
311,4,X,X,D,0,0.3940416489762815,0.32713132671236245,0.5380626120298598,0.6125539651485037
311,5,X,X,D,0,0.3462383604110254,0.32713886262484676,0.5204658016479777,0.5943470764591597
311,6,X,X,D,1,0.4028298562618168,0.3399413518077996,0.47399043870077884,0.5686379987542092
311,7,X,Y,J,1,0.3684965375011028,0.39378110043464454,0.44557191616704966,0.5630203220534691
311,8,X,Y,J,0,0.4035707346976685,0.37853624601224095,0.4106863530285195,0.5607745370716961
311,9,X,X,D,0,0.4403468656762285,0.3817994384499254,0.41905425228613885,0.552154731017913
311,10,X,X,D,0,0.4526077856416818,0.36948058803450423,0.3907065039414977,0.5593003748565771
311,11,X,X,D,1,0.44189961613013895,0.3785530347097056,0.3933612269100819,0.5776504435829984
311,12,X,X,D,1,0.3899016969450571,0.37221490744744995,0.4091196171951943,0.580438251749777
311,13,X,Y,J,0,0.38034412038289456,0.387297930096057,0.3959912113603272,0.6133894581675834
311,14,X,X,D,1,0.4055582405830868,0.3787697371713331,0.40684414086583465,0.6739303556003882
311,15,X,X,D,1,0.3961244375392648,0.3822465500302746,0.4333490933712687,0.6726329869493415
311,16,X,Y,J,0,0.3702777294273518,0.4098000510040347,0.43877520083808047,0.6679752498891811
311,17,X,X,D,0,0.364715041371921,0.4282764984193891,0.4568259295908805,0.6332784885999928
311,18,X,X,D,0,0.4025010929013905,0.4208652487898474,0.4655280219072598,0.5865416554079301
311,19,X,X,D,1,0.4242640277172533,0.40345876459682095,0.4934828345041276,0.6066350554309297
312,0,X,Y,J,1,0.7061385064454884,0.7425389369328015,0.2923261237895108,0.6666515864089881
312,1,Y,Y,J,0,0.75,0.75,0.3006331440245881,0.6687146714374411
312,2,X,X,D,1,0.741148907065485,0.7151988376378152,0.29379324316096883,0.6602216363019979
312,3,X,Y,J,0,0.75,0.7464320710668984,0.3129362374157492,0.6926015458880779
312,4,X,X,D,1,0.7481676360341629,0.75,0.29542295224631115,0.7477533028332216
312,5,X,X,D,1,0.75,0.75,0.29014847451147124,0.75
312,6,X,X,D,1,0.715303643375304,0.7267991903861298,0.25985022694775006,0.75
312,7,X,X,D,0,0.7073136408043189,0.7496068596417375,0.25,0.7399711335911567
312,8,X,X,D,0,0.7142958810318529,0.75,0.25,0.7147619484639849
312,9,X,X,D,1,0.7402887878133045,0.7483935077859041,0.2584992284009657,0.7091536003860844
312,10,X,X,D,0,0.75,0.7083777078921156,0.2652720039523282,0.748836864448574
312,11,X,X,D,1,0.7496178517740549,0.6944647752726673,0.26906021841670236,0.7224555731463518
312,12,X,X,D,0,0.75,0.7086871133216706,0.26040557037129425,0.7305129075538075
312,13,X,Y,J,1,0.75,0.7430190036468038,0.25045251005217045,0.692360881249968
312,14,X,X,D,1,0.75,0.7104971718365898,0.2531548313538323,0.6719609551642892
312,15,X,X,D,0,0.75,0.7048473881527496,0.25,0.6945499539211427
312,16,X,X,D,0,0.6914427330780706,0.6929633885605916,0.252949088537553,0.6960035161196731
312,17,X,X,D,0,0.7148909764571547,0.7192421565032071,0.281090974610351,0.6713814089157994
312,18,X,X,D,0,0.705205456772571,0.722649897266831,0.2627458154577776,0.644718254647552
312,19,X,X,D,1,0.72598397779831,0.7356639635201331,0.2808018442438108,0.6016694054379722
313,0,X,X,D,0,0.47838823892478527,0.5801393271228164,0.29487544783232145,0.403600772336534
313,1,Y,X,F,1,0.4619517451791248,0.5386301323731562,0.32981457124924757,0.37786181511773
313,2,Y,X,F,0,0.4302839907612122,0.5739181952185922,0.29635852507279375,0.3812635050095956
313,3,Y,Y,J,0,0.4204402248429307,0.5890633000501104,0.2550364297521105,0.35217621840967883
313,4,X,X,F,0,0.42409897799354895,0.6141530612841606,0.27042835229945944,0.3038179193003489
313,5,X,X,F,1,0.43452902057465337,0.5883364887058551,0.2604691528946755,0.2819622599823387
313,6,X,X,F,1,0.46569335214293617,0.5139630193752386,0.26967868628413555,0.25
313,7,X,Y,J,0,0.46710888746775714,0.49714334486641326,0.25,0.25
313,8,X,X,F,1,0.49291961806592555,0.49837447277950536,0.2916676736621068,0.25
313,9,X,Y,J,0,0.5183252693116563,0.5097427594998002,0.3037554584942441,0.2533900867487789
313,10,X,Y,J,0,0.5177569773251357,0.5004119151675736,0.2638275912677208,0.25462096202975537
313,11,X,Y,J,1,0.5671345509992136,0.49624319707190906,0.2760749746350154,0.28888124788840547
313,12,X,X,F,0,0.5755596519846049,0.5383967768403293,0.30335480701240986,0.3025410711894895
313,13,X,X,F,0,0.5612789849223185,0.5385426014080246,0.2874003171023655,0.313699275285742
313,14,X,Y,J,0,0.5515921897229193,0.5128934049732873,0.2717341038517186,0.28959496851935834
313,15,X,X,F,1,0.5239685062534273,0.5021507760169106,0.2986266832322335,0.2660913169398176
313,16,X,X,F,1,0.5638121551871444,0.48258269793606373,0.2808169238065245,0.25649266885083133
313,17,X,X,F,1,0.565050970590163,0.4563641446230271,0.31345452394996814,0.25
313,18,X,X,F,1,0.5473614817964625,0.466623483332039,0.3022320898995161,0.2540535962703277
313,19,X,X,F,1,0.5372182431630753,0.5027162506067882,0.32400235410232997,0.25
314,0,X,X,D,0,0.4747408296873003,0.6460101758753443,0.5091430944606017,0.30171098512409184
314,1,Y,Y,J,0,0.4895155376091131,0.652642269063004,0.5430882188877593,0.2841235908116949
314,2,X,Y,J,1,0.5063908641619027,0.6960559519177865,0.5455806705685832,0.2572067526771426
314,3,X,X,D,1,0.48827306459586456,0.6743690462111777,0.5675912659243286,0.2695204663874526
314,4,X,X,D,1,0.45356126635053534,0.6497795267552559,0.5665741629808977,0.25231588882900585
314,5,X,Y,J,0,0.5040315510998575,0.698904162889013,0.5834131944983583,0.25
314,6,X,X,D,1,0.512451493397153,0.6789822768492249,0.5734365594593172,0.2611669248551148
314,7,X,Y,J,0,0.5044650953676887,0.7131011513412066,0.5855136081923863,0.25187924182663024
314,8,X,X,D,0,0.5363574655182408,0.6921617959114593,0.573916401995927,0.25
314,9,X,X,D,0,0.5339406492443078,0.6794376851268095,0.5884819338417763,0.25693280555358833
314,10,X,Y,J,1,0.529733262578086,0.6692558732108375,0.6183313785573695,0.25
314,11,X,X,D,0,0.4931959236752835,0.6900911420591693,0.5796600746659278,0.25
314,12,X,Y,J,0,0.47176088502181523,0.722621583896925,0.5747035032205565,0.25
314,13,X,Y,J,0,0.4746104437535168,0.6674222800055452,0.5952028038479497,0.25
314,14,X,Y,J,0,0.4745502906373308,0.6632390125801201,0.6431516447229487,0.27914516395439926
314,15,X,X,D,1,0.4731979879902602,0.6659050263989743,0.7101941125605309,0.3038483530804695
314,16,X,X,D,0,0.5010499936770393,0.6168143319993833,0.6558287578313953,0.3346377400455109
314,17,X,X,D,0,0.5259232277474069,0.6528280028495702,0.6257445930972314,0.3334680509404229
314,18,X,X,D,0,0.5719178629063143,0.6251696115652128,0.6439385889947078,0.32659018543329443
314,19,X,Y,J,1,0.5266620771797734,0.6529772527523833,0.6548091962363716,0.31829457920461884
315,0,X,X,D,0,0.5033415649500228,0.40721957582499413,0.4301123861630256,0.6269535890460785
315,1,Y,Y,J,1,0.5099363433392399,0.44743083950794565,0.4366411869610188,0.6196213216409393
315,2,Y,Y,J,0,0.4891221198552922,0.39882055969005736,0.4630548951952952,0.6486002000123311
315,3,Y,X,D,0,0.5210662568536956,0.3991052650707705,0.45188262819981684,0.6933585191392506
315,4,Y,X,D,1,0.4896419690700915,0.4081977605464593,0.44402721689051955,0.7161648462010259
315,5,Y,Y,J,0,0.44642692059856515,0.39945082836083845,0.45262637613020545,0.7376151231313132
315,6,Y,Y,J,1,0.4256369571209372,0.4238014138603982,0.4940869167182242,0.725690892757741
315,7,Y,Y,J,0,0.4104007800586684,0.42233097194323427,0.43954386255282357,0.75
315,8,Y,X,D,0,0.3907776470197879,0.40676666751230744,0.43443620723454335,0.75
315,9,Y,Y,J,1,0.41707017705838156,0.42035103191348994,0.37996063793434165,0.7477531970448453
315,10,Y,Y,J,0,0.4086068300304271,0.4016822156329117,0.3533936312747543,0.726316958603966
315,11,Y,Y,J,0,0.4258535267670342,0.4163538315078092,0.3662184772752651,0.723140824181183
315,12,Y,Y,J,0,0.42357455775489916,0.42059858857052884,0.3854769207097347,0.7190993674278183
315,13,Y,Y,J,0,0.44152035093962017,0.4078749011973678,0.38187376147378377,0.7095035940443003
315,14,Y,Y,J,0,0.43035249159486566,0.40948122657399444,0.34916481591324483,0.7048623756186134
315,15,Y,Y,J,1,0.42071609901108187,0.43483794102090095,0.35188095756378246,0.7148455607209775
315,16,Y,X,D,0,0.38030116463049446,0.44296973078472046,0.350299263349452,0.7262581791690185
315,17,Y,Y,J,1,0.36749508880102033,0.37957398419649413,0.3446918302189794,0.7340133356378102
315,18,Y,X,D,0,0.3668425738554176,0.38378135123716256,0.3390594823089671,0.75
315,19,Y,X,D,0,0.4031721756897596,0.3718631740489811,0.35926519195475515,0.75
316,0,X,X,D,1,0.36852782840678977,0.7268940993517946,0.6197417401921054,0.36688298162879873
316,1,Y,Y,J,0,0.39966265031057335,0.7158008294312882,0.5941313111316692,0.3578532839929148
316,2,X,Y,J,1,0.4030628949351153,0.75,0.5930492160590686,0.38716395330027886
316,3,X,Y,J,1,0.3865808781161459,0.7085378276613763,0.618140739153662,0.39864163568209143
316,4,X,X,D,1,0.3813079818707445,0.7293524020383317,0.5824893178407279,0.4013591175417403
316,5,X,X,D,1,0.3959736569020185,0.7224173520977885,0.5979152810005167,0.4549198301497165
316,6,X,X,D,1,0.4262443566132721,0.7499361890790127,0.607327093837507,0.47861492476787304
316,7,X,X,D,0,0.4368487838192337,0.75,0.555529923017684,0.5080237154024033
316,8,X,X,D,0,0.3592195117247629,0.7076440245249076,0.5779507971530256,0.5265230619707267
316,9,X,Y,J,1,0.36427940120363816,0.7084416015234167,0.557762307530237,0.5229949908953814
316,10,X,X,D,0,0.3430572462040139,0.7207596955712222,0.5545040755505732,0.5140092515713036
316,11,X,X,D,1,0.32369842890486733,0.7005087330343237,0.5201181969620629,0.5192037885599532
316,12,X,Y,J,1,0.32768574320250954,0.6884467934731355,0.4572832377201213,0.5056737757528528
316,13,X,Y,J,1,0.28300470704926833,0.6607009419441843,0.4229319851543315,0.5367895099847192
316,14,X,X,D,1,0.28564127549723944,0.644998345908935,0.404163370205233,0.5550735363237148
316,15,X,X,D,1,0.3277115658792758,0.6638180796201119,0.41724673590591665,0.5537050342488984
316,16,X,X,D,1,0.3361267489593964,0.6486480949414608,0.4115061621144357,0.5317396012234407
316,17,X,Y,J,0,0.38386563919918915,0.6410797305929969,0.46239373567776476,0.5841458279377488
316,18,X,X,D,0,0.42209988919470603,0.641499271282995,0.48858525196882,0.5970256478930308
316,19,X,Y,J,0,0.43477741249553103,0.6887752387136234,0.48156200389302695,0.6067112946517276
317,0,X,X,D,0,0.2605492301086707,0.271619068530241,0.6835056319412061,0.2941466828548961
317,1,Y,Y,J,1,0.2984922932951787,0.2748008606624382,0.7220816392931135,0.3205368326087788
317,2,Y,Y,J,0,0.3141692989759465,0.2809169878615012,0.695516466786288,0.31964659198533446
317,3,Y,X,D,0,0.3240962955652976,0.27093782195493943,0.6970265621156363,0.2941746708173991
317,4,Y,X,D,0,0.31773101707893076,0.2545183229707687,0.7117287647020273,0.2856805803273268
317,5,Y,Y,J,1,0.3370290382532901,0.2710806073007754,0.7044944403497154,0.2845292046794165
317,6,Y,X,D,0,0.30538811180868636,0.2835247606580811,0.6737228756811354,0.2672850128329338
317,7,Y,Y,J,1,0.3098173830785313,0.3149044197769853,0.6849860001559384,0.25
317,8,Y,Y,J,1,0.291557422493272,0.3120762203961914,0.684251591217405,0.25
317,9,Y,Y,J,1,0.301253499315088,0.3095236442547893,0.6295486257328535,0.2944053322092716
317,10,Y,Y,J,1,0.28753981863164396,0.32295376592948044,0.633681195477685,0.29566767643721725
317,11,Y,Y,J,1,0.25157482288746286,0.3086634590440814,0.6580470413709525,0.29432533548742473
317,12,Y,X,D,0,0.2799033265997072,0.37244469381216766,0.6604691263663632,0.2792968738125851
317,13,Y,X,D,1,0.3431886828057358,0.402661439942363,0.6646320332557392,0.2629932437477086
317,14,Y,Y,J,1,0.37952204122325317,0.3756743161801471,0.6850502976963819,0.25
317,15,Y,Y,J,0,0.3917439619278321,0.3900352973124754,0.6805394791732824,0.26062174809673805
317,16,Y,X,D,0,0.39141719899663296,0.3752659134710316,0.6825746232873146,0.2681704915961618
317,17,Y,Y,J,0,0.4078222486485281,0.37645781183971827,0.650601306729083,0.25
317,18,Y,Y,J,1,0.41660867809795676,0.3274915197747437,0.6202244711586066,0.25
317,19,Y,Y,J,1,0.3880618666246556,0.3177139260170241,0.6294956671349922,0.25
318,0,X,X,D,1,0.5931422113113807,0.28278049325249005,0.735074297422578,0.4060705934420579
318,1,Y,Y,J,1,0.5891100436227983,0.3248767185336179,0.7362288579240922,0.39145047341003253
318,2,X,X,D,1,0.5600241459604332,0.32181806821343356,0.742573108497118,0.445439141531845
318,3,X,X,D,0,0.5564657754770698,0.38362622273020985,0.7058373323293587,0.42977331376479255
318,4,X,X,D,0,0.5271547119268203,0.36544118507852935,0.715206883747566,0.43953390478407317
318,5,X,X,D,1,0.5330230652977025,0.38775464229181233,0.7322599935681663,0.4037077308860041
318,6,X,X,D,0,0.5548025826641242,0.38136963601356666,0.6546555014963388,0.4327778755791958
318,7,X,X,D,1,0.5771668122422406,0.3460730562461039,0.6552364730313948,0.42959284358498745
318,8,X,Y,J,0,0.5522385590441593,0.3928427699143199,0.6817590919657005,0.3896484944666205
318,9,X,X,D,1,0.5598695719852932,0.3995464478968081,0.6726352881793094,0.40337611046177574
318,10,X,X,D,0,0.5567021243532094,0.4071064097436574,0.6585740221957984,0.38429531249136295
318,11,X,Y,J,0,0.5493685433992583,0.40249901132275606,0.6749608074925727,0.3627705554466155
318,12,X,Y,J,0,0.5722615761202365,0.4178361843633235,0.6402245647417706,0.35879698649312336
318,13,X,Y,J,0,0.5930587853490507,0.4251288151275998,0.6618963893324855,0.34157124929534133
318,14,X,X,D,0,0.5665199000885816,0.41886764131132465,0.6842592603638089,0.3140939611305537
318,15,X,Y,J,1,0.5564435217285879,0.4394491687454715,0.6913269598121689,0.3312995277469634
318,16,X,X,D,1,0.5761085419764376,0.4089106714233666,0.75,0.3222385057728086
318,17,X,X,D,1,0.5645638421150033,0.34638914223661704,0.7274713614297179,0.3225614777326124
318,18,X,X,D,0,0.5564781070454742,0.383457533208065,0.75,0.346022903561822
318,19,X,X,D,0,0.5494871699170882,0.3991117590318933,0.7321180423535161,0.34723877929327823
319,0,X,Y,J,1,0.48674644960776603,0.6858757604584078,0.4473203692140255,0.6939783319687345
319,1,Y,Y,J,1,0.516076424982257,0.6481420439102168,0.45084919606242185,0.7009245359325003
319,2,X,X,D,1,0.5054909059154763,0.652416276517571,0.44784059579888297,0.6717950066516912
319,3,X,Y,J,1,0.5072215859686721,0.6242262089893786,0.45355789411096936,0.6385675201843625
319,4,X,Y,J,1,0.5343361207244096,0.628685579267675,0.47478472058027343,0.6309525709019734
319,5,X,X,D,1,0.5089983020614643,0.5961935702946579,0.507142086141514,0.6332200073953396
319,6,X,Y,J,1,0.4624390899305398,0.5935015872536011,0.4965486728488094,0.6050996479968037
319,7,X,X,D,1,0.4991744086023085,0.5670843234641744,0.5065973614922195,0.5952633706098114
319,8,X,Y,J,1,0.5223188331663012,0.5739873522073291,0.5234967187788124,0.6428724208582424
319,9,X,Y,J,0,0.46332273386002737,0.5920837451574478,0.5076461914057292,0.6191852484322724
319,10,X,Y,J,1,0.4471078532226026,0.6041100718337489,0.5642669930907201,0.6341310987887941
319,11,X,Y,J,1,0.42961730450391644,0.5872825574975967,0.6188018557245251,0.5942484076403781
319,12,X,X,D,0,0.4125629211223589,0.594700341500055,0.6125916470735957,0.6096086783292968
319,13,X,X,D,0,0.4377189364524017,0.6011359133952872,0.6089854624494727,0.6613787740668179
319,14,X,Y,J,1,0.4171365159363266,0.5937737574773814,0.6212354528887308,0.6919380340399887
319,15,Y,Y,J,1,0.43094407772608373,0.6005102072709898,0.6189433639634467,0.7086724288023034
319,16,X,X,D,1,0.44321258720155443,0.6158086913313314,0.6287582220133717,0.729024873794493
319,17,X,X,D,1,0.4684580390749819,0.5855279067281028,0.6457530611434859,0.6904707466267888
319,18,X,Y,J,0,0.5113716219748274,0.6024485412706506,0.6083225619463861,0.704850013727501
319,19,X,X,D,1,0.48421243712993833,0.596255416274066,0.6200587096996288,0.7237512902663297
320,0,X,X,D,0,0.7308976102335043,0.411365472101484,0.7222990953295525,0.2548883007944328
320,1,Y,Y,J,1,0.7275491394571972,0.3759457620300503,0.7176147933642028,0.25
320,2,Y,Y,J,1,0.6877793027537219,0.3856928979885727,0.75,0.26871328458761695
320,3,Y,X,D,1,0.7110685361556449,0.3654068474499019,0.75,0.25159251855732484
320,4,Y,Y,J,0,0.7184259416674887,0.3457067471814064,0.75,0.2581015644592867
320,5,Y,Y,J,1,0.7365530522962048,0.32753930016686456,0.75,0.25
320,6,Y,Y,J,1,0.7107673028930157,0.31422030114870536,0.75,0.25
320,7,Y,Y,J,0,0.7491992604575258,0.28888304302750123,0.7482562062821451,0.2683895941024067
320,8,Y,Y,J,0,0.7310223187018055,0.28594224674212904,0.7310465549505368,0.28641236258061514
320,9,Y,X,D,0,0.7105437619587398,0.28625428237126,0.75,0.3473811326818764
320,10,Y,X,D,1,0.7054463654661998,0.25926581892343026,0.75,0.3435805781172303
320,11,Y,X,D,1,0.6785912519742385,0.26788973387392234,0.75,0.2736037457076491
320,12,Y,X,D,1,0.6717701142827224,0.25,0.7342731073480442,0.30364830934955617
320,13,Y,Y,J,1,0.6688896234524639,0.25057551649073206,0.7179423570109134,0.33149064868582284
320,14,Y,Y,J,1,0.6805498357718719,0.25,0.7193700909560573,0.31759610928209564
320,15,Y,Y,J,0,0.6913958485592074,0.25,0.7044708576347798,0.2841547811404421
320,16,Y,Y,J,1,0.6492640248008985,0.25,0.7195210753159264,0.2542671420266014
320,17,Y,Y,J,1,0.6771727344673765,0.25,0.7198629005806072,0.25
320,18,Y,Y,J,1,0.6587384100057657,0.25,0.7110706997284125,0.25
320,19,Y,Y,J,1,0.681890403156145,0.25,0.7156621402560549,0.2757311070440463
321,0,X,X,D,1,0.400248650042064,0.5007621625217691,0.5575170134199345,0.6420954601480371
321,1,Y,Y,J,0,0.39370245582397934,0.46667017188790577,0.5306594906351307,0.5942443810559764
321,2,X,Y,J,0,0.42479917062450406,0.4729531557008145,0.5115231937259883,0.6265579858866198
321,3,X,X,D,1,0.4262191581404282,0.4450706282749556,0.5305402790720345,0.6672357799414108
321,4,X,X,D,0,0.42733586481458274,0.40295382242758615,0.5136985376233223,0.6714317439906937
321,5,X,X,D,0,0.419244940961926,0.37010431554067996,0.5182785958123919,0.6892463233138654
321,6,X,X,D,0,0.4366234722993047,0.37378658421627725,0.5013815806867914,0.7140263284986055
321,7,X,X,D,0,0.4757798939062364,0.38472669457855824,0.5645096488664386,0.686885553933999
321,8,X,X,D,0,0.48809717140674663,0.3792934602218755,0.5414746029132912,0.6863928385657008
321,9,X,Y,J,1,0.4778973815357019,0.4017381673265982,0.5244254821557819,0.7498688416470742
321,10,X,X,D,0,0.45176764721710017,0.40537479038166296,0.5351148482267607,0.75
321,11,X,Y,J,1,0.49453252126604297,0.3849799128699753,0.5724226135676911,0.7213081646929028
321,12,X,Y,J,0,0.5022924716116867,0.383353053206915,0.5392685443503603,0.719539033768032
321,13,X,X,D,0,0.4845759444797074,0.39238140175721437,0.5338900261554089,0.7319482041242412
321,14,X,X,D,1,0.48728784032911826,0.39575946090444075,0.5354014933187167,0.719865499995809
321,15,X,Y,J,0,0.49625050394796505,0.4188071141872775,0.533917453436445,0.7123674448804722
321,16,X,Y,J,1,0.4544897355729195,0.44700446404267247,0.5616982169912784,0.6838046368401368
321,17,X,X,D,0,0.51819445480941,0.4697555276162491,0.5395420111314522,0.6805496495442357
321,18,X,Y,J,1,0.5408873869418184,0.4928530463161107,0.5513702324967104,0.7230738731931936
321,19,X,X,D,0,0.5549299475479449,0.4557222733732026,0.5436818448221694,0.7415868912716295
322,0,X,X,D,0,0.5213261851346609,0.42618200013746577,0.6617633037156939,0.6754072648132271
322,1,Y,Y,J,0,0.5209719281194228,0.4025077369693247,0.6629101387331847,0.7058070181718841
322,2,X,Y,J,0,0.5388542302592383,0.3445202799530105,0.6441603480727186,0.6892739531160816
322,3,X,X,D,1,0.5576864880721891,0.321825142249376,0.6515337982351269,0.7161427075491068
322,4,X,Y,J,1,0.5813229455140697,0.33838793692887165,0.651655352414613,0.7284418188233043
322,5,X,Y,J,0,0.5788346952910156,0.33663300662147577,0.6741539190904189,0.7112334720279747
322,6,X,X,D,1,0.5846489860387362,0.33922914900221984,0.6451692986679712,0.7191073863515351
322,7,X,Y,J,0,0.5890800790365818,0.36102080498142486,0.6471764825912004,0.6768368810632234
322,8,X,X,D,0,0.6066573795957848,0.3655695497985919,0.6556997516626782,0.6940199419058057
322,9,X,X,D,0,0.6085872580573807,0.37827673978057813,0.6468285370354263,0.7035125116805878
322,10,X,Y,J,0,0.6009790325383269,0.4010773048653088,0.6630994357129716,0.735421047133159
322,11,X,X,D,1,0.5541410031604537,0.37060733459739664,0.6502308535767505,0.7041624879562542
322,12,X,X,D,1,0.5623781286853773,0.3678915656639501,0.7222628380396352,0.694141040628896
322,13,X,X,D,0,0.5790022570854237,0.3669469130700482,0.739593599896443,0.6966167630608153
322,14,X,Y,J,0,0.5613760543194867,0.3660897326131966,0.75,0.6912906606631376
322,15,X,X,D,1,0.5985890514401551,0.3343633616559291,0.7476551037454908,0.7017344442394305
322,16,X,X,D,0,0.5700794451390105,0.32437148988680037,0.75,0.7443826682310927
322,17,X,X,D,1,0.5947083920175514,0.33008117978003815,0.7458128046049363,0.75
322,18,X,X,D,1,0.6171468729330445,0.3249833045025972,0.717489687809235,0.75
322,19,X,Y,J,1,0.6310969858906437,0.3445200633973587,0.7043394395483459,0.7298105010723811
323,0,X,X,D,0,0.5019199078593275,0.7079561388889137,0.37476591017883315,0.32686921172695743
323,1,Y,Y,J,0,0.5187272933243257,0.7291966496138231,0.3760523801967627,0.30094765305104426
323,2,X,X,D,1,0.5361115219742343,0.7391339309054326,0.3849415407148789,0.3213318843543102
323,3,X,X,D,1,0.5313368812621581,0.7471772641388282,0.40887429779721646,0.3035075755585594
323,4,X,X,D,0,0.5476898611376388,0.75,0.3853086157104263,0.27660611367267063
323,5,X,X,D,1,0.5303430414005272,0.75,0.33912304104224866,0.2870290431863134
323,6,X,Y,J,0,0.522169244415051,0.7425247272502539,0.3012026890096932,0.283322371063196
323,7,X,X,D,0,0.5452677420687015,0.75,0.3017186809853135,0.3310618977073289
323,8,X,X,D,1,0.5170542588935001,0.75,0.28430508424546824,0.3266766720932302
323,9,X,X,D,1,0.5307760915752754,0.7340424632147973,0.27124734462076977,0.33378217887708156
323,10,X,Y,J,0,0.5515195393735844,0.75,0.25279685971811067,0.3141628794892965
323,11,X,X,D,0,0.5293021532780617,0.7274074053930654,0.2613595664135861,0.3177871419690838
323,12,X,X,D,1,0.5271242632589895,0.7160601761285648,0.25,0.33753213711630736
323,13,X,Y,J,1,0.5232369222958027,0.7217328328941102,0.25,0.3577704357280724
323,14,X,Y,J,1,0.5016036736619882,0.6781558791130203,0.31214007413448797,0.3590880321414039
323,15,X,Y,J,1,0.4974741728787984,0.7229442953731431,0.28133261501340545,0.36027406746161644
323,16,X,Y,J,1,0.48311936007692524,0.75,0.2659661242984311,0.37913746729226844
323,17,X,X,D,0,0.4413986304172665,0.737149831615989,0.25,0.3737283892854695
323,18,X,X,D,1,0.41472616921095684,0.7389392247364149,0.25,0.35537411867204627
323,19,X,X,D,0,0.3856859171271228,0.7087073186374541,0.25,0.34133006220500234
324,0,X,Y,J,0,0.5675963818607661,0.6171874883990547,0.29717456721608165,0.6563671888269604
324,1,Y,X,D,0,0.5865422581548275,0.6220136703102916,0.2743675286715268,0.6533101694739389
324,2,X,Y,J,0,0.6087840602934973,0.657915253176206,0.2874159339443793,0.648107473044885
324,3,X,Y,J,1,0.5931388210099559,0.6383530089650069,0.28877631109154667,0.661875860033512
324,4,X,Y,J,0,0.5832380949458423,0.6598679854667863,0.30340969244441696,0.6707002556338019
324,5,X,X,D,0,0.6454761292867539,0.6725873428511873,0.3389749562206175,0.6928271462673284
324,6,X,X,D,0,0.664746756739891,0.7203651354065933,0.3370345063189213,0.7135475578931716
324,7,X,X,D,1,0.6702068500088781,0.7332029066914747,0.344826011454373,0.686745104075946
324,8,X,X,D,1,0.6467560325647657,0.6990135518658508,0.3070057223762106,0.6959680569405091
324,9,X,X,D,1,0.633524856064488,0.6656152845636208,0.34916495578388795,0.7063564099090908
324,10,X,Y,J,1,0.6535118441487398,0.6571345862008391,0.35192325677146213,0.6993123420912112
324,11,X,Y,J,0,0.6808147983606363,0.6598123665067923,0.32215146276453127,0.7438449742763089
324,12,X,X,D,1,0.7192119291573073,0.653023804313751,0.3294069309712906,0.75
324,13,X,X,D,1,0.7242566198929404,0.6521553943094449,0.3116408899205961,0.75
324,14,X,X,D,0,0.75,0.6545536955824006,0.343077007195739,0.7143634764260518
324,15,X,Y,J,0,0.7469358729994853,0.6626686602150234,0.3176960442207545,0.7152608804147478
324,16,X,X,D,0,0.75,0.6570517092365867,0.28725968105149774,0.7151560124676825
324,17,X,X,D,1,0.75,0.6572264104409137,0.293721542792219,0.7068547240834989
324,18,X,Y,J,0,0.7237548839452922,0.6525375371415169,0.30205080690024777,0.7449402324878037
324,19,X,X,D,0,0.7183048804218024,0.6434775214142876,0.3205190875948275,0.694234888425728
325,0,X,Y,J,0,0.5699892273522111,0.5454293198342302,0.27229775844988,0.6059881583152912
325,1,Y,X,D,1,0.5744813116369301,0.5363209161433166,0.25,0.6094563026608494
325,2,X,X,D,1,0.5909560455896922,0.602016684387634,0.25,0.6326916742007453
325,3,X,X,D,1,0.5665306266771243,0.6065538893800492,0.26857992138323383,0.6283619456390533
325,4,X,X,D,0,0.5416869408019536,0.6102274702733961,0.2792356043227308,0.6262211257976966
325,5,X,X,D,0,0.523630104820527,0.6367703631900377,0.28732161677004997,0.6361892302115778
325,6,X,X,D,1,0.5132166245084849,0.6928296899725475,0.26655763242863545,0.6179576375912723
325,7,X,X,D,1,0.5383274250850162,0.7055090005094306,0.25218630473120535,0.6366088522703797
325,8,X,Y,J,0,0.5418611994809387,0.7210552311899171,0.2805007263833532,0.6468643004659427
325,9,X,X,D,0,0.49621573228183724,0.7227101287450978,0.25,0.6731392650436168
325,10,X,X,D,1,0.5014906426477417,0.7256269885083223,0.26291936127764304,0.6689704081883994
325,11,X,Y,J,1,0.4955079076268256,0.75,0.25226660198066636,0.6810331735936124
325,12,X,Y,J,0,0.4893348737892571,0.7481120280356359,0.25,0.6648827156709193
325,13,X,X,D,1,0.4511890694166188,0.75,0.2629792850471498,0.6579415075637587
325,14,X,X,D,1,0.4437515034622889,0.75,0.30663923940388427,0.6823855461212621
325,15,X,X,D,1,0.43975393246954664,0.7330302714156237,0.3265707842637408,0.6763542877343249
325,16,X,X,D,0,0.42150586731365947,0.7066213557139125,0.31946207122015535,0.6544126475492008
325,17,X,X,D,1,0.42677790469956034,0.7183125789104071,0.2976142365150226,0.6182940941270517
325,18,X,X,D,1,0.45612005638105424,0.75,0.27901230288502243,0.5874133076121313
325,19,X,X,D,0,0.4716769482534481,0.7410186667249041,0.25,0.5660401240903173
326,0,X,Y,J,0,0.6244318474629693,0.35276001010624525,0.3784526634947768,0.6675272886398733
326,1,Y,Y,J,1,0.6605840490148385,0.34510350519286287,0.3731470948007319,0.6693666234164283
326,2,Y,X,D,1,0.6483925706377672,0.3454294108190217,0.38104084905560043,0.6775776718641191
326,3,Y,Y,J,0,0.6301024546930786,0.37094788958778907,0.32514588354486035,0.7129326777205535
326,4,Y,Y,J,0,0.5968509948786246,0.36331780515966966,0.37426686309053026,0.6947761191153795
326,5,Y,Y,J,0,0.5891152895372905,0.4028954562663176,0.3703809334931445,0.6856896144310295
326,6,Y,Y,J,0,0.5989266373789051,0.41033718113984297,0.39595554015543005,0.6541866573341366
326,7,Y,Y,J,0,0.585908409053442,0.4140837391607269,0.3865560884310908,0.6619694390061485
326,8,Y,Y,J,0,0.5877914427579054,0.45579038416572126,0.39772789237048156,0.6906350885937625
326,9,Y,X,D,1,0.5798705269085522,0.4465019475873114,0.38281604146001286,0.6674716833313885
326,10,Y,X,D,1,0.5796409803829082,0.4100538636120008,0.37372962205513105,0.6494048203454748
326,11,X,X,D,0,0.6047141343582105,0.39918632807507676,0.363505874505764,0.6800883496002463
326,12,X,X,D,0,0.6337952809197777,0.4094424512029355,0.3868685670850239,0.6805335539805596
326,13,X,X,D,1,0.6193139264853813,0.4203815942259434,0.404742863351304,0.6927359056850574
326,14,X,Y,J,0,0.6356480886920267,0.40294619999563264,0.41751550593609166,0.696421891614
326,15,X,X,D,1,0.6324355908965462,0.419718118483632,0.4123004993323117,0.6673915883269228
326,16,X,X,D,1,0.6555291927016964,0.4356391459196734,0.3940596615796426,0.6859575020860502
326,17,X,X,D,1,0.6804986911419968,0.4338307366512907,0.3872638265914277,0.6797573935715735
326,18,X,X,D,1,0.646111226285261,0.44585005269465333,0.40372381981251787,0.6794903347585475
326,19,X,X,D,0,0.655644424725534,0.4522794630498562,0.407585281795182,0.6791766961676639
327,0,X,X,D,1,0.5481104945639181,0.33418512368190534,0.7204619206559348,0.32962224797649625
327,1,Y,X,D,0,0.5381960078179999,0.36941964294473906,0.7054971860896606,0.33684329570270977
327,2,X,Y,J,1,0.5590005354181086,0.33442253376244363,0.7204272728343446,0.3185930428392293
327,3,X,Y,J,1,0.5443398075634981,0.336846194987426,0.7083203356094366,0.33357486171569456
327,4,X,X,D,1,0.567745415511647,0.3864964031971249,0.725738004809737,0.3245092488825937
327,5,X,X,D,0,0.573107280075137,0.3724424145652073,0.7095382704370186,0.32099215155257016
327,6,X,Y,J,1,0.5240930514402996,0.34863182548937843,0.7224644170916692,0.2730447484785805
327,7,X,X,D,1,0.5144292539435431,0.3244588391554569,0.7169819007270206,0.27853334607431085
327,8,X,X,D,0,0.5062944039226736,0.34888041449724727,0.6858961815410072,0.27492632547812507
327,9,X,X,D,1,0.5071534251011451,0.37172391349660333,0.68644538110428,0.25
327,10,X,X,D,0,0.5035105008368589,0.36770995038363274,0.6801216615745939,0.2787284084510816
327,11,X,X,D,1,0.5074514081005324,0.4093342405977821,0.6480466294778909,0.2787918169098539
327,12,X,X,D,0,0.4945521336334791,0.4204614551420704,0.6280586801452106,0.3126560490607952
327,13,X,X,D,1,0.4850994535332128,0.41625410237127547,0.6319733609961833,0.3054061004411084
327,14,X,X,D,1,0.5019028560905652,0.4003122884963901,0.6635950832462371,0.33153331622919285
327,15,X,Y,J,1,0.4710312680657064,0.3962988186864749,0.6788700014633836,0.32315666192417114
327,16,X,X,D,1,0.49531778847470814,0.4126295348641319,0.6750007144679452,0.3338373034106019
327,17,X,X,D,0,0.5209169811143372,0.4279818996350339,0.6321840690463659,0.36542588052881353
327,18,X,X,D,1,0.5176878105460244,0.44897164569022896,0.6415461911933253,0.3888660893402306
327,19,X,X,D,1,0.5370578686573629,0.46994140404890317,0.6332023997232796,0.40203003442044055
328,0,X,Y,J,1,0.6290907173362561,0.5981956633784412,0.4823787528084533,0.3958979061955531
328,1,Y,Y,J,0,0.6295119057795081,0.6004711109994467,0.48066686549870796,0.39325369233397767
328,2,X,X,D,1,0.6305388197146864,0.635815125726807,0.47557783955549526,0.3938534354394518
328,3,X,X,D,0,0.6458709447371593,0.65782958000657,0.47536643636431825,0.3564388607177595
328,4,X,X,D,0,0.6231447472662357,0.6979671007548464,0.5357184127635991,0.3414191294863467
328,5,X,X,D,1,0.6033175972074847,0.6839532347998256,0.5442591383943686,0.3393309525036602
328,6,X,X,D,1,0.6074518168885538,0.6744913195501842,0.5397378276647048,0.35756639791996436
328,7,X,X,D,0,0.6049965738351304,0.6866634356777388,0.5423847583554013,0.3596192196302885
328,8,X,X,D,0,0.6272050610575487,0.7166248501738957,0.563497601103433,0.37678110821535427
328,9,X,X,D,1,0.662940304501549,0.75,0.5809439346180015,0.3853162529435536
328,10,X,X,D,0,0.6530898729698325,0.75,0.6084971465224427,0.3834699780195588
328,11,X,X,D,1,0.6621211234187082,0.7326928875143051,0.5983425191806743,0.36655907413348515
328,12,X,X,D,1,0.6831858176571992,0.7163860159616238,0.6121411454764162,0.3471076162151009
328,13,X,Y,J,1,0.7136779928265596,0.7089352797881204,0.6217416315363425,0.3348616187193302
328,14,X,X,D,1,0.6767982887418744,0.6824463647331667,0.6528429940567794,0.3045312067208191
328,15,X,X,D,1,0.7197461757552829,0.6422630372468474,0.6584685405049767,0.27878612556638477
328,16,X,X,D,0,0.7343211511048378,0.6544806370943825,0.6374721261713342,0.282136523560067
328,17,X,Y,J,1,0.719292977879942,0.6908435847530162,0.6311684826981553,0.29961963573416506
328,18,X,X,D,0,0.6811432404739157,0.6955808750465623,0.6643849632171182,0.27312447715829924
328,19,X,X,D,1,0.7218785640838302,0.6789834971194287,0.6690704975626374,0.27804951540472916
329,0,X,X,D,1,0.73292624038843,0.32809539587434705,0.3606225456272513,0.714383917851483
329,1,Y,Y,J,0,0.75,0.3571586265947745,0.37479826018457985,0.70234585097934
329,2,X,X,D,1,0.75,0.32300528381887084,0.3875982223452596,0.6847358785483216
329,3,X,Y,J,1,0.7432199118017127,0.3402582435158485,0.33041956062322564,0.6811224255206729
329,4,X,X,D,1,0.75,0.3691525422785587,0.35156424095425215,0.6585252133301827
329,5,X,Y,J,0,0.6959366613563247,0.4250462937266929,0.3579167202327728,0.638426257010834
329,6,X,Y,J,1,0.7261014220554198,0.41910000251872065,0.353633251374237,0.6222473237641388
329,7,X,X,D,1,0.7116775771459154,0.4188162301443162,0.351911948286951,0.647129758395549
329,8,X,X,D,1,0.7499311288964583,0.4337478437611166,0.3757333032967932,0.6751932868511024
329,9,X,X,D,1,0.748326802651729,0.4053870341939183,0.34418474457972703,0.6501769289496131
329,10,X,X,D,1,0.75,0.4293872609173432,0.31537269125254197,0.6135007921064307
329,11,X,X,D,1,0.75,0.37830811491390054,0.3692956053571969,0.6263614256984003
329,12,X,X,D,0,0.6968723409076508,0.34254224241102144,0.3787678129053428,0.6738918026576226
329,13,X,X,D,1,0.6836906405774584,0.30170319537660556,0.41032280102491475,0.6181247026851995
329,14,X,X,D,1,0.6464671624615365,0.3123770871402309,0.4423618877600887,0.5954402929378947
329,15,X,X,D,0,0.6477968668270693,0.2836379352312104,0.48434331310158596,0.6231908823240769
329,16,X,X,D,1,0.6400716142740944,0.2778403872603326,0.504007221027461,0.6535602137590194
329,17,X,X,D,1,0.6518955226919911,0.3024954133485278,0.4816317724305701,0.6090178120012514
329,18,X,X,D,1,0.6690092038884132,0.25648180041434177,0.4491511697143371,0.6296839931687574
329,19,X,X,D,1,0.7009326483956715,0.2822972028507658,0.4200840526291956,0.601948776283215
330,0,X,Y,J,0,0.6406236628648287,0.46185552360775073,0.6792826847663336,0.25182720543700143
330,1,Y,Y,J,1,0.6533206088506653,0.47260169531871327,0.6994926066592746,0.30109972390841944
330,2,Y,X,D,1,0.6687269678609898,0.46828430199627324,0.7199352388003045,0.26639211354307807
330,3,Y,Y,J,1,0.6898815138571981,0.4960423760258393,0.75,0.25
330,4,Y,Y,J,1,0.7189941697439105,0.462372213064785,0.75,0.25
330,5,Y,X,D,1,0.7177600392277871,0.3882992114466081,0.746895485427881,0.2535646092836547
330,6,Y,Y,J,1,0.7225072960332385,0.38781558368031205,0.75,0.26929937667388243
330,7,Y,Y,J,0,0.7039674736631246,0.42488520315404665,0.75,0.2755929295309266
330,8,Y,Y,J,1,0.7456651154244672,0.4002622551224776,0.70971850201369,0.27986784396169206
330,9,Y,Y,J,1,0.75,0.3705155143316088,0.7428899200938297,0.31798347844788616
330,10,Y,Y,J,1,0.7225415274425439,0.4013533661799531,0.7272737189325909,0.357939087147788
330,11,Y,Y,J,1,0.75,0.38737972105508867,0.7003480192498623,0.34698714913354217
330,12,Y,Y,J,1,0.75,0.38464168261777043,0.7312346971877957,0.36982432183643843
330,13,Y,Y,J,1,0.75,0.349800792534822,0.7054583959498184,0.40705432802618713
330,14,Y,X,D,1,0.75,0.36928635950641314,0.6879192675952842,0.3638496288335366
330,15,Y,X,D,1,0.75,0.3522226800290455,0.6666663178255656,0.2632158844515035
330,16,Y,Y,J,1,0.75,0.37049941548915827,0.667452468945605,0.26450085603078266
330,17,Y,X,D,0,0.75,0.36277757191339893,0.7006014398592123,0.2522588865228079
330,18,Y,Y,J,1,0.75,0.3477882613516661,0.6646414604150428,0.25
330,19,Y,Y,J,1,0.7199507234200094,0.3210081340176796,0.6429093717303467,0.25
331,0,X,X,D,0,0.5523140885369944,0.6732704322059666,0.6794125308282319,0.6804401741066582
331,1,Y,Y,J,0,0.5937290429313422,0.6811452132025975,0.7008198112661106,0.6932025379766178
331,2,X,X,D,0,0.5489542445326723,0.6944475185509369,0.737898785261287,0.6981449280352818
331,3,X,Y,J,1,0.5599402936893322,0.6840010849239195,0.75,0.7079929750323135
331,4,X,X,D,1,0.596035958213356,0.6894751416490729,0.75,0.6717727419286709
331,5,X,Y,J,1,0.6021315212692179,0.7138605879600148,0.75,0.6522459480801734
331,6,X,Y,J,1,0.618571376357582,0.6774172240301224,0.75,0.6935739931457747
331,7,X,Y,J,1,0.6282064265113497,0.6967050121723406,0.7277307666201734,0.692204719803989
331,8,X,Y,J,1,0.6369058120350195,0.7027714810427913,0.7326957273058939,0.737096522266587
331,9,X,X,D,1,0.6596444831844821,0.6992447463183358,0.730221343967669,0.722625679735578
331,10,X,X,D,1,0.6635261149181005,0.6881147512085475,0.6591006935489097,0.7313474380105527
331,11,X,Y,J,1,0.6594388885785845,0.6920228959581075,0.7003507960055255,0.716142740020287
331,12,X,X,D,1,0.6713871153722385,0.7340763419267736,0.6756362847037983,0.6795262102517852
331,13,X,X,D,1,0.6625248994887458,0.7327537859897975,0.6670377775988664,0.680499196040518
331,14,X,Y,J,1,0.6793075178959779,0.6603304839475068,0.6697151092375927,0.7499021681693921
331,15,X,X,D,1,0.6658290137827938,0.6462597486031887,0.6758120175931451,0.7359521751430056
331,16,X,Y,J,1,0.7072340315918614,0.6877070909542045,0.6662678619152026,0.7232095534817998
331,17,X,Y,J,0,0.742635230462996,0.7240694987517391,0.6641014228141806,0.7201688181635507
331,18,X,X,D,1,0.7227593943317466,0.7412116276012581,0.6842972221093839,0.7224633835390342
331,19,X,Y,J,1,0.7239280379992891,0.7240132081668277,0.6682275568288701,0.7175415018207482
332,0,X,X,D,1,0.7360929042707889,0.5236751823094912,0.33751595347540325,0.37514239584378545
332,1,Y,Y,J,0,0.7326207372198952,0.5166434806475122,0.33718134558155416,0.32691952137237273
332,2,X,X,D,1,0.7436417520909714,0.49039650632366993,0.35483353939535456,0.3375576080254131
332,3,X,X,D,1,0.7064194488488773,0.5110580939524266,0.3460300594628124,0.3201145194567161
332,4,X,Y,J,0,0.7003827023804023,0.49365077542508523,0.3191822967049681,0.3219699327751663
332,5,X,Y,J,1,0.7269972433110705,0.5173217995470176,0.3073483998225926,0.25095725090098053
332,6,X,X,D,1,0.7003551540265844,0.5293180574308884,0.31725203654263956,0.2613936166220444
332,7,X,X,D,0,0.7086345667067748,0.4863215650264632,0.2844916175590163,0.25
332,8,X,X,D,1,0.7417715942738665,0.5182372148515982,0.30319631100312033,0.25
332,9,X,X,D,0,0.7175079019488083,0.5196797696590876,0.2877051485950653,0.2562938778531909
332,10,X,Y,J,0,0.75,0.5213086334710473,0.27919598318400307,0.25
332,11,X,Y,J,0,0.75,0.5688105767339463,0.2912607620077627,0.25
332,12,X,X,D,1,0.75,0.5982906745984149,0.2782989111174141,0.25
332,13,X,X,D,0,0.6988621482935263,0.5574587083353931,0.25029925214027915,0.25
332,14,X,X,D,1,0.6928144707974941,0.5212952840933825,0.25,0.29080760818083745
332,15,X,X,D,1,0.6826228323645233,0.5407188402700125,0.299587301785366,0.26052095836193545
332,16,X,X,D,1,0.658056155925099,0.5730771461459504,0.35227436282788893,0.25
332,17,X,X,D,1,0.6784847798576188,0.6043904339799734,0.3912757845135329,0.25
332,18,X,Y,J,0,0.6929500155045614,0.5691083132685053,0.3740124375404889,0.25
332,19,X,Y,J,0,0.736793341827935,0.5877635528725175,0.3532253006611978,0.28881382922433985
333,0,X,X,D,1,0.46426693018961773,0.6261260796813266,0.2862545512998748,0.37366521563355176
333,1,Y,Y,J,0,0.44984618056194275,0.6119814878817447,0.2631442084250428,0.4000325576106819
333,2,X,X,D,0,0.4330945245464122,0.6149058998976963,0.26797419001500095,0.35091603740410365
333,3,X,X,D,1,0.4262691913930141,0.5921066177256074,0.25,0.3747289604220966
333,4,X,X,D,1,0.3973933090702343,0.6205598466177853,0.25,0.3968992017630709
333,5,X,X,D,1,0.37997444980275247,0.5912384860112322,0.25,0.3778794440781423
333,6,X,X,D,0,0.37440727651302097,0.5768429623458091,0.25,0.33358348577825125
333,7,X,X,D,1,0.3828944726448933,0.6003433730862774,0.28424724642212745,0.33238735325631347
333,8,X,Y,J,1,0.4041945044579882,0.6063759986441252,0.30956160907128777,0.3411715563641095
333,9,X,X,D,0,0.42144615019705245,0.6337092833683627,0.272091927273847,0.3304900875288168
333,10,X,Y,J,0,0.4440730323122661,0.6536540991481997,0.26365904423018655,0.3446796876273795
333,11,X,X,D,1,0.49697233153034137,0.6478854349520786,0.25981531623825455,0.29242732594805915
333,12,X,X,D,1,0.5002646212462558,0.6519725638719921,0.25,0.2722276488934921
333,13,X,Y,J,0,0.48572352577905564,0.6428978344052777,0.2723912065646812,0.25
333,14,X,X,D,1,0.5026147369123691,0.6569637952456305,0.3009107551217515,0.25853700527218987
333,15,X,X,D,1,0.44035657781056275,0.6634062266042866,0.2917283696342582,0.25519229308025626
333,16,X,X,D,1,0.4670575578873526,0.6892516548371944,0.3357458918991272,0.25
333,17,X,X,D,1,0.4598084822396015,0.6680821698532229,0.3076849317829533,0.28308792932521126
333,18,X,X,D,1,0.4380824729560677,0.7033486345139734,0.2670703412298122,0.25
333,19,X,X,D,1,0.434421251346028,0.6320794331228391,0.2683836320825421,0.25
334,0,X,Y,J,0,0.4188530901577948,0.6130599204546466,0.4033652305747397,0.692516647832571
334,1,Y,Y,J,0,0.4210371598067246,0.6858035248269212,0.4401813027729529,0.6939823885873346
334,2,X,X,D,0,0.4607361857960487,0.6800925287589488,0.4549598705970087,0.6663063604447306
334,3,X,X,D,0,0.47911582108588824,0.6802619598959689,0.4291078523203976,0.6629606419159595
334,4,X,Y,J,1,0.4879409818256906,0.6861477607645955,0.4287009928219665,0.6585595396491674
334,5,X,X,D,0,0.47959002856525657,0.6799006083065715,0.3947224183356539,0.6961462210819488
334,6,X,X,D,1,0.5000398052814953,0.7017114239632611,0.3697983654405227,0.6774960873895274
334,7,X,X,D,1,0.4980846748167666,0.75,0.37614902610487333,0.6691860737585161
334,8,X,X,D,0,0.5477162912985221,0.7286444490120454,0.3511736301103151,0.6419343000160619
334,9,X,X,D,1,0.5092163780480043,0.75,0.32821752477874977,0.6429079225546828
334,10,X,X,D,1,0.5057048887503646,0.75,0.30833460319744266,0.6871376255115295
334,11,X,X,D,1,0.49086200059642504,0.75,0.3166499869633595,0.6594225998649227
334,12,X,Y,J,0,0.48279859663514224,0.75,0.3500997810445772,0.6713938311848694
334,13,X,X,D,1,0.44404506186176956,0.75,0.37626982873586867,0.7130023136179557
334,14,X,X,D,0,0.42230774290339,0.75,0.35782144903743973,0.7057206149316941
334,15,X,X,D,0,0.419483269614353,0.75,0.32912605829338126,0.6886650251089103
334,16,X,X,D,0,0.393077227092638,0.7464490314609379,0.3409278866305885,0.692035941044958
334,17,X,X,D,1,0.4345253067488104,0.75,0.34874253441262215,0.7082750442936293
334,18,X,X,D,1,0.40214477131316373,0.75,0.34619492849343375,0.7074245971952032
334,19,X,Y,J,0,0.43854635512423107,0.75,0.3290820287777971,0.7036072313788408
335,0,X,Y,J,1,0.362095377489642,0.48545509876103526,0.46753002264332166,0.4293455671437901
335,1,Y,Y,J,1,0.38340663475474046,0.4593559063677706,0.47256290798963274,0.4400751466137574
335,2,X,X,D,0,0.40827532119107846,0.48230740104062103,0.4504259528440929,0.5126394082776178
335,3,X,X,D,0,0.41830397324905466,0.4760002420761973,0.4898995432885155,0.5173803804213857
335,4,Y,Y,J,1,0.4024643352578366,0.47750397863126015,0.5273281122805272,0.46572775176207154
335,5,X,X,D,0,0.42666717657715714,0.4960947133496043,0.5321490696098892,0.431620044543084
335,6,X,Y,J,1,0.43528243055908294,0.5262086833697125,0.5768597183436371,0.4703327396312374
335,7,X,X,D,0,0.42504257373971543,0.5324425771425518,0.5859456935297562,0.4594454635925328
335,8,X,X,D,1,0.43067151549386645,0.5534946273314894,0.610799880782378,0.4424775452118885
335,9,X,X,D,1,0.41897821639939276,0.559601523717349,0.6796164913611656,0.41049010100563205
335,10,X,Y,J,1,0.44002973251085664,0.5434923076223106,0.6714299922030456,0.39767690826210733
335,11,X,X,D,1,0.43899069535240126,0.49469513457293457,0.6725502535845628,0.39746382059860236
335,12,X,X,D,1,0.4727090918675841,0.5105788102040262,0.691640169047047,0.4037470519609314
335,13,X,X,D,1,0.4308148798779151,0.5165620622067152,0.6950553294985427,0.4284437378217383
335,14,X,Y,J,0,0.45071621462801054,0.5427441977141007,0.6667716470117958,0.4477028632259264
335,15,X,X,D,1,0.4558621277335386,0.512797950481245,0.6299112279941377,0.46998326412557806
335,16,X,X,D,0,0.47364542377158025,0.5097718942488128,0.6574027313214733,0.49142136933116226
335,17,X,Y,J,0,0.49466038471408863,0.5089313190974021,0.6078257680491421,0.48009137758533427
335,18,X,Y,J,1,0.5312171522011607,0.525873498676098,0.5480342035174383,0.45224196122812804
335,19,X,X,D,0,0.5509513366971313,0.5098559392273428,0.540410686845395,0.47774765201085284
336,0,X,X,D,1,0.3593576195382959,0.37081307234652705,0.4602435691455101,0.35968570130351857
336,1,Y,X,D,0,0.3625217555833605,0.3594575458648121,0.46530705246892445,0.3387773896179589
336,2,X,X,D,0,0.3562135677972644,0.34812399282856193,0.49395145672263924,0.35693204341028206
336,3,Y,X,D,0,0.35174553793614444,0.3717737748462652,0.47988279924566446,0.38052663163852496
336,4,X,X,D,1,0.35092061028191807,0.3892711723605768,0.4842547012306897,0.3869949136383058
336,5,X,X,D,0,0.3651529301019821,0.3877305088087778,0.4483015179545571,0.36867477178396063
336,6,X,Y,J,0,0.3607825558899776,0.38933827707709695,0.4616132002904533,0.4076037794143461
336,7,X,X,D,0,0.38389664940690826,0.4069512114765665,0.4671373209967332,0.3738449787133028
336,8,X,X,D,0,0.37652968287037525,0.43655763914259144,0.4253095464906349,0.3489416486360189
336,9,X,X,D,0,0.3982805242687058,0.44088290438220856,0.4156561649956898,0.320895009079098
336,10,X,X,D,0,0.41861126403166465,0.419683402519925,0.3808795318117886,0.34353087614701505
336,11,X,X,D,1,0.4199629102992346,0.4402857595813501,0.3911198585623663,0.2874988178442564
336,12,X,X,D,1,0.42440654270651895,0.4251006232670557,0.3529750183974365,0.3049581700673413
336,13,X,Y,J,0,0.4268604587754887,0.46092356241885607,0.3070772954181763,0.28781847250175063
336,14,X,X,D,0,0.4232166336891602,0.44392813313267665,0.2915927652649536,0.2609943758197652
336,15,X,X,D,0,0.4150039279731832,0.4079252896082972,0.32751456896256753,0.25
336,16,X,Y,J,1,0.36405470940557993,0.40763216432251625,0.32677527838431747,0.25283523524557816
336,17,X,X,D,0,0.39211943982771624,0.3660661407191162,0.3075414031158311,0.25
336,18,X,Y,J,0,0.4305357638909984,0.34587885033092286,0.3177140245753028,0.25
336,19,X,X,D,1,0.4391375604581328,0.3646772318835753,0.3161362885659244,0.2827450898504132
337,0,X,X,D,1,0.3551571158530729,0.7007888781416873,0.2515041568709278,0.5330697721027197
337,1,Y,Y,J,0,0.34281400235827597,0.7000602639899233,0.25,0.5090407692312744
337,2,X,X,D,1,0.38919957857285764,0.7431562837092323,0.25,0.4893035457830604
337,3,X,Y,J,0,0.38706415905773006,0.75,0.2757041796306691,0.4751154969475498
337,4,X,X,D,0,0.41168644619828026,0.7286035121208728,0.25,0.4936000156462186
337,5,X,X,D,1,0.44341522036550846,0.7315419729383055,0.25,0.4965846017646803
337,6,X,X,D,0,0.4017151905132855,0.7471137873611329,0.276358570987188,0.48292655029460674
337,7,X,X,D,1,0.4037466146124897,0.7190256921729331,0.3070807146996283,0.481503988792956
337,8,X,X,D,0,0.36155090856884997,0.735775389511876,0.2923598704617986,0.47123698233959155
337,9,X,Y,J,0,0.38284265832987024,0.75,0.33742526438189613,0.43736849461403743
337,10,X,X,D,1,0.37435933513308894,0.7447140015679089,0.3195496418733554,0.42706400435147496
337,11,X,Y,J,1,0.33774675551636274,0.75,0.3220723071111791,0.4379160896371077
337,12,X,X,D,0,0.3450636442452182,0.75,0.28102108580589125,0.42662110082746335
337,13,X,Y,J,1,0.37546007696335126,0.75,0.265711200789076,0.4106571167143396
337,14,X,X,D,0,0.35817249977233384,0.7475845052418674,0.25,0.39913608386773297
337,15,X,X,D,0,0.3560050832138922,0.7200291048441431,0.25,0.36923296577217396
337,16,X,X,D,1,0.3169563325577366,0.6728001670078269,0.25,0.3928328455259
337,17,X,X,D,0,0.28189201914646866,0.695325614640587,0.2729155622001134,0.36951754655687385
337,18,X,X,D,1,0.29489580042606756,0.7120914502608274,0.25,0.37722612761402685
337,19,X,X,D,0,0.30212831765516196,0.6896563196966718,0.25,0.3807278890243526
338,0,X,X,D,0,0.43819770971338445,0.6360091308336093,0.5475216285896493,0.7264375012723989
338,1,Y,Y,J,0,0.4331793729520665,0.6339814220871386,0.571759893143912,0.679762193144348
338,2,X,X,D,1,0.4312679375686016,0.6675515136583108,0.5525638749683522,0.6731884744765613
338,3,X,X,D,1,0.4536163409335024,0.6650420823662936,0.5293596558679922,0.659934962555036
338,4,X,X,D,1,0.42878315152297725,0.6668741396999607,0.5141866530610708,0.7064323596050365
338,5,X,X,D,0,0.39691801782136776,0.6766501719819643,0.5140223162995624,0.7314677482700999
338,6,X,X,D,0,0.413814724968945,0.6562444800159251,0.5319159170823659,0.7256639788245743
338,7,X,Y,J,0,0.3640889999597568,0.6776468303598961,0.5163123216072794,0.75
338,8,X,X,D,1,0.3699995749253504,0.6722142390536959,0.5239964518606832,0.7316067357084733
338,9,X,Y,J,1,0.38329932247790377,0.645025304039433,0.5624490968365095,0.75
338,10,X,Y,J,1,0.37865596701704074,0.6579826286316075,0.5433671074135991,0.7482748660986266
338,11,X,Y,J,1,0.3457584201637059,0.6443210815762189,0.5399895094936401,0.7493998485672634
338,12,X,X,D,1,0.3253930361490725,0.651288111619858,0.5208982581112713,0.75
338,13,X,Y,J,0,0.3455161911866661,0.6465771997717993,0.5064056484724476,0.7369031308587939
338,14,X,X,D,1,0.3783000266117651,0.6381177493481659,0.4646614157967642,0.75
338,15,X,X,D,0,0.3790190561858373,0.6277786889690153,0.47472218850746223,0.7434704502559181
338,16,X,Y,J,0,0.38498988662769407,0.6357559283715809,0.5172520488481386,0.75
338,17,X,X,D,0,0.3736530938361064,0.6736080908556998,0.5297939046382469,0.7289369993099164
338,18,X,Y,J,1,0.3957602284532935,0.6515295728863512,0.5100141283346882,0.7374120505423206
338,19,X,Y,J,1,0.3855006229427491,0.6341583126963369,0.5114979308089478,0.75
339,0,X,X,D,0,0.2755046214289927,0.6112123224932817,0.7429901718260326,0.36097577379335777
339,1,Y,Y,J,1,0.3248733465678887,0.5803957032578609,0.7398399766487799,0.3933073002908451
339,2,Y,Y,J,1,0.28169892525952955,0.580881386210481,0.7379546939227666,0.3695196184563738
339,3,Y,Y,J,1,0.25,0.5587406510268703,0.7465241303349562,0.309217582913166
339,4,Y,Y,J,1,0.25,0.5899279895470457,0.7315761127775463,0.30083989266494543
339,5,Y,X,D,0,0.2639261529659335,0.5564269317971786,0.75,0.31993675494128493
339,6,Y,Y,J,0,0.25,0.5364974812874486,0.75,0.3288367527381003
339,7,Y,X,D,1,0.27013523707541276,0.5364493544434376,0.75,0.2817861061866121
339,8,Y,Y,J,1,0.2870168875258362,0.5385396010811774,0.6983158380097891,0.27762908684692666
339,9,Y,Y,J,1,0.2850733034114039,0.5490570017016798,0.7034439549446964,0.2559682729322316
339,10,Y,Y,J,1,0.32447675202967746,0.5208172633245702,0.6945899453298723,0.2892035411586063
339,11,Y,Y,J,1,0.29321060661183307,0.5523780510132815,0.7218677087607004,0.2946277128050207
339,12,Y,Y,J,1,0.34224911383268286,0.5679152902316756,0.7389363030371697,0.33715289264714277
339,13,Y,Y,J,1,0.3254808300325732,0.5533955660107096,0.7449494280277905,0.33548665598736654
339,14,Y,X,D,1,0.3336397719795397,0.5416100301902494,0.7107991569399948,0.3717237089842439
339,15,Y,Y,J,1,0.3301361572289045,0.5072739770497445,0.7042014489878513,0.3514902629018253
339,16,Y,X,D,0,0.3347641237989663,0.4735065349681099,0.7105330546426203,0.31071080509162263
339,17,Y,Y,J,0,0.33482913663887964,0.4733576625721222,0.7044755774601377,0.31921973650013324
339,18,Y,X,D,0,0.3172759089649497,0.4349627828144119,0.7151738570510406,0.290189346878409
339,19,Y,Y,J,1,0.33340311902406833,0.46295601935138997,0.7169858426291132,0.27684478747028995
340,0,X,Y,J,0,0.3765088859008299,0.6309554664707548,0.2911524256449851,0.7134668387193004
340,1,Y,X,D,1,0.3274083636859846,0.622654451201648,0.26641076524036056,0.7161837662283825
340,2,X,X,D,0,0.3406861401489979,0.5607964463700036,0.25,0.6676396796259704
340,3,Y,X,D,1,0.3754670201948629,0.5745086471814574,0.2607492371060097,0.6875598748396777
340,4,X,Y,J,0,0.37909454110211493,0.5815799716437683,0.25,0.6478773314141042
340,5,X,Y,J,0,0.36251910564772755,0.5909850388321526,0.25,0.6734130517173171
340,6,X,Y,J,0,0.3766731511950315,0.5874600562122039,0.25330942809252566,0.6876163704308476
340,7,X,X,D,1,0.3378595327015619,0.5936183480482391,0.2854318887288746,0.7068933117338919
340,8,X,X,D,0,0.37498263651586916,0.5823863783506334,0.2592624452297782,0.737097248583707
340,9,X,X,D,0,0.3707427011639361,0.5763453592658648,0.27541053340086974,0.7307879136628036
340,10,X,X,D,0,0.3327868643827968,0.5638789550886529,0.2663352347752363,0.75
340,11,X,X,D,1,0.3554236403908232,0.5809396809727034,0.25,0.7304801862346528
340,12,X,X,D,1,0.3333566541558261,0.5671494546731385,0.2560442097960292,0.7250862551185918
340,13,X,Y,J,0,0.2935190733196297,0.5072787521871986,0.2793543730559622,0.75
340,14,X,X,D,0,0.25809521770811245,0.5006709206169387,0.25,0.75
340,15,X,Y,J,1,0.25,0.46069062829666363,0.25,0.75
340,16,X,X,D,1,0.25,0.48126390047322465,0.26613024467702856,0.75
340,17,X,Y,J,0,0.2625440528594142,0.5045574154767111,0.25866707299995373,0.75
340,18,X,X,D,0,0.25831729585022073,0.48701746261897794,0.2585911339932,0.75
340,19,X,X,D,1,0.2616224418677971,0.4899445349699734,0.2502490523358342,0.75
341,0,X,X,D,1,0.6373226838063668,0.28898040034914374,0.3423717517542209,0.34662894712664244
341,1,Y,X,D,0,0.6216579553750324,0.3275516745320768,0.3498418265807374,0.3632136103872825
341,2,X,X,D,1,0.6341565168593314,0.3329088069938178,0.34215382059468497,0.34077218796112124
341,3,X,Y,J,0,0.6045424690958948,0.3277334753225095,0.34488723825580064,0.35402034618593925
341,4,X,Y,J,0,0.5777131701667775,0.40682768319126283,0.3517901329780337,0.35696903138220626
341,5,X,Y,J,1,0.6040332595298131,0.41509261305262796,0.3066462178114094,0.3587640631741656
341,6,X,X,D,1,0.6089409844678486,0.4400950712971039,0.30197736094652056,0.34914046227422757
341,7,X,X,D,1,0.615033417697004,0.42540443675884515,0.26348552154751353,0.39188924581595685
341,8,X,X,D,0,0.5856882166333118,0.42158130583721437,0.2714657350810986,0.3899573028958406
341,9,X,X,D,1,0.6059052637225261,0.43840854484782205,0.2706786269713581,0.3888786302012088
341,10,X,X,D,1,0.6082792575520874,0.401429609056526,0.3065160997946506,0.40455183275116646
341,11,X,Y,J,0,0.590866948057865,0.40406919038630307,0.2887824658647789,0.3972739211228309
341,12,X,X,D,1,0.5793482285321094,0.37825218412734374,0.2572254106282615,0.3611032851651911
341,13,X,Y,J,1,0.5824189716235165,0.40376840786858914,0.28351901424857273,0.39475151822751087
341,14,X,X,D,1,0.5970764160769483,0.3989137711321754,0.285774221335253,0.4087004746416562
341,15,X,X,D,0,0.6104595699852408,0.3917961078531073,0.28461519736541524,0.39728473426550825
341,16,X,Y,J,0,0.6061991640396234,0.40181426122413005,0.2848940845303507,0.4031811322684471
341,17,X,X,D,1,0.5913349564488837,0.36124935079143283,0.30968143139286153,0.4167680479086371
341,18,X,Y,J,1,0.5724277855016043,0.36396557521673206,0.30303600068868125,0.4350403011294843
341,19,X,Y,J,0,0.5642135432547083,0.3512749218203636,0.31038117371339824,0.4542512022856155
342,0,X,X,D,1,0.46634352604481966,0.40505607903218077,0.5118925723164431,0.2758644448228019
342,1,Y,Y,J,0,0.5081829651484049,0.38784166895512096,0.5185128477730929,0.3473486164247211
342,2,X,X,D,1,0.49575079471417743,0.3738929584842641,0.5043193732862904,0.3566896314194769
342,3,X,X,D,1,0.5074998035655947,0.3706265298200881,0.49338504725866683,0.33643846865406807
342,4,X,X,D,0,0.5116889156116937,0.3588633830215551,0.4928565190410103,0.3503906406966376
342,5,X,X,D,0,0.5173126035880206,0.36612041914211163,0.4856148523787609,0.3623076586729256
342,6,X,Y,J,1,0.5215314842085198,0.39953400053788724,0.5503690576305987,0.3810174692826615
342,7,X,X,D,1,0.5277742877172319,0.3808025796665942,0.551547494183738,0.38798712352053255
342,8,X,Y,J,1,0.5179554595087,0.3660319028308813,0.5515000114856846,0.4226540721716338
342,9,X,X,D,0,0.5407992811249912,0.3333750900179083,0.5871483941970924,0.46057105950125987
342,10,X,X,D,0,0.5199012017022979,0.35313855444502396,0.6196921897684794,0.4230943627933543
342,11,X,X,D,1,0.5121138062991473,0.38301249489522865,0.6429758712026885,0.4471290709237192
342,12,X,X,D,1,0.530842164005204,0.4415893340217332,0.641517934963473,0.478527134709051
342,13,X,X,D,0,0.5145786528622611,0.4243208827977891,0.6355466051186384,0.5043387020033907
342,14,X,X,D,1,0.5091075426986978,0.4369830861133348,0.675448474292599,0.46453871921450396
342,15,X,X,D,1,0.5282835983384808,0.426957887955594,0.6217819939306289,0.5198950846181257
342,16,X,Y,J,1,0.501028012821156,0.40882406861502824,0.6135919444481733,0.5179230086509027
342,17,X,Y,J,0,0.5325807059285598,0.417276196277576,0.5972527133467291,0.5464251945498672
342,18,X,Y,J,1,0.5031352102429025,0.4762501514323586,0.5859024095110106,0.5139816175070343
342,19,X,X,D,0,0.48797920697397057,0.47256933659282363,0.6099895546463217,0.5032993942296736
343,0,X,X,D,1,0.539627962153106,0.7495980993697524,0.29897670582086283,0.4962678256341139
343,1,Y,Y,J,0,0.5623781100853946,0.75,0.28396832390570953,0.4853041341718557
343,2,X,Y,J,0,0.5400659428079293,0.75,0.2827380036238374,0.46904325673000075
343,3,X,X,D,1,0.5170817995270985,0.75,0.25589690859907965,0.4587705939431986
343,4,X,X,D,0,0.5142709524118496,0.7137640508310722,0.2524170518890661,0.4567869427626349
343,5,X,X,D,1,0.5584224789749437,0.7324473628431468,0.25,0.4166956246185174
343,6,X,X,D,0,0.5541990332840323,0.7363255438278706,0.25,0.39650226608817335
343,7,X,X,D,1,0.588422901823544,0.711390681203818,0.25,0.4234845688782045
343,8,X,X,D,1,0.5728110791751071,0.6687741619133037,0.25,0.38049691720643075
343,9,X,X,D,0,0.5612298628816836,0.6756992341644275,0.25,0.33795543864573574
343,10,X,Y,J,0,0.6037031047632426,0.6855832051429581,0.25,0.345154639564387
343,11,X,Y,J,0,0.5959072653000562,0.6691964223109773,0.25,0.3586127189146679
343,12,X,X,D,1,0.6246403065138331,0.6706006767232114,0.25,0.30294127600049314
343,13,X,X,D,1,0.5977024096165194,0.6378709992932955,0.25347833583577717,0.32721968048364924
343,14,X,Y,J,0,0.60216482929512,0.6601625291593922,0.2589264675620869,0.34120220970001414
343,15,X,X,D,1,0.5959996121090277,0.6545912869266399,0.25,0.35652561691132295
343,16,X,Y,J,0,0.6165905650926787,0.6384015614452898,0.25,0.371251193261739
343,17,X,X,D,0,0.6064426435632568,0.6464036726303484,0.25,0.35322356719523657
343,18,X,Y,J,1,0.5887969575880734,0.6677068627921934,0.25,0.32287799003754364
343,19,X,X,D,1,0.6108933595794166,0.6991262787649842,0.2520397328801635,0.3182808991660828
344,0,X,X,D,1,0.36947235737191686,0.6031225850527069,0.6732545023160046,0.645843357424359
344,1,Y,Y,J,0,0.41436551788308307,0.6285208181140886,0.6826894921761356,0.6430770265365513
344,2,X,X,D,0,0.4403073362326172,0.6270300555259196,0.6699442344786941,0.6009960870045105
344,3,X,X,D,0,0.4179373588414567,0.6299129432389076,0.6769947922860535,0.6062171166422882
344,4,X,Y,J,1,0.4549789657862118,0.6256299448481237,0.6885527550297195,0.6260494865748099
344,5,X,X,D,1,0.4899431032822574,0.6308272658472545,0.673008648837852,0.6534784522945107
344,6,X,Y,J,1,0.4681296243333277,0.6655077988517945,0.6558876981478339,0.6565544958610721
344,7,X,X,D,1,0.4683782169555175,0.684098130887051,0.6463257098416174,0.6454277061785868
344,8,X,Y,J,1,0.4441671980852206,0.6668836501298052,0.6420898265696706,0.6690285549541282
344,9,X,X,D,1,0.432861380881034,0.6495466848250784,0.6244701293428545,0.678075621012777
344,10,X,X,D,0,0.42718232738677747,0.6217821898628204,0.6085728215750733,0.6723085979508167
344,11,X,X,D,1,0.43589636395487985,0.6541267493333583,0.6361506631105889,0.7160459832099494
344,12,X,Y,J,1,0.44845693324420466,0.6309946481215997,0.6237505937671248,0.7032083360537316
344,13,X,X,D,0,0.4249357652496107,0.6255232222509148,0.6204378153429323,0.6690361611311224
344,14,X,X,D,0,0.4371955125442618,0.6556989825020284,0.6425857598726679,0.6839204735327794
344,15,X,Y,J,0,0.4336729469955421,0.6467661585691385,0.6435219270406953,0.6633040080491948
344,16,X,Y,J,1,0.40622683761099043,0.6323217884559721,0.6389950399408423,0.6533430892363435
344,17,X,X,D,0,0.3986884640118235,0.597387300333384,0.6363955634914804,0.6656550997529506
344,18,X,X,D,0,0.42683286569091744,0.5893705531869681,0.6608422633060396,0.6905303112039756
344,19,X,Y,J,1,0.4254743295170157,0.5782300389432793,0.6558085571667379,0.683115566601262
345,0,X,X,D,1,0.31339308974857827,0.7280894901504591,0.3397627969566219,0.31890246065062394
345,1,Y,Y,J,1,0.3298893039491771,0.7346927843570927,0.34335453603718613,0.3185357951165468
345,2,X,X,D,0,0.35249213694210735,0.73668370333299,0.3318380838327903,0.3308503517523333
345,3,X,X,D,0,0.3388719051310423,0.75,0.32626702230570903,0.3593171682317919
345,4,X,Y,J,0,0.3259400879031795,0.75,0.3002281928321954,0.38219507451870866
345,5,X,X,D,0,0.26807605466400575,0.75,0.3250596087135698,0.3845592026100802
345,6,X,X,D,0,0.26897493115702903,0.75,0.3570936983680421,0.37980305008334736
345,7,X,X,D,0,0.2657594778133636,0.7491111299922291,0.32100838799664627,0.3735672677527106
345,8,X,X,D,1,0.3236291697727254,0.75,0.3340208061492637,0.39724399584944936
345,9,X,X,D,0,0.3550260588409837,0.7234468143752636,0.27876431619443315,0.4217721954295548
345,10,X,X,D,1,0.34467681975808906,0.75,0.2804578089929156,0.3924829919772967
345,11,X,X,D,1,0.3387398970415496,0.7481253552344583,0.2723229054574952,0.41691340813978806
345,12,X,X,D,0,0.31353155135953664,0.7126643164781681,0.3211158888223299,0.412853601362675
345,13,X,Y,J,1,0.32249576132038915,0.7280469949045526,0.3261744537785833,0.4130169040918657
345,14,X,X,D,0,0.32577475744700823,0.7086593367981083,0.27222937159132876,0.43473879631727974
345,15,X,X,D,0,0.3268541001450922,0.7006044004160228,0.27838784453733995,0.439622029302992
345,16,X,Y,J,0,0.3055593025175291,0.7305735886559809,0.2588603334574008,0.3964067583905939
345,17,X,X,D,0,0.27009399600600525,0.7435266504635549,0.25,0.40676915378102146
345,18,X,X,D,1,0.33343113816858644,0.7350597657343902,0.2683809237511111,0.4342314197207841
345,19,X,X,D,1,0.33529040507310015,0.75,0.34231514538794705,0.4795791439920205
346,0,X,X,D,0,0.2767196586268941,0.7142473158020397,0.642787780302799,0.4147980392896196
346,1,Y,Y,J,0,0.30079467784860714,0.7227552638184835,0.6280644084721885,0.3931274986525308
346,2,X,Y,J,1,0.30088318435131256,0.75,0.6534487108734833,0.3849224794279963
346,3,X,X,D,1,0.3201997989965899,0.7450800029545602,0.6682932664753902,0.35889418411876645
346,4,X,X,D,0,0.32014650142886614,0.75,0.649005734405841,0.402909595641583
346,5,X,X,D,0,0.2934597536433362,0.7024553818571913,0.6385196539380384,0.41821403603191226
346,6,X,X,D,0,0.3180725557292461,0.6712648438586476,0.6402930646406108,0.40059022061645116
346,7,X,X,D,0,0.29049092767668777,0.6583463807619394,0.6610450708402309,0.3390769806563715
346,8,X,Y,J,0,0.28634828173884697,0.6255614082928252,0.656112399465716,0.28490899378307605
346,9,X,X,D,0,0.2757225547332604,0.5568936812892369,0.6007771611434608,0.2682682761161688
346,10,X,X,D,0,0.2847800694713595,0.540175975540383,0.5898961086234676,0.26816030881834146
346,11,X,X,D,0,0.30065052082694455,0.5094042997649313,0.5841288960621838,0.284893944847069
346,12,X,X,D,0,0.29021542656520144,0.5374154131296559,0.5956578616620518,0.3141407250312867
346,13,X,X,D,1,0.2811682456244767,0.5514162338005751,0.6407394851446385,0.3328776561660673
346,14,X,X,D,0,0.2789054096861993,0.5552474787332692,0.6768461545088896,0.30583737657448545
346,15,X,Y,J,1,0.2943205120709864,0.5471267638069278,0.6987714268047326,0.29914474004766534
346,16,X,X,D,0,0.28413586251658257,0.5801284434593224,0.6930482481793088,0.32875585704641686
346,17,X,X,D,0,0.30166266825395227,0.5644975518844273,0.7092778781855305,0.3205638356211941
346,18,X,Y,J,1,0.30820004073503066,0.5864589064105938,0.6996331043197186,0.33574966651189075
346,19,X,X,D,0,0.29273717662838117,0.5968634228753423,0.7096537763984845,0.3731227992191459
347,0,X,X,D,1,0.4541598044838785,0.28550670164264386,0.7154812563256951,0.48133852223402046
347,1,Y,Y,J,1,0.4401639753137721,0.26461816510941666,0.6902365956003838,0.37544155090116343
347,2,X,X,D,1,0.43520057608931295,0.2659121312367399,0.6964245594720718,0.3821088066069263
347,3,X,X,D,0,0.4224466581767334,0.25,0.6752366376580373,0.38640097861551387
347,4,X,X,D,0,0.43958422538195074,0.25647652400850135,0.7103753124185973,0.3616635906717018
347,5,X,X,D,0,0.4673020106574826,0.25,0.7495855558645295,0.3568316676209353
347,6,X,X,D,0,0.49169033998976575,0.25,0.75,0.3540172925198638
347,7,X,X,D,0,0.41450470509871495,0.25,0.7081696681356862,0.404804265214268
347,8,X,X,D,0,0.3816760656745037,0.25,0.7126262361694657,0.450415972664511
347,9,X,X,D,0,0.4006422522875275,0.25,0.75,0.4357443853248072
347,10,X,X,D,0,0.4065519920434163,0.2845062658093313,0.75,0.4265838815315205
347,11,X,Y,J,1,0.41554193005170464,0.27192228030988,0.732942480238356,0.41031696873900236
347,12,X,Y,J,1,0.4193645517050725,0.2979256125911511,0.75,0.4445612483163578
347,13,X,X,D,1,0.39451398476638694,0.27179464743838266,0.6797482643050905,0.4180240813791794
347,14,X,X,D,1,0.42943290503569076,0.2534739042468036,0.6376213566565218,0.379212250023341
347,15,X,Y,J,1,0.4356364641507548,0.27499306236770577,0.6611903832581164,0.36682523734747924
347,16,X,Y,J,0,0.4380974030798049,0.27618995310998146,0.7054885480916435,0.35134403306661555
347,17,X,X,D,1,0.4184424062277124,0.32214615535076935,0.6902780942443643,0.35388208414197647
347,18,X,X,D,0,0.41383206332845635,0.32859622348151457,0.7089473076833468,0.37691703876733007
347,19,X,X,D,1,0.40281321881577503,0.35526179605780334,0.719006613735217,0.3803662545299174
348,0,X,Y,J,0,0.4022549729883011,0.6680490647555539,0.50103605825111,0.5131942452305909
348,1,Y,Y,J,1,0.39461129023262975,0.7094283810352224,0.5448341171406432,0.491339795632501
348,2,Y,X,D,0,0.3518166497684914,0.6859076318085876,0.5600610850638874,0.47540023293082223
348,3,Y,Y,J,0,0.34899857782281585,0.6587562168918828,0.5617727228874877,0.4830400658123286
348,4,Y,Y,J,1,0.35046244052551917,0.6372963609894706,0.5875953693957161,0.47139216964225217
348,5,Y,Y,J,0,0.34476431610123237,0.6632729137299187,0.5918719438235579,0.4503059731302115
348,6,Y,Y,J,1,0.3358791782162593,0.6423833219001955,0.5670780908349783,0.44957798698232393
348,7,Y,Y,J,1,0.33262925266647414,0.6492924864616249,0.5452590940471357,0.43434983443578606
348,8,Y,X,D,1,0.34773768460336063,0.701079492874141,0.5174223212155067,0.42292697841414467
348,9,Y,Y,J,1,0.37522366134997115,0.72804489779751,0.5215671268325793,0.4578380156416175
348,10,Y,Y,J,0,0.3954115458606234,0.7243746000317709,0.5394757028503152,0.46514615019378575
348,11,Y,Y,J,1,0.33739222869370467,0.7083415092766909,0.5302387652910479,0.44070143431911774
348,12,Y,Y,J,1,0.3272559882075847,0.6658913825883348,0.5994212518952623,0.405045446434435
348,13,Y,Y,J,1,0.3171662543994313,0.7034594370687923,0.5956605462564313,0.42498854000703673
348,14,Y,X,D,1,0.3206023400439837,0.6763393837776388,0.5921452652232192,0.3955490453711779
348,15,Y,Y,J,1,0.33869208471238343,0.7060172995462947,0.5826117013562709,0.37515727028188
348,16,Y,X,D,0,0.3237440334491791,0.7145682305818581,0.5602679441374134,0.39196710177164124
348,17,Y,X,D,0,0.34726136532641544,0.7321756195856047,0.5452598600245658,0.42846571050867294
348,18,Y,X,D,0,0.353500467890118,0.7182507369454341,0.6013316170222976,0.42008414015671014
348,19,Y,Y,J,1,0.3250360349198762,0.7301019830595705,0.5971257340817994,0.40869378158928577
349,0,X,X,D,1,0.5024552267476615,0.5895994099686883,0.5818585497943464,0.6511551716808153
349,1,Y,Y,J,1,0.5003774975689694,0.519616845162167,0.5868211611376096,0.6210857150480922
349,2,X,X,D,1,0.48648931641984383,0.5329242471325546,0.5909977872372563,0.5736964214458379
349,3,X,X,D,0,0.48496961146477663,0.5253768952406475,0.570494407147775,0.5742616818499154
349,4,X,X,D,1,0.5448740227519259,0.5406903212696648,0.6103878074498986,0.62792543048
349,5,X,X,D,1,0.5151698040693757,0.5471998605127565,0.6501428781197236,0.5946653816026218
349,6,X,X,D,0,0.5650843948324027,0.5671832250499059,0.6006512547592485,0.5407902184603431
349,7,X,Y,J,1,0.5643300966363863,0.5855759838247424,0.5685290994480104,0.542827773863736
349,8,X,Y,J,1,0.5744865530187345,0.5586772268975685,0.5790662583677777,0.510896968911496
349,9,X,X,D,0,0.5927831567870557,0.5739033791826357,0.5677682503113225,0.505979602489077
349,10,X,Y,J,0,0.6532196721211576,0.579670075612219,0.5205759790112392,0.47704326700209493
349,11,X,X,D,1,0.5983288548448639,0.5719112925732431,0.4759791495426494,0.45905043151243485
349,12,X,X,D,1,0.6274660036216612,0.6120071874315537,0.442412223931375,0.4239303542541004
349,13,X,Y,J,0,0.6119174216930787,0.5955174683571041,0.48553411266176205,0.4166299967734882
349,14,X,X,D,1,0.6322948611251066,0.5647734415832216,0.42896778959700504,0.4246435006433517
349,15,X,X,D,1,0.5825473955446137,0.6105622277293565,0.4020643317422725,0.4077604021009221
349,16,X,Y,J,1,0.6041301843903419,0.6300032435195723,0.4204774269544385,0.4193483377729234
349,17,X,X,D,0,0.6338259892488316,0.6137366721662464,0.44031640462562,0.4304297290839872
349,18,X,X,D,0,0.6271721732773982,0.6128208257165174,0.440110386086345,0.45993867368689456
349,19,X,X,D,1,0.5725320990042525,0.601632527031293,0.4575910728983812,0.47028845708248757
350,0,X,X,D,1,0.6423841964171212,0.7358191111209882,0.508677439817784,0.392197767536483
350,1,Y,Y,J,1,0.6358064698008224,0.75,0.5703559389434723,0.3783069127612904
350,2,X,Y,J,0,0.6709475783620327,0.7386406038807134,0.6146778660994557,0.41548521023316565
350,3,X,Y,J,1,0.6720140341961459,0.7499160757641785,0.5772613873093623,0.40850475229699484
350,4,X,X,D,0,0.665571086460695,0.7439478073538037,0.5647320598285,0.3689598915221965
350,5,X,X,D,0,0.6465914046365469,0.7152234719702901,0.5545647371382808,0.3915566870029732
350,6,X,X,D,1,0.6166548538557218,0.7286699802728229,0.5312959348256302,0.41140207492198655
350,7,X,Y,J,1,0.589758197763953,0.7255392305798103,0.5480938336576648,0.36618726151661624
350,8,X,Y,J,0,0.59189575914556,0.7042326045163642,0.5732953543637052,0.3842464943993373
350,9,X,X,D,1,0.6161990601685173,0.6909843231351798,0.5794274348506441,0.41971051268926085
350,10,X,X,D,0,0.640584060497417,0.6314625796899246,0.6009658370942216,0.4324178299896534
350,11,X,X,D,1,0.604524054102921,0.6730762914675001,0.6508571590268086,0.441456836857031
350,12,X,X,D,1,0.5840588652139327,0.6806065480196103,0.662335006105078,0.4544711732283115
350,13,X,X,D,1,0.5787569109322106,0.6530631223477545,0.6535418839827363,0.4525405677488681
350,14,X,X,D,1,0.5413517334860243,0.6804742145178377,0.7041158035179086,0.4440868552869662
350,15,X,Y,J,1,0.544813369001638,0.6860151840244421,0.6420428692139265,0.45695398259998804
350,16,X,X,D,0,0.5148856375294646,0.690098807045027,0.651265139901995,0.47243094476456043
350,17,X,Y,J,1,0.5043788085582496,0.7110648252304025,0.6325154730919429,0.4674483371736528
350,18,X,X,D,0,0.5490171463268846,0.7039738129747799,0.6655013782511672,0.47901016034070865
350,19,X,X,D,0,0.5007091341004231,0.6980279555044516,0.6950697180464007,0.5111355599422243
351,0,X,X,D,1,0.6168429208765642,0.2607023187060775,0.25522055809147154,0.32193485761245355
351,1,Y,Y,J,1,0.6263821111662071,0.26791980135755167,0.2796259425939094,0.32681207454099015
351,2,X,Y,J,1,0.6115825581434466,0.25,0.2614849997674619,0.2729864221070596
351,3,X,Y,J,0,0.6081455441111473,0.25,0.286728743158256,0.2782598352113159
351,4,X,Y,J,1,0.6277256493672821,0.2968667737282551,0.29095185983440724,0.2782089674156544
351,5,X,X,D,1,0.6226039907141987,0.28868442433832375,0.29099345221994843,0.2937328439890046
351,6,X,X,D,1,0.6323549928471107,0.30311781391544207,0.3096269627373329,0.2692042908761561
351,7,X,X,D,1,0.6328995672665163,0.2708986130989415,0.33340374469637374,0.2848716176121905
351,8,X,Y,J,0,0.6484641052592381,0.2573182530469083,0.3213807014234593,0.3071597308675846
351,9,X,X,D,1,0.6493154681521742,0.2613753552523445,0.30231652927488745,0.30277433704918055
351,10,X,X,D,0,0.6728374955881555,0.26414875084726597,0.2500265921870636,0.30149593354712867
351,11,X,X,D,0,0.6198256393887853,0.25,0.2664203321526064,0.25952808447050435
351,12,X,X,D,0,0.6295601385325896,0.25,0.30015799749440075,0.2527188880306031
351,13,X,Y,J,0,0.6249224793810396,0.26851091422219386,0.2642781526228446,0.27114108131283116
351,14,X,Y,J,0,0.6160022298250477,0.27922809238458796,0.2520714079574235,0.25
351,15,X,X,D,0,0.57224548618242,0.2727096774389923,0.26797408719602356,0.2654942289974162
351,16,X,X,D,0,0.514330590729935,0.25148856325639585,0.2632234767249375,0.2557142087690688
351,17,X,X,D,0,0.5555338473542811,0.25,0.25,0.25315819591869126
351,18,X,X,D,1,0.5877581391629945,0.28928964372612953,0.26018780727557544,0.2552569593867713
351,19,X,X,D,0,0.5798582007544836,0.25,0.25,0.2569870637937346
352,0,X,X,D,0,0.6683760893516617,0.3494349455852878,0.6462173638427864,0.2844456515581573
352,1,Y,Y,J,0,0.688585681979802,0.34776402617588154,0.6297717596092294,0.29579955746197395
352,2,X,X,D,1,0.6904056546100414,0.3878911272433416,0.6697008561843487,0.27917480617451945
352,3,X,Y,J,1,0.68735160863744,0.3466850742743407,0.7024550072377959,0.2820087322436798
352,4,X,Y,J,0,0.6608549602897927,0.3002383200322526,0.7082125101236838,0.2936046032254864
352,5,X,X,D,1,0.6597602860544477,0.2896032419188163,0.7181246825005684,0.2779302555348554
352,6,X,Y,J,1,0.6244474006350893,0.2895524575998095,0.75,0.29152909238047875
352,7,X,Y,J,0,0.5976129645791172,0.27853038755453496,0.7088748383982364,0.2582025579729214
352,8,X,X,D,0,0.5736803660288275,0.25,0.7361801183347911,0.25022888802230275
352,9,X,X,D,0,0.5849966550580992,0.26005534728475005,0.7219250587167997,0.2892826287988535
352,10,X,X,D,1,0.6086513001454295,0.27445298505000143,0.7407238788306244,0.29729753350768773
352,11,X,Y,J,1,0.5872370280853362,0.29556219168437764,0.75,0.3054028387379339
352,12,X,X,D,1,0.5434904695623786,0.26012206150427586,0.75,0.2976931725337717
352,13,X,Y,J,0,0.5763218879349494,0.26399420048529837,0.7486119311610957,0.3041242633968683
352,14,X,Y,J,1,0.582961362163443,0.27740683738059313,0.7470871535201155,0.29531093903074046
352,15,X,Y,J,1,0.5916004369665662,0.25746551754378033,0.75,0.34440774217397274
352,16,X,X,D,1,0.6175081085098402,0.25281722149765334,0.7478548244536977,0.2908821114652107
352,17,X,X,D,1,0.6295139537081069,0.2699811733114228,0.75,0.2929591911923382
352,18,X,Y,J,1,0.6188209722662479,0.2711997375674484,0.7435860198086326,0.297288054786988
352,19,X,Y,J,1,0.6110252496021477,0.29803918253241,0.7348681403916318,0.25
353,0,X,X,D,0,0.3124891822693503,0.2879486281650441,0.6482739423621344,0.6070964510207131
353,1,Y,Y,J,1,0.33757738062913034,0.2850089419355367,0.6838182801480985,0.5935594743474738
353,2,Y,Y,J,1,0.3727446877726796,0.30563511327120524,0.6598744919393702,0.6044860794937854
353,3,Y,Y,J,0,0.40626082531522345,0.3171607161831316,0.6839328822195756,0.63694895739078
353,4,Y,X,D,0,0.40111708585872685,0.33842932574085577,0.6361929918118552,0.6100135136635441
353,5,Y,Y,J,1,0.3906965470011483,0.3428078570454258,0.6436030647101625,0.581404060217205
353,6,Y,Y,J,0,0.38779683920464053,0.33231978720752986,0.628156402920512,0.5659895433123908
353,7,Y,Y,J,1,0.38458107786585716,0.31993745706808274,0.6560388342475313,0.5508223151381243
353,8,Y,Y,J,1,0.3574642411411184,0.2967217175968486,0.6179914320858382,0.5344471053020059
353,9,Y,Y,J,1,0.34392041467916906,0.3119272591958859,0.6374256372302112,0.5144671443690622
353,10,Y,X,D,0,0.35197544929865127,0.3149018393503901,0.6382424820582299,0.5565827119169996
353,11,Y,Y,J,1,0.34821347049094725,0.36835445543539796,0.6667202973335644,0.5258971274701517
353,12,Y,Y,J,0,0.3213454440975527,0.37840516429199533,0.6531540316390225,0.5180987076145861
353,13,Y,X,D,0,0.3402616688329489,0.37890833466859464,0.6218976029022577,0.5101333797276371
353,14,Y,Y,J,1,0.32507753619133806,0.3293187620290178,0.6606787050612566,0.46543173544364236
353,15,Y,X,D,0,0.3170905202822698,0.3056156540826367,0.7162154040472174,0.4517927996202035
353,16,Y,Y,J,0,0.3044282052512615,0.32513706063976583,0.75,0.4736758302335394
353,17,Y,Y,J,1,0.32639719003959844,0.35415235892797003,0.731477612280635,0.4707877622144494
353,18,Y,Y,J,1,0.34285688650366586,0.36235041087850073,0.7044845770371966,0.49613354010215927
353,19,Y,Y,J,0,0.3541335186595671,0.36877264177746316,0.7338299930529081,0.5132360236076053
354,0,X,Y,J,1,0.2911652048203674,0.4465494843053205,0.5699693295784626,0.7330007353477186
354,1,Y,Y,J,0,0.3189319521392672,0.4695450675520274,0.5851006622267388,0.7034989612803665
354,2,X,Y,J,1,0.3322736593234742,0.4699748291959928,0.5852174422835059,0.697492531718184
354,3,X,X,D,0,0.35311088366544413,0.4813767579861599,0.554172252917438,0.6556247447157664
354,4,X,X,D,1,0.35917077302527733,0.504328380085949,0.559341864093355,0.6607088648049216
354,5,X,X,D,0,0.3416924902068846,0.5357083873447192,0.6048772881520772,0.6357141544216344
354,6,X,X,D,1,0.35661477440592537,0.5140440469829181,0.6200056610511142,0.6102200215654667
354,7,X,X,D,0,0.35189358237449486,0.4997931544397871,0.6113088832886028,0.6262020197683906
354,8,X,X,D,1,0.35809635475679746,0.5179866081540812,0.646443117030559,0.5835734202380063
354,9,X,X,D,0,0.3965555811773982,0.4819887051841882,0.6310798204642011,0.5892343275452709
354,10,X,X,D,0,0.362714388336125,0.46517611646388063,0.6087915401371894,0.6453389975501568
354,11,X,Y,J,0,0.3461597250654417,0.4411821264584928,0.5684603789552777,0.6649184687620515
354,12,X,X,D,1,0.3110987646051637,0.4359090557418765,0.595109613612265,0.6762205948612482
354,13,X,X,D,0,0.31545188334411306,0.4293868492143103,0.6166397420384631,0.666285904005998
354,14,X,X,D,1,0.31413691173189445,0.4032842472786148,0.6008843359554504,0.6568596046314228
354,15,X,Y,J,1,0.33095954289864077,0.39172414081083085,0.5858955608420916,0.6212798407346982
354,16,X,X,D,0,0.31704795352682746,0.3898974761766257,0.5457648721916761,0.630967937491048
354,17,X,X,D,1,0.32869571890309335,0.41875748934224644,0.5378077950780216,0.6701274767647791
354,18,X,X,D,0,0.31427667405385673,0.4224225854947863,0.5149977961579109,0.6900099062482287
354,19,X,X,D,0,0.32589884305471983,0.45717770627804544,0.49927063015413414,0.6793344260865465
355,0,X,X,D,1,0.5118939531848141,0.6222499307763998,0.5629008051116645,0.5667011094724732
355,1,Y,Y,J,0,0.4948525200748175,0.6548929365567164,0.5745361414163451,0.5701312879851687
355,2,X,X,D,0,0.46602146094002295,0.6900836081381215,0.6059307278124487,0.5609152974117985
355,3,X,Y,J,0,0.460087699471471,0.6624048842566329,0.5569996512764881,0.5722677355307326
355,4,X,Y,J,1,0.47003114056102085,0.6328474100214773,0.5641275034596044,0.557048337277812
355,5,X,X,D,1,0.49376437040905474,0.6161785807818262,0.5181362618140671,0.5706051188036926
355,6,X,Y,J,1,0.489628984930193,0.6076142631614528,0.5074501726326235,0.516111924463272
355,7,X,Y,J,0,0.451493435386329,0.6476011868676834,0.4820563988796007,0.5203613657496216
355,8,X,Y,J,0,0.44568230754066074,0.6739585725899939,0.5156109939096977,0.5284419960157518
355,9,X,X,D,1,0.45549270679048415,0.6428375756090622,0.5148037448462491,0.5433355560853916
355,10,X,X,D,0,0.4725035244612143,0.6290064943166261,0.47319807766834504,0.5445581460279798
355,11,X,X,D,1,0.4986937627741644,0.6247420057155578,0.4426902788101499,0.5510479153170291
355,12,X,X,D,0,0.5001310886510913,0.5836299854658343,0.509557579839967,0.5554168483502103
355,13,X,X,D,0,0.5076500412251694,0.5842500216553714,0.5254396586098983,0.543954538994801
355,14,X,X,D,1,0.4814270408920028,0.5703596945900143,0.5440745131850986,0.5461139373892173
355,15,X,X,D,1,0.4180904209923851,0.5802668015419103,0.5747236737270393,0.54939446296979
355,16,X,X,D,0,0.409502025811919,0.571721951434566,0.6198189896664005,0.5996514784266774
355,17,X,X,D,0,0.43147191348702996,0.5936277675770912,0.6184890274674624,0.6060224128908642
355,18,X,X,D,0,0.4367096823224138,0.6027726745322471,0.636097979351269,0.5779329890224627
355,19,X,X,D,0,0.4552970708947832,0.6109915052974697,0.6636838512995953,0.5716683221825132
356,0,X,Y,J,1,0.48772526601542965,0.3306928634563151,0.6427524122269569,0.7098180488743167
356,1,Y,Y,J,1,0.4514342787669983,0.30980993862149603,0.6226393452958691,0.7305185388389429
356,2,X,X,D,0,0.442413801023438,0.33066920620586443,0.6052981534059995,0.75
356,3,X,X,D,0,0.44756993812004514,0.36508193920994864,0.5829181981547946,0.7215650781050023
356,4,Y,Y,J,1,0.40550185092294894,0.38141635456899287,0.6119381527550709,0.7400135278503556
356,5,X,X,D,1,0.4294526583249836,0.3593266316318133,0.6293470191837403,0.7411689832353306
356,6,X,X,D,0,0.4554973974813272,0.3549258241550614,0.6142780092946608,0.75
356,7,X,X,D,1,0.4937416699168905,0.36140136905296616,0.639297536615138,0.75
356,8,X,Y,J,1,0.4934636662700551,0.349446987630532,0.6046826618924038,0.6969079982336145
356,9,X,X,D,0,0.5481463326467679,0.378619110641248,0.6282166563064562,0.6871181165300394
356,10,X,Y,J,0,0.5368612462295974,0.37869540019881215,0.6726526978645848,0.7008431912259353
356,11,X,X,D,1,0.508998132198976,0.3536287173606665,0.6846894080365653,0.6965204880183183
356,12,X,Y,J,0,0.5303162873511538,0.39036801111245556,0.6796397428577742,0.7087928519949459
356,13,X,Y,J,1,0.543968196255182,0.41538823039468886,0.7090532869781269,0.6928960400098364
356,14,X,X,D,1,0.5432036888676463,0.38108648292255315,0.6930041967267107,0.716274540899703
356,15,X,Y,J,1,0.522209848014255,0.3893791354550212,0.6975628804716919,0.6804751174721165
356,16,X,X,D,0,0.49170112856056575,0.40129820023780605,0.6936763817722046,0.6569956375486687
356,17,X,X,D,0,0.5020570536399446,0.42402305481919067,0.6987392510771627,0.6716523410625547
356,18,X,X,D,0,0.5067121153785643,0.4292707326387406,0.7115393716018059,0.6518926491577357
356,19,X,X,D,1,0.5136509912789392,0.3954052182872132,0.75,0.6214080396725473
357,0,X,X,D,1,0.5840333629900634,0.3069741194124872,0.4526150845704745,0.6108658799347169
357,1,Y,Y,J,1,0.5401311412157098,0.26883412016940816,0.44594264858580684,0.5832597765204061
357,2,X,X,D,1,0.5402743375482661,0.25,0.38418565329382653,0.5703564664892828
357,3,X,X,D,0,0.538187351237796,0.30633290640640953,0.40059030535040896,0.5850144225389722
357,4,X,X,D,1,0.5437180284569112,0.3081193457310109,0.39726674804505246,0.5933745290845152
357,5,X,X,D,1,0.5198491685819568,0.31244980799206257,0.40304558945438923,0.6511006959135239
357,6,X,X,D,0,0.5040475784954691,0.2864219696854527,0.4043246927735059,0.6535258398700013
357,7,X,X,D,1,0.4808046542143348,0.26656517664402724,0.42363059785291,0.6826340418335425
357,8,X,Y,J,0,0.5172191063431822,0.25,0.42118910555956424,0.6988492951360078
357,9,X,X,D,1,0.5405899317071595,0.27279671016843404,0.45319329402178243,0.7159342451888753
357,10,X,X,D,1,0.5655205421984305,0.25,0.4327813801331444,0.75
357,11,X,X,D,1,0.5243264571688564,0.25945833710753213,0.4491855669880846,0.75
357,12,X,X,D,1,0.5110811447793472,0.27757095963194806,0.4173323061039928,0.75
357,13,X,X,D,0,0.5031299841038299,0.2545106422246678,0.3945626977580322,0.75
357,14,X,X,D,1,0.542930251899977,0.25,0.38578643016843445,0.7142214664992221
357,15,X,X,D,0,0.5525824644023897,0.25,0.423563843975989,0.7170934856031576
357,16,X,X,D,1,0.5670149641826284,0.259642707863752,0.39031504920291205,0.7047026408178027
357,17,X,Y,J,1,0.5203347821851785,0.29429826844214557,0.361423855739005,0.7308188733483181
357,18,X,X,D,0,0.5433641557874564,0.30148467671250573,0.3253367152526435,0.75
357,19,X,X,D,1,0.5469396852264395,0.309264694853485,0.34208092935065737,0.75
358,0,X,Y,J,0,0.690729312181512,0.504304687681897,0.5251392334957601,0.510551840307996
358,1,Y,Y,J,0,0.6766417618388245,0.4989521410005769,0.5190538321527991,0.5200394575099612
358,2,X,X,D,0,0.6943261215570767,0.5046614583743818,0.5386157614765933,0.5178203184044221
358,3,X,Y,J,0,0.75,0.5176226753055996,0.5225010328011555,0.5469254218620826
358,4,X,Y,J,0,0.7173842522970215,0.5560973357967813,0.4820128532621947,0.5402600885051995
358,5,X,X,D,1,0.75,0.5520563793049564,0.47991156503896953,0.52044537141972
358,6,X,Y,J,0,0.7206666260956113,0.5337529410403483,0.4361271798577591,0.5297180989620305
358,7,X,X,D,1,0.6928538111913313,0.5395920281441453,0.45159178157755214,0.513294920560426
358,8,X,X,D,1,0.6723380806128403,0.549862774706531,0.4589202318046708,0.5080144799712953
358,9,X,X,D,1,0.7300187198850714,0.5452385885309518,0.4246721374970448,0.5083328511249636
358,10,X,X,D,0,0.7170399825097141,0.5548693847825609,0.4624049952768907,0.47709439373389223
358,11,X,Y,J,0,0.6747626943058371,0.5989080559469341,0.48748099598305195,0.483735728262452
358,12,X,X,D,1,0.6611567487206746,0.5986847556388929,0.5031255407618245,0.4798874334733979
358,13,X,X,D,1,0.6980535137929295,0.6392487855345848,0.493586708400948,0.47794217568980135
358,14,X,X,D,1,0.6625376109544464,0.6125096454750646,0.49544750202727694,0.4782483895163559
358,15,X,X,D,0,0.6612449848970902,0.6144539699390891,0.4680518364868878,0.4651615784482409
358,16,X,X,D,1,0.7041907449437506,0.6856119045651211,0.48907530947186517,0.48461552924465673
358,17,X,X,D,1,0.7204550528189183,0.6815357207925121,0.5152016581020318,0.4577371930325804
358,18,X,X,D,1,0.7128554488521797,0.6649375024219984,0.46061728763602483,0.453030797782351
358,19,X,X,D,1,0.6994276412357554,0.7111938012448937,0.4579371976598206,0.4579310346862087
359,0,X,Y,J,0,0.3672789324570929,0.4780417191916388,0.2627928641070724,0.6699697040966921
359,1,Y,Y,J,0,0.32772671754632937,0.49890482276519066,0.25,0.6558780795358048
359,2,X,X,D,0,0.2890646797679897,0.459788118622268,0.25,0.6555194459070176
359,3,X,Y,J,0,0.29140868987005053,0.4622893139819383,0.2685861687923771,0.6504660278813855
359,4,X,X,D,1,0.3314229614501851,0.4722733440172809,0.27771503667579434,0.6995765731048045
359,5,X,Y,J,0,0.29379728897162544,0.43932675003727173,0.2668104435476351,0.6709616227864205
359,6,X,X,D,0,0.32316741454858045,0.4213948983478423,0.2538625670791671,0.6627798882656897
359,7,X,X,D,1,0.31486509410657476,0.4153213727477138,0.2670887429191699,0.683670244350645
359,8,X,X,D,0,0.3410933185811398,0.4502990210708479,0.2667476797383734,0.664374164085195
359,9,X,X,D,0,0.3572537935861545,0.4354810135670125,0.2687801584291589,0.6962004155168424
359,10,X,X,D,1,0.31007346070939,0.41485559883019235,0.25,0.75
359,11,X,X,D,0,0.3219310511346428,0.42299259032050707,0.3067558288471329,0.7332229634005584
359,12,X,X,D,0,0.3476934938933764,0.41417994772778577,0.3441327721840838,0.7130442968031144
359,13,X,X,D,1,0.3469372602764482,0.42581156453860197,0.3379176275714974,0.6783324602705585
359,14,X,Y,J,0,0.3616788725984539,0.430189475387282,0.3377632324775143,0.6535857652260236
359,15,X,X,D,1,0.3367698551389072,0.4638540477663081,0.3048733490463335,0.6450697126327308
359,16,X,Y,J,0,0.3728703688388927,0.453578568988025,0.29930974163061214,0.6618781713333768
359,17,X,Y,J,0,0.40453471612485,0.4851707174343946,0.2737726842475298,0.6531221851213754
359,18,X,Y,J,1,0.3822919899634254,0.4709629212501993,0.25,0.6676146274085919
359,19,X,X,D,1,0.33448121166815165,0.4525115683502018,0.26277896878852064,0.6565302964822852
360,0,X,X,D,0,0.4033769477972918,0.5946427482149492,0.7038865019708448,0.5185606374172076
360,1,Y,X,F,1,0.37189829726558704,0.6023253276637067,0.6915959428908969,0.5198206835647321
360,2,Y,Y,J,1,0.37985084760773163,0.5662591481869094,0.6857446056491743,0.5288829908390169
360,3,Y,X,F,0,0.3873924713495554,0.5445755605023732,0.6495863455565173,0.5529611381670911
360,4,Y,Y,J,1,0.41388918197376706,0.5572444690140461,0.7325317397753403,0.5117393347668611
360,5,Y,Y,J,0,0.41990115770648045,0.5453118740690828,0.75,0.5249709377940321
360,6,Y,Y,J,0,0.4156870965928167,0.5191617969227295,0.7495810966199923,0.549596841038648
360,7,Y,Y,J,1,0.4162250654512019,0.5303100440138998,0.75,0.566068946345197
360,8,Y,Y,J,1,0.44555046272434506,0.5578062888226328,0.75,0.5651743323835372
360,9,Y,X,F,1,0.434725283725869,0.5557130071769484,0.7380422272054842,0.5793020717891793
360,10,Y,X,F,1,0.4371583787214967,0.5407429452058028,0.7165074356006151,0.6088051857059212
360,11,Y,Y,J,0,0.4178169806344387,0.5973633542920259,0.7040939757318089,0.6112639612032066
360,12,Y,Y,J,1,0.42238010786916463,0.584174295214114,0.6960600706192965,0.6027679995239916
360,13,Y,Y,J,1,0.4544553706240769,0.6345475673448009,0.6903523345105884,0.6011005636025127
360,14,Y,Y,J,1,0.3859902020515799,0.7138023731193253,0.7034670221009144,0.5779962969640137
360,15,Y,Y,J,0,0.38727084708112314,0.727131973110668,0.7161425055259055,0.5651354961832108
360,16,Y,Y,J,1,0.38283482543984637,0.7179109930511487,0.7188381080945626,0.5378137068327744
360,17,Y,Y,J,0,0.4015501890920503,0.6928348363859258,0.6948190609305321,0.5319379905033544
360,18,Y,X,F,1,0.428331208453353,0.6765191669447937,0.7231233302765576,0.5284752060556434
360,19,Y,X,F,1,0.394645207734252,0.671222507085228,0.7041224664485797,0.5017214205140493
361,0,X,Y,J,1,0.47264495787639743,0.6959685907377255,0.5323199548350348,0.5488526479799865
361,1,Y,Y,J,1,0.4619176583479584,0.7255468668884797,0.5228483624417263,0.5900644273183472
361,2,X,X,D,0,0.4848022330778977,0.7302879401898341,0.5442897116741058,0.5837543619455401
361,3,X,X,D,0,0.5137620510598371,0.7331288663902147,0.551176531089951,0.5407278097623984
361,4,Y,Y,J,1,0.5272267952186586,0.7305660199384749,0.5412573167898713,0.5467139586829228
361,5,X,X,D,1,0.5168841953985809,0.6944193334012793,0.5686561695838523,0.5023740119708509
361,6,X,X,D,1,0.5255226856471736,0.6694968486111365,0.5627085819319321,0.4529644926007691
361,7,X,X,D,1,0.49015977259902765,0.634041470455599,0.5911750988947945,0.4799558556675341
361,8,X,X,D,1,0.49629287014189866,0.5993108137831452,0.597622634305575,0.4875433146332321
361,9,X,X,D,0,0.485296976099831,0.5511735222181225,0.5910507083948163,0.512879984880453
361,10,X,Y,J,0,0.4273414870643243,0.5658831591117838,0.5834275753628959,0.55559555268475
361,11,X,X,D,1,0.4441751725055318,0.5865660454739877,0.5770716932916119,0.558868225815044
361,12,X,X,D,0,0.45101845484932307,0.5593519571726279,0.5604128401455181,0.5194317123408224
361,13,X,X,D,0,0.4195668293707063,0.5624507146127554,0.5688489288095608,0.5601177580129703
361,14,X,X,D,1,0.42531130682096774,0.5847379929399711,0.5046002025865242,0.5639111375650865
361,15,X,X,D,0,0.4364148968462693,0.6106070405900242,0.5260584922067304,0.5657029777610809
361,16,X,X,D,1,0.40843560455123,0.602311512958242,0.5635301227269511,0.5364899923627424
361,17,X,X,D,1,0.43841118090425624,0.555038413927317,0.6027771498384935,0.5717037670264227
361,18,X,Y,J,0,0.4425794363885039,0.5205168398134584,0.5765696631200445,0.5799812398838113
361,19,X,X,D,1,0.4312934689148619,0.5131427669979435,0.5736333155878297,0.5506662866340348
362,0,X,X,D,1,0.25484096401323336,0.4409996672030018,0.4398495453793257,0.30713764668858484
362,1,Y,Y,J,1,0.26539641566966,0.4136639010700506,0.4542186057635683,0.2885389129533677
362,2,X,X,D,0,0.27520893463635515,0.4014182450995859,0.48337878198717055,0.28598108860699134
362,3,X,X,D,0,0.2632107847829471,0.3490009712520138,0.4846109324710117,0.2848488005396703
362,4,X,X,D,1,0.28321658535960814,0.33188859184455916,0.4893360399963692,0.25
362,5,X,Y,J,0,0.29595312239234284,0.3031314688988084,0.47194899903709714,0.2696411041392968
362,6,X,X,D,0,0.2747417064046499,0.273456569705926,0.4725036531909453,0.2671185544600207
362,7,X,Y,J,0,0.3316142524460624,0.2873286518690949,0.47499802294407206,0.2604688316294188
362,8,X,X,D,1,0.32201095522390355,0.2668372494530075,0.4586915367828676,0.2562817687113359
362,9,X,X,D,0,0.3192035629617465,0.28229756651466037,0.4584148593511663,0.25
362,10,X,Y,J,1,0.2919399732103145,0.29388650940622096,0.494756179018629,0.25663064050166234
362,11,X,Y,J,0,0.29176000954229303,0.2779499929179583,0.4860407164889239,0.25
362,12,X,X,D,0,0.2651368015293107,0.26988951149673923,0.48679625524198916,0.25
362,13,X,X,D,0,0.30225348092849547,0.27036356985666327,0.5236285482087245,0.25
362,14,X,X,D,0,0.28891293029243575,0.2550091219717461,0.5190793950327919,0.25432859863433577
362,15,X,X,D,1,0.3136396011475384,0.25829527897908044,0.5323733484430019,0.25
362,16,X,X,D,1,0.3040688204763474,0.30256085364742646,0.5590400779413317,0.2561632135935731
362,17,X,Y,J,1,0.3223461244819711,0.34530851849036204,0.5657536596124106,0.25
362,18,X,Y,J,0,0.3167349085416201,0.3193375888434339,0.5817994907453856,0.28176608489136074
362,19,X,X,D,0,0.30377045877563236,0.2864811628201245,0.6132104461089399,0.25
363,0,X,Y,J,0,0.38168479283874596,0.4990935745534548,0.4182454750452681,0.5676621359101923
363,1,Y,Y,J,0,0.36723223622196616,0.5485174649891763,0.4707793092416867,0.6161921619126094
363,2,X,X,D,1,0.35505494789970615,0.5568089890418093,0.47764685834173615,0.6327104624638271
363,3,X,X,D,1,0.3703382394904415,0.5632859983653712,0.4503927379133176,0.6560633698508134
363,4,X,Y,J,1,0.3446706578810048,0.5475788692252651,0.44849532955549687,0.6126363978071204
363,5,X,X,D,0,0.3678520275200292,0.535619543070203,0.4379901535605981,0.6560754689611046
363,6,X,Y,J,1,0.35807276651174186,0.5537142551447212,0.464694851223836,0.6154746866469952
363,7,X,Y,J,0,0.33688102040775303,0.539421037479096,0.4726853604281121,0.6629187261567526
363,8,X,X,D,1,0.34241056929028246,0.5540206818139195,0.44326494849712494,0.6937785481596089
363,9,X,Y,J,0,0.31994477852941405,0.5545474045245697,0.4738884583010462,0.6881243838410678
363,10,X,X,D,1,0.3039363301002785,0.593898431892772,0.47526634866149864,0.6701251358348072
363,11,X,X,D,0,0.29480420311312266,0.6153182325743661,0.4519176556445208,0.6911503154660888
363,12,X,X,D,0,0.2898086626911576,0.5909215441926042,0.4407840610831333,0.7095680747296702
363,13,X,X,D,0,0.2888851075442395,0.5694978350168177,0.41312110458345325,0.6858385053045661
363,14,X,X,D,0,0.25870087286232135,0.5656416386347385,0.39571716899199716,0.6795080848966704
363,15,X,X,D,1,0.25,0.5426971615953095,0.427655817273778,0.6854068499338863
363,16,X,Y,J,0,0.25,0.543363979669746,0.37831275076687915,0.7174040934543827
363,17,X,Y,J,1,0.26541104050646724,0.5103479627412996,0.35778105461319487,0.75
363,18,X,Y,J,1,0.25,0.49950623836317437,0.36401147540715934,0.75
363,19,X,X,D,0,0.2555034779260117,0.532530105598605,0.35444314213450334,0.75
364,0,X,X,D,1,0.6254614166309277,0.40429688725981927,0.33380375205865415,0.29363159326746696
364,1,Y,Y,J,1,0.5847700091145742,0.3423569210923827,0.2946935612884451,0.3113764118275113
364,2,X,Y,J,0,0.5970738874101976,0.3085277012612606,0.2858726883811834,0.2856873610933418
364,3,X,X,D,1,0.6186328177855388,0.31258275033326643,0.2900949922763937,0.2581538962136896
364,4,X,Y,J,0,0.6380944929602235,0.32262060416798644,0.29806557691028723,0.25
364,5,X,X,D,1,0.6384520775089194,0.3717990348218434,0.2936144406238918,0.25378986677432563
364,6,X,Y,J,0,0.6330251032822671,0.3546538451628798,0.3104137421417983,0.25884139043759663
364,7,X,X,D,1,0.6027019197730117,0.3472092137573601,0.3070499301219731,0.2766565529570443
364,8,X,X,D,0,0.6125527424620575,0.35023354929780814,0.2821520430386492,0.2910059229980027
364,9,X,Y,J,0,0.5955996126602867,0.362060558517503,0.28660628683315337,0.2724202710913179
364,10,X,Y,J,0,0.5991951222087536,0.3417463586131451,0.2707726359350563,0.26368602830267546
364,11,X,X,D,0,0.6184809184392805,0.3484262473622235,0.2738519984054019,0.25
364,12,X,Y,J,0,0.6568314838537919,0.33794959113250206,0.29430186486112214,0.2770523230753843
364,13,X,X,D,1,0.6222286552304457,0.33846093992322523,0.250754607398561,0.31061889365398954
364,14,X,X,D,1,0.5952721594981895,0.32684813680995034,0.25017361808854177,0.34908925319870493
364,15,X,X,D,1,0.604042849393103,0.28602870067784736,0.28666486716401296,0.2946533296784982
364,16,X,X,D,1,0.6356546233615703,0.27108712783746036,0.3179168766354134,0.27048739562771923
364,17,X,Y,J,1,0.6387135078307494,0.2602936278022214,0.32645900566760516,0.2659625601860108
364,18,X,X,D,1,0.6023232744990826,0.2962029718611605,0.3380556127261819,0.3125375111824633
364,19,X,X,D,0,0.6250243543425741,0.27661290460673593,0.31304137158937495,0.32460383847817864
365,0,X,Y,J,1,0.36055599219051426,0.6712363853576411,0.6887308144690341,0.6903465871807851
365,1,Y,Y,J,0,0.3509489666835297,0.7001345583297299,0.7202669673544431,0.6924722556578443
365,2,X,Y,J,1,0.33680783434611133,0.6972330360751363,0.7374830136214501,0.6549495874770768
365,3,X,X,D,0,0.35798418562273904,0.6354648745866116,0.75,0.651612918230013
365,4,X,X,D,0,0.34207972451139157,0.6538295496095207,0.75,0.6202450249770118
365,5,X,Y,J,1,0.29198898168934084,0.6395435058386724,0.7465471823466168,0.6464793226056618
365,6,X,X,D,0,0.3260665313802467,0.6425316569662898,0.739309394037963,0.6267184353046038
365,7,X,Y,J,1,0.3163266052462138,0.6735918745688093,0.75,0.6129459300668352
365,8,X,X,D,0,0.2934614561401952,0.6831350284091098,0.75,0.6445199006192416
365,9,X,X,D,0,0.30010786989375465,0.6776176761270536,0.741642892287743,0.6962529786714914
365,10,X,X,D,0,0.3092461664791019,0.6769504034103262,0.7182168929020025,0.7224150771375287
365,11,X,X,D,0,0.2901326575807354,0.7005745709020891,0.7221316788078828,0.7349402719857479
365,12,X,Y,J,1,0.2635384813864069,0.7226807405179393,0.6896255502665521,0.75
365,13,X,X,D,0,0.2615938593053751,0.7131122971606897,0.7318641501155121,0.75
365,14,X,X,D,0,0.25337091588667804,0.69129181801178,0.7234129414507926,0.7335608261224503
365,15,X,X,D,0,0.2598007550917466,0.6982024631699056,0.7253897978486452,0.75
365,16,X,Y,J,1,0.27642699175347596,0.6727015004965623,0.7068390747018282,0.75
365,17,X,Y,J,1,0.25,0.656494240592499,0.6942349768100725,0.7099698462873212
365,18,X,X,D,1,0.25,0.6711962323580468,0.7070440296450816,0.7325799124851712
365,19,X,Y,J,1,0.2708202858398139,0.7006891135049366,0.75,0.7419183214651668
366,0,X,X,D,0,0.6726730400958294,0.6809368346940678,0.38479466795987366,0.6260692910995145
366,1,Y,X,F,0,0.6846083690354742,0.708699039532792,0.38785781345074866,0.6278483962292964
366,2,X,X,D,0,0.6768468275566639,0.7176439378997057,0.42032932325686506,0.6478033718357321
366,3,X,X,D,0,0.6346924698672839,0.75,0.38364020376830255,0.6401474098317559
366,4,X,X,D,1,0.6754764269469585,0.741483810534495,0.4164085467377008,0.6315003081663106
366,5,X,X,D,1,0.6469707355905231,0.75,0.43455469460630314,0.6805405491396423
366,6,X,X,D,1,0.6031881553650357,0.75,0.4107744179361299,0.6502645292838225
366,7,X,X,D,1,0.5944070053432827,0.75,0.40116947812680864,0.6105056376814698
366,8,X,X,D,1,0.6394072864424619,0.75,0.4017631116300813,0.6125533385627645
366,9,X,Y,J,0,0.6581892558709905,0.7328727212828858,0.3964601699174258,0.6128944867576925
366,10,X,X,D,0,0.6613726827703899,0.734769089087597,0.39525873560068486,0.5826874252459582
366,11,X,X,D,0,0.6652259843002957,0.7391204504897934,0.41554718815587804,0.5966686492461534
366,12,X,X,D,0,0.7066280199500943,0.7286450433940972,0.4306596327385659,0.5523883969634906
366,13,X,X,D,0,0.6880874504256421,0.7358218168633709,0.4395066220981579,0.5644102963823306
366,14,X,X,D,0,0.6640547515058371,0.7458306508776946,0.44451194986031484,0.5755764094384639
366,15,X,X,D,1,0.684140841846944,0.7395832959867693,0.4622085378475306,0.5298995459057547
366,16,X,X,D,1,0.7186656176588821,0.7392028662804631,0.4946014094175813,0.553202890362885
366,17,X,X,D,1,0.7372664739887852,0.75,0.49730450431959444,0.516250657342921
366,18,X,X,D,0,0.7343402935184792,0.723190325761363,0.4694557953978612,0.4776824594884146
366,19,X,X,D,1,0.75,0.736672240669795,0.4874324246515992,0.48949690488865066
367,0,X,Y,J,1,0.5847897203520237,0.3052847280443844,0.3662475229834523,0.7374939985487899
367,1,Y,Y,J,1,0.5741034949941597,0.3410825889734168,0.33248463823763,0.7038655326610949
367,2,X,Y,J,0,0.5663814718661281,0.3313623649227954,0.30054499465737755,0.7376430775016026
367,3,X,X,D,1,0.54197773815408,0.3120221949004269,0.2885500363946896,0.75
367,4,X,X,D,1,0.5095249759979764,0.32062420697394295,0.25,0.7440487238980932
367,5,X,Y,J,0,0.5232385650119838,0.3235162628416849,0.25,0.7451790971809237
367,6,X,Y,J,0,0.5178798402333021,0.34022937978326523,0.26485908807092007,0.7278953465298666
367,7,X,X,D,0,0.49650818499979865,0.3276864989748219,0.25,0.7363286167095056
367,8,X,X,D,1,0.5196516249389995,0.29604466947810193,0.25,0.75
367,9,X,X,D,1,0.5086844829772582,0.31957221495243643,0.25,0.7397349072140595
367,10,X,X,D,1,0.5551842158079774,0.3072247678049721,0.25,0.7251435977847083
367,11,X,X,D,0,0.55210891462795,0.3133309468369155,0.2694333011266578,0.7186363776863971
367,12,X,Y,J,1,0.563337358289036,0.296154862707529,0.3080854178617447,0.708540793955079
367,13,X,Y,J,0,0.5917339303559336,0.29734325107365667,0.30256289666904895,0.6695775685368224
367,14,X,X,D,0,0.5680699387503241,0.31309778872619,0.31004013810002007,0.6677351018532174
367,15,X,X,D,0,0.5621039938165606,0.302229567781302,0.26251828146378803,0.6600342929427965
367,16,X,X,D,0,0.5605013436308269,0.31398790906755863,0.2727128063703252,0.6162708100649757
367,17,X,Y,J,0,0.5490588910557085,0.34433625915060734,0.2685184262525605,0.6046934237742684
367,18,X,Y,J,1,0.5324834511038135,0.33210947477953034,0.29194015023595765,0.5850503042514881
367,19,X,X,D,1,0.5589073875770372,0.32172628304108186,0.2819326391651277,0.6039882372507122
368,0,X,X,D,0,0.5805797636182963,0.2702728074136552,0.7165082342545874,0.6289880716811826
368,1,Y,Y,J,1,0.5883909898291064,0.25,0.7097351033972306,0.6271824182659332
368,2,Y,Y,J,0,0.5943621204200643,0.25,0.6905214325018303,0.6483791161368054
368,3,Y,X,D,1,0.6066979497372015,0.25,0.6588944763955428,0.6358079071166628
368,4,Y,Y,J,0,0.6179316424427218,0.25,0.6409962970668335,0.6374108970290447
368,5,Y,X,D,1,0.5902406827946356,0.26477519611338085,0.6112657858265491,0.6813762269009777
368,6,X,X,D,0,0.6042314532191088,0.25,0.6005918572887328,0.6661528941315157
368,7,X,X,D,1,0.6342980008340824,0.2644058443341246,0.6235885336021461,0.6740299986750158
368,8,X,X,D,0,0.6008593340210018,0.2855690379869992,0.630621652515011,0.6793152936028929
368,9,X,Y,J,0,0.6159264456960276,0.25,0.5856546054126044,0.6543650845736965
368,10,X,X,D,1,0.6137749899599715,0.2602849496935148,0.5846933167331271,0.6563429508751077
368,11,X,X,D,1,0.6489063683700126,0.25417998549126547,0.6032620677851609,0.6418843702580065
368,12,X,Y,J,1,0.639707250659037,0.25,0.620199982054614,0.6432147900420958
368,13,X,X,D,0,0.6372937985634934,0.25,0.5968479729244128,0.6829894233950996
368,14,X,Y,J,0,0.6468645384088754,0.25,0.5536767888685807,0.7006553581780491
368,15,X,Y,J,1,0.646681842569259,0.2733955669193674,0.5533008166411951,0.7274667203823281
368,16,X,X,D,1,0.6429906545251286,0.27028102295157386,0.5319645666404741,0.7315238427464835
368,17,X,X,D,1,0.6160820926118893,0.31718363793533483,0.5399343850967177,0.6792421160094305
368,18,X,X,D,0,0.636945513415011,0.32594447448132047,0.5448353232017352,0.6576740943652812
368,19,X,X,D,1,0.6509615219776818,0.33506864310458506,0.5447150816042646,0.6241752153217945
369,0,X,Y,J,1,0.4870445543867363,0.66497175662448,0.5419586315999225,0.5142160344239372
369,1,Y,X,D,0,0.4813907822986389,0.6494644413519672,0.5306875155507943,0.4902742711847028
369,2,X,Y,J,0,0.47638859069037853,0.6028574370095582,0.5249512785906842,0.4867014165325464
369,3,X,X,D,0,0.45116878406587096,0.5874566341633015,0.5142629172571559,0.4871415249298881
369,4,X,Y,J,1,0.4232933750483172,0.57985407958914,0.5433491615322702,0.5205430699852077
369,5,X,Y,J,1,0.4299065151066057,0.5824191110504829,0.5248974839032405,0.5494582872785024
369,6,X,Y,J,1,0.45369747224427864,0.5553051093140706,0.5161580318219519,0.5194765485849738
369,7,X,Y,J,0,0.43819030387914254,0.5596020671293315,0.4889830339983056,0.5170817093649303
369,8,X,X,D,0,0.42388266320062096,0.5469432160610206,0.4856790729443523,0.5045645170554214
369,9,X,X,D,1,0.4188433801074885,0.5371070519623758,0.4837555655553618,0.5093819269907721
369,10,X,X,D,1,0.4203619326266956,0.5108575252697326,0.4747439847500669,0.5008635552755603
369,11,X,Y,J,0,0.3786145442438915,0.5523674525666575,0.4616892732598495,0.5129957509785408
369,12,X,X,D,0,0.3507574807424619,0.5530864287789438,0.4953246833944668,0.5383601887496048
369,13,X,X,D,1,0.3434654768505627,0.5458809088958372,0.4873081635790574,0.5897725389724775
369,14,X,X,D,0,0.3358547948571289,0.5330541878651299,0.5123103962289836,0.6125585975052322
369,15,X,Y,J,0,0.3783458137122271,0.526214959936361,0.5568288752105505,0.5839150784201113
369,16,X,X,D,0,0.3541760519172702,0.5398624537140035,0.5321005757794655,0.5604042546101129
369,17,X,X,D,1,0.35525488814956424,0.4999777905460015,0.5581346191902787,0.590162188855256
369,18,X,X,D,0,0.34682653092639343,0.5119669216642406,0.5817832300230613,0.6263061629066313
369,19,X,Y,J,1,0.3326069308465343,0.5440461742462862,0.5531105080754795,0.6627780764985813
370,0,X,Y,J,1,0.2825674306185383,0.2890263121304232,0.5743111994586254,0.7254164084266159
370,1,Y,Y,J,1,0.25,0.26958650908908705,0.6240035747270193,0.7262515596929399
370,2,X,X,D,0,0.27901633634847434,0.2614136841040009,0.6258879549603966,0.7403418440985846
370,3,X,X,D,1,0.2854741445773222,0.25,0.6637906281867378,0.75
370,4,X,X,D,0,0.26636982270148307,0.25,0.6551364536479775,0.6940136061047523
370,5,X,X,D,0,0.2909145263715652,0.2922826419005089,0.6707811211642107,0.7222797433645385
370,6,X,X,D,0,0.31770016022857506,0.36380936912021544,0.6974090857728458,0.7237868161813168
370,7,X,X,D,0,0.34624202556650235,0.3603595574680522,0.6974245095142422,0.7148178977246826
370,8,X,X,D,0,0.3169310096776855,0.36474510423268985,0.6973022594548848,0.74998594786135
370,9,Y,X,D,1,0.35224057924191,0.40533765970006014,0.693996476637552,0.75
370,10,X,X,D,0,0.34587521291000034,0.40454943700061813,0.675625665178242,0.7433693320852697
370,11,X,X,D,0,0.3216008053498513,0.36961512542182795,0.6764296472986795,0.7435106279652267
370,12,X,Y,J,1,0.3341135563934804,0.3689484770182777,0.6779611747515588,0.7388761069205608
370,13,X,X,D,1,0.3105322781291645,0.4173573163430318,0.6761919499043827,0.75
370,14,X,X,D,1,0.2900228235945804,0.46718199083581813,0.7090195478206825,0.75
370,15,X,X,D,0,0.2849148507266708,0.47918647311489904,0.6789348537776829,0.7490789378433675
370,16,X,X,D,0,0.2814040948233029,0.49459222173159745,0.6749528028920437,0.75
370,17,X,X,D,0,0.3076708583352603,0.5045553288421849,0.6811119293328326,0.75
370,18,X,X,D,1,0.3651762967764781,0.49994071837214715,0.6576520198995331,0.7355009384102367
370,19,X,X,D,1,0.43463623403261137,0.4945288091811813,0.6759627741126245,0.7197788885584446
371,0,X,Y,J,0,0.4243832109173563,0.5609124924208015,0.32736598432948577,0.7069412961693642
371,1,Y,Y,J,0,0.39470223213148337,0.5730221973793955,0.2879535749536383,0.6908600843606258
371,2,X,X,D,0,0.41423723620790887,0.5560036352220419,0.2963955627985382,0.6592689020021604
371,3,X,X,D,1,0.4067531454586504,0.5491417098151097,0.2922632672219248,0.6507170746633882
371,4,X,X,D,0,0.40075852107592225,0.5618155795801083,0.3337639798548414,0.6079271600826723
371,5,X,Y,J,0,0.36933429031835685,0.5584792173841429,0.33765581332483086,0.6213583472571982
371,6,X,X,D,1,0.39851893807782446,0.5760809824005795,0.2826530131358448,0.6083205398970606
371,7,X,X,D,0,0.36277641308032627,0.5681652614305056,0.2592930893327415,0.5729575823051641
371,8,X,X,D,0,0.3391009632026778,0.5573321555345898,0.26558096470996617,0.5906733998662639
371,9,X,Y,J,0,0.32069434569740957,0.5659335343712557,0.25221325154499413,0.5605596063412581
371,10,X,X,D,0,0.3253491765810631,0.5589064585582331,0.252923625003369,0.5759085079147744
371,11,X,Y,J,0,0.33041442648393504,0.5888161426309637,0.25094948369426,0.5693752923026661
371,12,X,X,D,0,0.29464189936277463,0.5881094140175642,0.26316068083727323,0.5768842568330264
371,13,X,X,D,0,0.2902917512969391,0.5729496884607042,0.25,0.5770057357040412
371,14,X,X,D,0,0.27920411035785014,0.5884157064519618,0.25,0.5649569373394963
371,15,X,X,D,1,0.25046155615631477,0.5765472377851943,0.2632650838275877,0.5602011158235679
371,16,X,X,D,1,0.28761770802970055,0.5496856920056862,0.28122059398278115,0.5349725966004895
371,17,X,X,D,1,0.32494869707461627,0.5586963773605734,0.3093932350089758,0.527477019981331
371,18,X,X,D,0,0.33895703375413955,0.5264815531363656,0.32017635945789324,0.5231867572984552
371,19,X,Y,J,1,0.32969437665163054,0.5188473491581205,0.3584228539309363,0.5506402641586025
372,0,X,X,D,0,0.3790627156787425,0.5627267554153905,0.5939536344293863,0.5222442575316475
372,1,Y,Y,J,0,0.34635275298610185,0.5337354842064644,0.6127340360870415,0.53353878980857
372,2,X,X,D,0,0.3216457415974704,0.5240375118883812,0.6061193045745703,0.5389866766395954
372,3,X,X,D,0,0.33170626915589824,0.5482995550547872,0.6420280662079958,0.5438415904656356
372,4,X,X,D,1,0.31938755115995093,0.5164337986223184,0.6555573756654227,0.5453265577628489
372,5,X,X,D,0,0.29317294902872065,0.4924819146119469,0.6855286262639866,0.5330414304274634
372,6,X,X,D,0,0.25,0.5118153519969395,0.7191495139826529,0.5349090749282946
372,7,X,X,D,0,0.3072348848852231,0.4984380169869894,0.7249203774171336,0.5255212477766704
372,8,X,X,D,0,0.3246679685767906,0.4850734665560504,0.6902640867564523,0.49370824563165827
372,9,X,Y,J,1,0.3060753482227419,0.5030802399614712,0.7437811408679333,0.4885958316237342
372,10,X,X,D,0,0.28771966023823214,0.47480009217423846,0.738577589709045,0.4743582733328778
372,11,X,Y,J,1,0.3147253836705321,0.49853510994685035,0.75,0.49873535579427464
372,12,X,X,D,1,0.3536973601316434,0.5043254673527162,0.75,0.5037818638057547
372,13,X,X,D,0,0.3489307942240119,0.54142778319553,0.75,0.4812750411901482
372,14,X,Y,J,1,0.3869087814980358,0.5492513297279707,0.7366420706539002,0.5281807391380967
372,15,X,X,D,0,0.3919128757115558,0.5702135943988104,0.7498956475727045,0.5414339932380514
372,16,X,Y,J,1,0.3738469932247843,0.5686634918560065,0.7391405077066657,0.5104550408204852
372,17,X,Y,J,1,0.39823492431731067,0.5654641309534203,0.75,0.5256554972323332
372,18,X,X,D,0,0.42082039811678545,0.5907376966574525,0.75,0.5637371653711516
372,19,X,X,D,0,0.40259344111306367,0.5683683527155067,0.75,0.6516538650609639
373,0,X,X,D,0,0.6559556695200845,0.742127597823204,0.7240695814027648,0.2841191560986689
373,1,Y,Y,J,1,0.6315029705239568,0.7325344393516235,0.683997855264121,0.30409133301215563
373,2,Y,X,D,1,0.659700863325219,0.75,0.6950685533032699,0.3078029222519728
373,3,Y,X,D,1,0.6476851284906556,0.75,0.6784144252292083,0.31401730883697276
373,4,Y,Y,J,1,0.6393651020069838,0.75,0.6973487657979237,0.2803187738955863
373,5,Y,X,D,0,0.655227459424454,0.75,0.6894302167588928,0.2770378337505767
373,6,Y,Y,J,1,0.644155169647834,0.7138902308527739,0.6520441094216021,0.30286385955228207
373,7,Y,Y,J,0,0.6930808040988676,0.706156825849641,0.6308555421427373,0.306926596359197
373,8,Y,Y,J,0,0.7121429219459258,0.688297609255637,0.6213438673626025,0.3092345822179123
373,9,Y,Y,J,0,0.7001324741265149,0.6798441090996292,0.6499895754578624,0.2961085564160669
373,10,Y,Y,J,0,0.6675950491939371,0.6574201118833787,0.675549003009411,0.271682722747522
373,11,Y,Y,J,1,0.7179197377960871,0.6244734973903693,0.6691743303394065,0.2550545625069091
373,12,Y,Y,J,0,0.69556628978629,0.5985113310431376,0.676126258730643,0.25
373,13,Y,Y,J,1,0.7162552376350388,0.6286419576880172,0.6685745175575661,0.2627477628352723
373,14,Y,Y,J,0,0.6846101475791712,0.6282811716676738,0.6973967108388294,0.2658723661758292
373,15,Y,Y,J,0,0.6721305590296266,0.6186218444150475,0.7127534681877462,0.25
373,16,Y,Y,J,1,0.6833895163981032,0.6990986744179541,0.7239561198822566,0.307020252663498
373,17,Y,Y,J,0,0.6750583953536247,0.7106907398334726,0.7131601681078193,0.29756265519064057
373,18,Y,Y,J,1,0.6520454983457039,0.7011603773626229,0.7152387671243811,0.33021979883659897
373,19,Y,X,D,1,0.6704307161736658,0.7220575640311979,0.69550510941364,0.2836415844967252
374,0,X,X,D,0,0.5966691974896448,0.6694009534864983,0.4934370576662651,0.3298465435827199
374,1,Y,X,F,1,0.5624640996362202,0.6689229420189423,0.4867002765478646,0.3183833585228472
374,2,Y,Y,J,1,0.5745843085287287,0.6826199434647515,0.49554170540757647,0.2781642560888988
374,3,Y,Y,J,0,0.5846170005120641,0.7122275686391053,0.5163578878738734,0.25
374,4,X,Y,J,1,0.6083161539406587,0.7398369246381221,0.518311602752205,0.2517548093799734
374,5,X,Y,J,0,0.596211112870447,0.75,0.5209338622334433,0.2688916284882531
374,6,X,Y,J,0,0.5807755263066063,0.75,0.5118897212053146,0.28760686570927724
374,7,X,X,F,0,0.6189969420861716,0.75,0.4398432178092089,0.2873450183138791
374,8,X,X,F,1,0.6235693345253364,0.75,0.40628765871627914,0.25826075158385936
374,9,X,X,F,1,0.6718715098581562,0.74866185481179,0.4149508452277532,0.25
374,10,X,Y,J,0,0.6821914959356934,0.75,0.39691984796815977,0.25606549474555224
374,11,X,X,F,1,0.6402840882578575,0.7420651624193512,0.44121780825715246,0.2938495388725949
374,12,X,Y,J,0,0.6734527054424527,0.75,0.4049492810291701,0.2748724310879509
374,13,X,Y,J,0,0.6553677640162301,0.7404622677544106,0.4018266216376137,0.27183955261014797
374,14,X,X,F,0,0.6508990369080904,0.75,0.42243583483326486,0.26706420933713676
374,15,X,Y,J,0,0.6501029461688087,0.724927431207992,0.41515841969545486,0.29097620829958537
374,16,X,X,F,0,0.7008299536951326,0.7407037796683245,0.4219688301280819,0.25
374,17,X,Y,J,1,0.7066892134969075,0.75,0.4530558334988289,0.2862429007051574
374,18,X,X,F,1,0.6686967813556953,0.7280593022390058,0.47396657415957477,0.25412709580357296
374,19,X,X,F,1,0.6657729116947774,0.7327699401768561,0.4680664300550059,0.2672387426705876
375,0,X,X,D,0,0.4593040162359653,0.399703965822903,0.48453300810496297,0.7268044562060785
375,1,Y,Y,J,1,0.42731146707098405,0.40353980133965994,0.5175128804245402,0.7308390251449998
375,2,Y,X,D,1,0.4512020715707371,0.3974071589688242,0.5130763323327062,0.75
375,3,Y,Y,J,0,0.4521628283710149,0.41800464418088373,0.5175752750302904,0.75
375,4,Y,Y,J,1,0.48192624154081126,0.4363054710061153,0.494293784127009,0.75
375,5,Y,Y,J,1,0.47331716837256765,0.4818265055952694,0.4931778295438998,0.75
375,6,Y,Y,J,0,0.4723680450829521,0.5377330250836713,0.4988026093061245,0.7437925701430428
375,7,Y,X,D,0,0.47146284075672457,0.5704132881853852,0.5462575977710387,0.6650213347442937
375,8,Y,X,D,0,0.4420218909684391,0.5531744650666601,0.5302969831405482,0.6686782113399699
375,9,Y,X,D,1,0.3888960934278152,0.5499997776875123,0.5009156540461948,0.6472018419839846
375,10,Y,Y,J,0,0.402138971764572,0.5625883203167984,0.4514228972055564,0.644711722297796
375,11,Y,Y,J,0,0.46183142821095846,0.5714978501775815,0.40465964897186313,0.6723923718751436
375,12,Y,Y,J,1,0.431555949440468,0.6400048483276876,0.38327663013302354,0.6617576916605562
375,13,Y,X,D,1,0.4676325865633348,0.6051766466378694,0.3964654111227113,0.6542302560689903
375,14,Y,Y,J,0,0.46932884146449605,0.6122440099035676,0.42936243501889926,0.6356171300465963
375,15,Y,Y,J,0,0.5103415114655219,0.6289745327519568,0.38951034943598783,0.6170795515450633
375,16,Y,Y,J,1,0.4934571474759782,0.5955757859834946,0.413522372706094,0.6334803757838545
375,17,Y,Y,J,1,0.4930525779815192,0.5694749253000022,0.4227828187197503,0.623465244566403
375,18,Y,X,D,1,0.5059667474574828,0.573441953709311,0.3802552140431077,0.6365004809741397
375,19,Y,Y,J,1,0.49387170552254084,0.546585287751434,0.3525529056316051,0.6726451413625724
376,0,X,X,D,1,0.5595075963136525,0.3495694505937437,0.47749298723632655,0.393338654035322
376,1,Y,X,D,1,0.5773807775397042,0.3667085369561149,0.43769756498869405,0.3708627003690508
376,2,X,X,D,1,0.5790636380922902,0.36830631095674365,0.44668191392021556,0.39733539731138456
376,3,X,X,D,1,0.5903089730387113,0.38998566909231464,0.44018578829709193,0.39608867744960763
376,4,X,X,D,0,0.5857140736977601,0.3998822031112919,0.41707232036023584,0.39170580684889195
376,5,X,X,D,0,0.5961870804692221,0.3966599956668746,0.43146320593259857,0.35846480558236654
376,6,X,X,D,1,0.6069703860263077,0.41709730157020974,0.42374618771473277,0.32273373218508267
376,7,X,Y,J,0,0.6256574290540547,0.4729560841848738,0.4424316056343294,0.29402614728539417
376,8,X,X,D,1,0.6723344313847311,0.46865007260322167,0.4563949185958506,0.29071214637139303
376,9,X,X,D,1,0.6521956746084253,0.500148934999288,0.45861302337949733,0.2505867431941662
376,10,X,X,D,1,0.66722675470242,0.49417348906898917,0.4080877216003096,0.2559967207197323
376,11,X,X,D,0,0.6381382984620685,0.5018878748849985,0.393595160367328,0.27148853538846596
376,12,X,X,D,1,0.6419148359191701,0.5257596856437087,0.41035976180869804,0.278881848538263
376,13,X,X,D,0,0.6420351454431282,0.544714076533025,0.421206687431793,0.26610403733563065
376,14,X,X,D,1,0.6153683447475606,0.5691416407454031,0.3937421236832739,0.25
376,15,X,X,D,1,0.5856368344972891,0.5678844512081705,0.39389312949558436,0.25
376,16,X,X,D,1,0.5977240773562944,0.5565412176083537,0.36637998761828083,0.25
376,17,X,X,D,0,0.5816177098176452,0.5418347267082996,0.3724217312398855,0.2537474054214119
376,18,X,X,D,0,0.5498612973699937,0.5433826466012979,0.36302121873847487,0.25
376,19,X,X,D,1,0.5718005881046538,0.5674239171311616,0.3294572484755029,0.28987296006427754
377,0,X,Y,J,0,0.3594348811712084,0.40053956230652155,0.6382230122202206,0.6205473917776522
377,1,Y,Y,J,1,0.3867796573687623,0.42961190036967134,0.6198597711516975,0.6140479874025275
377,2,Y,Y,J,1,0.33640367886180544,0.4697653464118904,0.5963656966154368,0.5938005017208459
377,3,Y,X,D,0,0.3494143363163593,0.4810652105199492,0.6291882498162837,0.6274099510888532
377,4,Y,X,D,0,0.30915621481762523,0.44776227456812184,0.6097468900433782,0.6687615256904169
377,5,Y,X,D,0,0.3152574239220092,0.4377354840500705,0.5914853284737612,0.6942056766156612
377,6,Y,X,D,0,0.2875565366371155,0.39175360647076035,0.5694698139161277,0.7004186196357538
377,7,X,X,D,0,0.2964395570987811,0.3832381576754782,0.5911760598984871,0.6879232286527494
377,8,X,X,D,1,0.3222282302551428,0.3844488128169664,0.6121985447948917,0.6659535559589165
377,9,X,Y,J,0,0.3290955522266284,0.3717243338613347,0.6130830647508388,0.6739342211220338
377,10,X,X,D,1,0.29469674590917394,0.3411085264671249,0.6095501599254457,0.7232721831567734
377,11,X,Y,J,0,0.2870834197612976,0.33289963939036965,0.6008251939953164,0.7304215494595668
377,12,X,X,D,0,0.28047878015607247,0.36851134664886365,0.5827812705878853,0.7424943461958523
377,13,X,X,D,0,0.27218304790066905,0.3622271324276736,0.5760433602626605,0.75
377,14,X,Y,J,1,0.3058510925621405,0.3743788286748448,0.5600161001187547,0.6870470413404834
377,15,X,X,D,0,0.30561034907706425,0.4040729526692319,0.5776332184821866,0.6862071567034361
377,16,X,X,D,0,0.25624336305852324,0.3935164487017749,0.5794532231512093,0.662659784755693
377,17,X,X,D,1,0.25,0.3913566518276724,0.5963304086976757,0.6526451390935671
377,18,X,X,D,0,0.2705772811997495,0.3974188488580014,0.559176154553249,0.6577859711864313
377,19,X,X,D,0,0.25,0.426835018019315,0.5983252733996063,0.6477574750826179
378,0,X,X,D,0,0.4690491210441675,0.27148901719065854,0.3016602967429487,0.345236440334202
378,1,Y,Y,J,1,0.45125783084207804,0.286705937771487,0.3144442552855191,0.38655425957380984
378,2,Y,X,D,1,0.44177403563589623,0.29956837332189507,0.2852624296767098,0.3954767387969718
378,3,Y,Y,J,1,0.4288912948985222,0.27824667920890656,0.3167099576361251,0.3894416328280223
378,4,Y,X,D,0,0.42640456837229795,0.3111603173656327,0.3504723941835798,0.35664994601878935
378,5,Y,Y,J,1,0.4197117465785388,0.3383203048932599,0.3475714270008886,0.3704776244612787
378,6,Y,Y,J,0,0.44980082891779266,0.3228019097098791,0.3320344809833193,0.3335629764123698
378,7,Y,X,D,1,0.4599501531975101,0.3241896528041415,0.3258503334410015,0.3512315216948385
378,8,Y,X,D,0,0.4289592229852425,0.29125172577532427,0.3411467183135015,0.3880921338211604
378,9,Y,Y,J,0,0.43846573787529586,0.2567268378090293,0.34150254945269626,0.33493840048409645
378,10,Y,Y,J,1,0.3830825750979969,0.2759621681145343,0.32880365402838296,0.3532085932592349
378,11,Y,Y,J,0,0.4153777371346955,0.25,0.35081389928714607,0.3695845451658174
378,12,Y,Y,J,1,0.40775349168991776,0.25,0.29341637969381434,0.3857262894388622
378,13,Y,Y,J,0,0.3826476670639913,0.25,0.3404293385292254,0.42594909395142255
378,14,Y,Y,J,0,0.3904950587904033,0.25,0.3228956531104307,0.3966816645261518
378,15,Y,Y,J,1,0.37927537050160975,0.25,0.3193053528444267,0.3534730662367448
378,16,Y,X,D,1,0.3239520887870302,0.25840227379391645,0.318340428786556,0.36855903063422124
378,17,Y,Y,J,0,0.31669812423863447,0.2532661566605186,0.3186765167485457,0.3922045000022301
378,18,Y,Y,J,1,0.3669221898243749,0.2768685990665741,0.27992398152536596,0.4145639731967161
378,19,Y,Y,J,0,0.38522201196889705,0.28065854792205935,0.25237641701219443,0.4653705812720517
379,0,X,Y,J,0,0.27886953108773643,0.4881135755453413,0.4074645576672755,0.4245332848238985
379,1,Y,X,D,0,0.31201596349470445,0.4873338028769131,0.4277256612406394,0.4282669672238118
379,2,X,X,D,0,0.3099171109229854,0.49597334975201507,0.45084865054804907,0.43229315329674745
379,3,X,Y,J,0,0.2991484275897557,0.5309738809361135,0.429654193803316,0.4414103301135421
379,4,X,Y,J,1,0.28014857776588087,0.5268563612222469,0.4146984621638322,0.4939397666711291
379,5,X,Y,J,0,0.25,0.5093765572885293,0.38719787396301764,0.5150631967226529
379,6,X,X,D,0,0.2573629578913797,0.566620972931145,0.3758851520154237,0.49522409008062945
379,7,X,X,D,1,0.25648373990974765,0.5703715316553539,0.4293884531037122,0.5048006001145813
379,8,X,X,D,1,0.25,0.5373102218087688,0.45272014665019983,0.4792403463930999
379,9,X,X,D,0,0.3012261279499701,0.5578947216121455,0.46290793853673246,0.5099468018875395
379,10,X,Y,J,0,0.3356904964377785,0.5804917570765351,0.4655960070273477,0.5195520239825887
379,11,X,X,D,0,0.3581661229431826,0.5781833604549904,0.4740067922653021,0.5168597872622349
379,12,X,Y,J,1,0.3751987601684266,0.5510491160333597,0.5270317321463542,0.502654865142185
379,13,X,X,D,1,0.3530852788013388,0.5611402304583808,0.5057022102250193,0.5123970735138262
379,14,X,X,D,1,0.3964869498300371,0.5716239495114099,0.5249013414667402,0.46526681135967873
379,15,X,Y,J,0,0.39189583493477437,0.5820756285549135,0.5172224697503125,0.4275437998807119
379,16,X,X,D,0,0.3861812026394448,0.588142800368265,0.5134773397923255,0.40435294440098596
379,17,X,X,D,0,0.4027803775362089,0.5527010337187835,0.541788801263969,0.39321724557119847
379,18,X,X,D,0,0.39996928397334586,0.5775045215964647,0.5666702021120246,0.4287040998782311
379,19,X,X,D,0,0.38427986339202924,0.5885231996327398,0.5840327285039557,0.40550489435188686
380,0,X,X,D,0,0.7453334583909255,0.7248690120289046,0.4430235148926962,0.25401532321897496
380,1,Y,Y,J,0,0.7356426793094312,0.7358535390158454,0.48295018743142004,0.25
380,2,X,Y,J,1,0.7391135366290035,0.75,0.49342883302148943,0.2594372636882792
380,3,X,Y,J,1,0.7310382268433818,0.7256725347480363,0.5211064214338144,0.26314493851497206
380,4,X,X,D,1,0.7198217318092862,0.7021838392081966,0.5562772814781565,0.2638542489288658
380,5,X,X,D,1,0.7404251462959452,0.7285675720434714,0.5354426350097072,0.29485742159811623
380,6,X,X,D,1,0.6939603425389151,0.7314605127174626,0.5695730671193552,0.27879990323823106
380,7,X,Y,J,0,0.6596232596273109,0.7280936069792382,0.5173631879738558,0.30043486565073196
380,8,X,Y,J,1,0.703442823967298,0.7418789991973312,0.5152163822673609,0.3065879199983611
380,9,X,X,D,1,0.7072329780125353,0.725890235219879,0.479927604869379,0.31446683847310497
380,10,X,X,D,1,0.7121905120001188,0.6890672150535598,0.4995760828791326,0.3489801717334403
380,11,X,X,D,0,0.7461425310850374,0.7217917743021666,0.4963698440699138,0.32025156573951774
380,12,X,X,D,1,0.7490107992383677,0.7348065583405071,0.48582193427833636,0.3388634892402179
380,13,X,X,D,1,0.75,0.7347709089002765,0.48393155041725555,0.31665151586211315
380,14,X,X,D,1,0.75,0.75,0.48812261791514655,0.27511464170358624
380,15,X,X,D,1,0.75,0.75,0.48599112426493296,0.25
380,16,X,X,D,1,0.75,0.75,0.5051123179540358,0.2683232465563292
380,17,X,X,D,1,0.7321036325741699,0.75,0.48109610983348894,0.2925623698636468
380,18,X,X,D,1,0.721439946136406,0.7349572622829862,0.47256742609150454,0.33543067782424385
380,19,X,X,D,0,0.7304257650312824,0.7234062402161403,0.41608694753600406,0.35533244222584004
381,0,X,X,D,0,0.3792646956248571,0.36614073603310443,0.7278908496335283,0.3381042751349736
381,1,Y,Y,J,1,0.3276489192754531,0.3784282443527614,0.7463240749400595,0.349305661208783
381,2,Y,X,D,0,0.3294329594298691,0.3800532078970779,0.75,0.3494825553129073
381,3,Y,Y,J,1,0.3143853148181425,0.34829118707397605,0.7151245117605566,0.37893809301611353
381,4,Y,Y,J,0,0.2761553543458266,0.3833591477843498,0.7195092528796317,0.3664176840251074
381,5,Y,Y,J,1,0.2608066098527752,0.38880871374052567,0.7174423406175711,0.37809538814741334
381,6,Y,Y,J,0,0.3040358532109278,0.363404182442817,0.7048467943830722,0.3590981210320448
381,7,Y,Y,J,1,0.31717348597948375,0.33898392480474704,0.701435190094412,0.33789992271008495
381,8,Y,X,D,1,0.31145983045770875,0.3596171938821997,0.6991871995367472,0.3206416444031732
381,9,Y,Y,J,0,0.33023297306715166,0.3577276741968994,0.72209168768331,0.3422955769599887
381,10,Y,Y,J,0,0.3691972530310375,0.39044427168546114,0.7486054302872158,0.33339055864732936
381,11,Y,Y,J,1,0.3771671640742824,0.44626157193763905,0.7264917111764646,0.3747498668071265
381,12,Y,Y,J,1,0.3987845081994822,0.5018697285242566,0.7293399883285341,0.32264269786056793
381,13,Y,X,D,0,0.35235257979237,0.4610089351597395,0.75,0.34673625028871086
381,14,Y,Y,J,0,0.36864052475917886,0.48017144525001404,0.75,0.365799548996275
381,15,Y,X,D,0,0.4272806548283818,0.45435722926216443,0.75,0.38045646186846416
381,16,Y,Y,J,0,0.4448613427712132,0.446996659981365,0.726302215211146,0.38604300352459686
381,17,Y,Y,J,1,0.449876547726213,0.4510094811932395,0.7145157411891176,0.336819569091114
381,18,Y,Y,J,1,0.4157813113971118,0.4605094445970418,0.75,0.31732777497360126
381,19,Y,X,D,0,0.3734803373582508,0.47203440575622246,0.75,0.30658366218011224
382,0,X,X,D,1,0.6456795613628633,0.5851502212069118,0.5890471943544986,0.3559987078273657
382,1,Y,Y,J,1,0.6374900144516787,0.5720917376731208,0.569903017526116,0.3543786053430902
382,2,X,X,D,0,0.573602376049901,0.6116248698549468,0.631856965814346,0.35109672283677573
382,3,X,X,D,0,0.5942099856319207,0.600593721543106,0.656087260818445,0.34824627413405285
382,4,X,Y,J,1,0.6241726851870483,0.5941403888547253,0.6440690264301607,0.32644642389440676
382,5,X,Y,J,1,0.5953700791187078,0.6121447057135221,0.6906950410310969,0.33288721915290215
382,6,X,X,D,1,0.5705501710796449,0.5979636511856404,0.7220250003483498,0.3282249449808976
382,7,X,X,D,1,0.553874568245631,0.6109848787178361,0.7225595259625607,0.28602318300164814
382,8,X,X,D,1,0.5465222215536674,0.5912690521264278,0.6964120212931433,0.2928751293556684
382,9,X,Y,J,1,0.5707719563403293,0.5663273797064724,0.6716605708522445,0.2569989643541265
382,10,X,X,D,1,0.61774816484095,0.5688443842496003,0.6957716693867156,0.2617306441148198
382,11,X,X,D,0,0.57037563515778,0.5864599046452016,0.6809500107751382,0.25120427169136755
382,12,X,X,D,1,0.5651701725075858,0.6188842878405755,0.6794362602127616,0.26379866505923244
382,13,X,Y,J,1,0.5813078241783131,0.6016969894439261,0.6753326939960964,0.28705574901461073
382,14,X,X,D,1,0.5929302162778365,0.6520187611180195,0.6413226373965663,0.2681086535065797
382,15,X,X,D,1,0.5806896136924218,0.6690121012490068,0.6557315283599585,0.27095948636269074
382,16,X,X,D,0,0.5602424175370433,0.6599297229859802,0.6360644773423132,0.33736977525488615
382,17,X,X,D,0,0.5598567209951766,0.6352748228767285,0.6669862523190625,0.3218097521197642
382,18,X,X,D,0,0.5622203215805429,0.6282821925650711,0.6805535638815594,0.29559617889765655
382,19,X,X,D,1,0.5579009007862848,0.6065404242065338,0.6635538801971222,0.3038921460119877
383,0,X,X,D,1,0.4156961029735777,0.4498899498376715,0.7108062735808934,0.2811383930835328
383,1,Y,Y,J,0,0.4300802174529182,0.4700494382899518,0.744505637387793,0.27581129690977557
383,2,X,Y,J,0,0.44328478031474694,0.43941406619891565,0.7364330220827562,0.2802512701799104
383,3,X,X,D,0,0.4377696666531437,0.45401434017198905,0.702708615685873,0.2826959157022784
383,4,X,Y,J,1,0.4235624721341782,0.4361134886189353,0.707224847616616,0.25
383,5,X,X,D,1,0.40030004093574306,0.4038937004523338,0.6989139733796226,0.25
383,6,X,Y,J,1,0.4188185169106493,0.3956666084307126,0.715084169344186,0.2647099549784871
383,7,X,Y,J,1,0.38584888639377135,0.4082728398555383,0.726997207869712,0.26782836471787
383,8,X,Y,J,0,0.3785191642375188,0.40771468557062623,0.75,0.25
383,9,X,X,D,0,0.33506057462696004,0.3796165929626272,0.75,0.25
383,10,X,Y,J,1,0.3515949584462135,0.39490407700345004,0.7497972924109123,0.27442636228782347
383,11,X,X,D,1,0.34305807363462415,0.40086227667077945,0.6847703744868561,0.27945877315143264
383,12,X,Y,J,1,0.35576592951658403,0.42676094500885814,0.6349338209756571,0.27339605842049364
383,13,X,X,D,0,0.3329073703476906,0.43035723008004456,0.6477195888340929,0.29408567045377104
383,14,X,X,D,0,0.36367465239802355,0.45207044701409177,0.6117112496357533,0.30520483723892206
383,15,X,X,D,0,0.3470000719447843,0.4606430464716033,0.6199417031916451,0.2948105142072102
383,16,X,X,D,0,0.36253813779148564,0.466292052223396,0.6472986946662587,0.3222678682215094
383,17,X,Y,J,0,0.38046243225522847,0.4834595261103932,0.6514614609908234,0.3145041175894982
383,18,X,Y,J,1,0.3525936640364889,0.4501048562049953,0.6535247621265745,0.3466393556003543
383,19,X,X,D,0,0.32840305322258917,0.41741723679213294,0.6332852006195367,0.31565691406517893
384,0,X,X,D,1,0.6538854543660375,0.4516308951855973,0.6656753708877772,0.6507370060813964
384,1,Y,Y,J,0,0.6597903366029415,0.4713129941099028,0.6286048655395385,0.6656581260551199
384,2,X,X,D,1,0.6893663212989319,0.47689224355051024,0.6196770304440921,0.6530983273233616
384,3,X,X,D,1,0.7162111927261483,0.4685409933243817,0.5864134383216555,0.6103125893358146
384,4,X,X,D,0,0.7129104809373428,0.4594777330729851,0.5585081146279471,0.6019407108034103
384,5,X,X,D,1,0.7013640726512599,0.4562558058473255,0.5828805186346906,0.5957051278803803
384,6,X,Y,J,1,0.7035384793163356,0.45317983988365906,0.5790184831006554,0.6027130621219501
384,7,X,X,D,1,0.7098791474662419,0.450588752573421,0.5657525247181173,0.6020426935865866
384,8,X,X,D,1,0.736439828688427,0.4154142413744606,0.5734862414891913,0.5981887552601501
384,9,X,X,D,0,0.7499081740949993,0.3820869955956001,0.5677102249785496,0.60182465103559
384,10,X,X,D,1,0.725310171006321,0.36154975552557433,0.5919155256666438,0.5912516311395323
384,11,X,X,D,1,0.7187229478744637,0.365474770093972,0.5207696334876852,0.6187000314316365
384,12,X,X,D,1,0.7377757943836573,0.4093934917304217,0.5601512107624294,0.6260579753647647
384,13,X,X,D,1,0.738526898300216,0.4120953033934053,0.5361996419288109,0.6440847746518685
384,14,X,X,D,1,0.701315574558186,0.39258614167698946,0.5742703170749242,0.6410830596511167
384,15,X,X,D,1,0.7021299373408415,0.42493603495501836,0.5898533683055778,0.6401463482979941
384,16,X,X,D,0,0.6863272730113776,0.4218604512578818,0.6212339842208646,0.6531227022339922
384,17,X,X,D,1,0.6503835770144676,0.45536252215467155,0.607962880290038,0.6566621295947148
384,18,X,X,D,0,0.6543630032273179,0.47322815680637625,0.6141030036520443,0.6379449033010611
384,19,X,X,D,1,0.6593090028656563,0.4983461871235613,0.6275919870715412,0.6688330154585134
385,0,X,X,D,0,0.6132081331829562,0.258395581839592,0.44674744082589857,0.43224512527408115
385,1,Y,Y,J,0,0.6368534936053405,0.25,0.45696104155694567,0.4423615709455714
385,2,X,X,D,1,0.6369126777780293,0.25,0.444727762957729,0.42696502740954523
385,3,X,X,D,1,0.6745702471417657,0.29706890498624927,0.4181704258798275,0.44407928825396087
385,4,X,X,D,0,0.6701764567204108,0.28121327854338607,0.4613058127560642,0.44198986162826004
385,5,X,Y,J,1,0.7140721251845221,0.2753746873127979,0.504448151735036,0.4167393688705815
385,6,X,Y,J,0,0.718007634782342,0.2812942720245878,0.492867323104365,0.3871707488766166
385,7,X,Y,J,1,0.7057584323049637,0.3218465449160254,0.4681691171806122,0.42408161357919344
385,8,X,Y,J,0,0.7234241551265349,0.29687055162836185,0.5097141079985064,0.41860927574499524
385,9,X,Y,J,0,0.75,0.34130411892667034,0.45544719953574087,0.39599678189964616
385,10,X,Y,J,1,0.75,0.350422975935347,0.4725229795606477,0.39549733511387036
385,11,X,X,D,1,0.7428816899104241,0.3064906025230241,0.49095213294711515,0.4170676224581841
385,12,X,Y,J,0,0.75,0.29764653850026596,0.46554096885302876,0.407253912274699
385,13,X,X,D,1,0.75,0.30596346383826073,0.45377828608653875,0.4127255688254638
385,14,X,X,D,1,0.75,0.30088418635741615,0.43747063354070415,0.4262135156861676
385,15,X,X,D,1,0.75,0.29496561720103204,0.3759226431819975,0.44440630115012736
385,16,X,Y,J,0,0.75,0.34097507285276324,0.33724199712489594,0.4433785863036499
385,17,X,X,D,0,0.728899892235591,0.3413340589903435,0.30461736032396153,0.4334888982002826
385,18,X,X,D,0,0.7384238741768294,0.3119535128195132,0.2791882399766884,0.44072311463005437
385,19,X,X,D,1,0.745850885297864,0.31297846926567663,0.25153512578642295,0.44530341560020137
386,0,X,Y,J,1,0.6311341864915516,0.6031967658030176,0.49301145696274895,0.2523627210747035
386,1,Y,Y,J,1,0.5955015234091584,0.6558522336284366,0.5109923651080397,0.25
386,2,X,X,D,1,0.5817031562225214,0.6712044866462578,0.4981261335822884,0.25
386,3,X,X,D,1,0.580386358311707,0.6656671215376312,0.47266223037242583,0.2558567593224807
386,4,X,X,D,0,0.5837341058121293,0.6456781396372309,0.458684382356776,0.26357910107771737
386,5,X,X,D,1,0.5856080126567631,0.6198585807499475,0.5075129222734431,0.27082239324742075
386,6,X,Y,J,0,0.5753008529353806,0.6205498968358621,0.5327219684096323,0.25
386,7,X,X,D,0,0.5385712695999241,0.5920380212487042,0.5336087317123966,0.25
386,8,X,Y,J,0,0.5371537012022723,0.605714699497686,0.5695262329851865,0.25036854086783356
386,9,X,Y,J,1,0.4995348728635979,0.6110383420222496,0.5774275594393419,0.25
386,10,X,X,D,0,0.46677301980287433,0.5625520114890314,0.570123435206492,0.25
386,11,X,Y,J,1,0.44968549143139425,0.5761156088817081,0.558836369200933,0.25
386,12,X,X,D,0,0.4177159241123817,0.5701058987611862,0.5407256742473211,0.25
386,13,X,X,D,0,0.37224183313521575,0.5282399891332176,0.5797121943982364,0.25
386,14,X,X,D,1,0.3236614670591363,0.5227264640334234,0.6232989650427943,0.27442002788459763
386,15,X,Y,J,1,0.25227476307245406,0.5107322077520532,0.5909587317050532,0.2800553665105399
386,16,X,X,D,0,0.2699019829987946,0.46152726815043804,0.5988984266593812,0.25
386,17,X,X,D,0,0.2771969595451864,0.49604023287803367,0.6271695485898534,0.27260423092656294
386,18,X,Y,J,1,0.2943119975167048,0.5083533098060897,0.6513337968040027,0.25
386,19,X,X,D,0,0.2597135795823643,0.5289809827336148,0.6847541662222714,0.25135291615376654
387,0,X,Y,J,0,0.4838896761305038,0.7132353526843553,0.2783560685555645,0.6804008037706144
387,1,Y,Y,J,0,0.46316450982636487,0.75,0.264700759651355,0.7068367406807669
387,2,X,X,D,1,0.45301794048827293,0.75,0.3064095938308663,0.7376641929356171
387,3,X,X,D,0,0.4948905899530915,0.75,0.29608195951762556,0.75
387,4,X,X,D,1,0.46464671132572777,0.75,0.29063655337864763,0.75
387,5,X,Y,J,0,0.4233713224615383,0.75,0.344415318692104,0.7284426798665823
387,6,X,Y,J,1,0.40982429536247833,0.7484926095878195,0.3484784925440797,0.7343292995250845
387,7,X,X,D,1,0.3805302612598182,0.6830568032425638,0.35878388657698723,0.75
387,8,X,Y,J,0,0.3684832081011382,0.70783682108137,0.3429385270923145,0.7096478214032411
387,9,X,Y,J,0,0.3813781859644519,0.6780363045225639,0.3380476346605014,0.6836009191855916
387,10,X,X,D,1,0.3552596869787958,0.6585188431276512,0.34102250873097556,0.6806539605438525
387,11,X,X,D,0,0.35904936903512624,0.6750123347607017,0.32289743452361447,0.6589249539739125
387,12,X,X,D,1,0.3379325111007815,0.7183576334751853,0.3426959605995446,0.6321033524646081
387,13,X,Y,J,0,0.31257439133341214,0.741843575737504,0.4183627730305074,0.668096571030361
387,14,X,Y,J,0,0.3524704387045742,0.75,0.42561343628732184,0.6802402997204978
387,15,X,X,D,1,0.3476086653731345,0.75,0.42822657907293527,0.6812134988698455
387,16,X,X,D,0,0.3466436549213319,0.7301473805638914,0.4476433059764019,0.6697044157172894
387,17,X,X,D,0,0.3687137715761492,0.7447810912006915,0.4785363988569953,0.6421369375162568
387,18,X,X,D,0,0.35277399866561415,0.75,0.4864583656481937,0.645077900876473
387,19,X,Y,J,0,0.35137997434873974,0.7114069148232948,0.50700503537929,0.6537039290578475
388,0,X,X,D,1,0.4351164669423062,0.3325622722422048,0.43441379054886337,0.6136918231286219
388,1,Y,X,D,0,0.40700485776903605,0.3548913268791267,0.45764119010216525,0.6291445988323132
388,2,X,X,D,1,0.3989866684937345,0.34326816896007334,0.4473746836626707,0.6285953822544089
388,3,X,X,D,1,0.3635249911076309,0.37160586569575765,0.44394141799239173,0.6018791402719542
388,4,X,Y,J,0,0.35684757622169583,0.39691277057289753,0.46006985462281164,0.5887633955743476
388,5,X,X,D,0,0.4049936112741359,0.38015252413763173,0.47290754668519697,0.6087914958415804
388,6,X,X,D,0,0.38994945664253,0.35310449763933316,0.4515057487825683,0.6247567913786822
388,7,X,X,D,0,0.4057578173215448,0.3621661540105733,0.46531256364853985,0.6093915568342751
388,8,X,X,D,0,0.42671612961335814,0.3565758292426106,0.4703896958768493,0.6109011803409953
388,9,X,X,D,1,0.4025023013422459,0.3409890460241073,0.4713897146034861,0.6290076171684276
388,10,X,X,D,0,0.42255267826477627,0.3755206581246931,0.480522288972523,0.6358840355169321
388,11,X,X,D,0,0.42664966275214977,0.3398274870848772,0.4363464594852906,0.6475721307929945
388,12,X,X,D,0,0.38481949004067484,0.3744673410663215,0.3867101388259125,0.603657405134971
388,13,X,X,D,0,0.359061227550944,0.3205673933160971,0.4144825123132438,0.5888285729263691
388,14,X,X,D,1,0.38606235723533816,0.3544983116536962,0.378040858569256,0.5658112089155902
388,15,X,X,D,0,0.3376672499418414,0.3667698140777152,0.3417800333472007,0.6067548693983567
388,16,X,Y,J,0,0.317405897863743,0.32152426491307046,0.38438872327672324,0.6443884814692624
388,17,X,X,D,1,0.2588447586214799,0.3650754842922483,0.37315483919385634,0.6608155703983581
388,18,X,X,D,1,0.262203499676755,0.3884665626481946,0.3417117506274454,0.6591703985221418
388,19,X,X,D,0,0.264317919256252,0.3666646485911764,0.35195810917217674,0.6927137756340442
389,0,X,X,D,1,0.6225037836642324,0.2980815735196762,0.3736463664072451,0.6704747404234669
389,1,Y,Y,J,1,0.6008877769110921,0.3237083643483422,0.4105954532777654,0.6798931398469765
389,2,X,X,D,1,0.6063672672815641,0.34040631410816785,0.4252427872624448,0.6631076618822759
389,3,X,X,D,1,0.6269498767286438,0.3888047586935812,0.4350997077055405,0.6276687827202756
389,4,X,X,D,1,0.575391429281433,0.43547825007700514,0.42970818622858875,0.6101065126125779
389,5,X,X,D,0,0.5899819384425418,0.43529815586037085,0.4086991897959008,0.6136064173665506
389,6,X,X,D,1,0.5862436127855256,0.4484661648665486,0.40556402556075627,0.6216560004183386
389,7,X,X,D,0,0.5366022358075859,0.46275526392042704,0.4093958268569856,0.5997634234628237
389,8,X,Y,J,0,0.5853676828617534,0.46068677940722497,0.44769549924020474,0.6040191859196694
389,9,X,X,D,0,0.5793377570631195,0.4674668573716744,0.4158714419383128,0.5934893911776065
389,10,X,X,D,1,0.5604089332386943,0.46854913299077594,0.4161770503323856,0.5666082344436923
389,11,X,Y,J,1,0.5684718523843064,0.4048606579586338,0.44043195025263726,0.5587534715989846
389,12,X,Y,J,1,0.5599045147223486,0.41998337417287707,0.42616418200928546,0.5204759605706537
389,13,X,X,D,0,0.5468025559581269,0.39019321948390595,0.40368180921762975,0.5026894276602284
389,14,X,X,D,1,0.5846429107121712,0.3650185350023319,0.390581511048871,0.5104501118294273
389,15,X,Y,J,0,0.6206296271674596,0.3609868409227901,0.36182949295457634,0.48259421286225856
389,16,X,X,D,1,0.6734490297314968,0.3403919159060048,0.3898473519762482,0.4409798517461982
389,17,X,X,D,1,0.7040178091074651,0.31277705164277925,0.35092462447399086,0.42969737866834534
389,18,X,X,D,1,0.7025202238469096,0.2994096435185847,0.34699275577094607,0.43648893803064764
389,19,X,X,D,1,0.7375589293268299,0.2995140285245057,0.3596028733571126,0.4371749476763203
390,0,X,X,D,1,0.6931460553767503,0.2956525762675554,0.29745272451895866,0.5991271003165203
390,1,Y,X,D,0,0.6898584253849823,0.3076899797530271,0.29613141772334045,0.6236099395711364
390,2,X,Y,J,0,0.6930673976967495,0.3683448999490557,0.288103765079735,0.6117278584945313
390,3,X,X,D,1,0.710500360236162,0.3390380432710815,0.2884455119738303,0.5841861869842409
390,4,X,Y,J,0,0.6809542764144482,0.33370271668991425,0.2635854071255827,0.5814038337466096
390,5,X,Y,J,0,0.6969767020080799,0.3510663227383997,0.30666986625904125,0.5680394996080299
390,6,X,Y,J,0,0.6678236055323166,0.3368906661818129,0.318207918954559,0.5938046584359034
390,7,X,X,D,0,0.6676685674405104,0.3688569810357148,0.2730751215540499,0.634868869628261
390,8,X,X,D,1,0.673231851631883,0.38565416638230754,0.2706871298229892,0.6381917515319171
390,9,X,X,D,1,0.6653632413326535,0.3470193126188507,0.2854152590857077,0.6477036985531514
390,10,X,Y,J,0,0.6593101547852779,0.3254841290896177,0.26115211783137343,0.5825190180062052
390,11,X,X,D,1,0.5853850045274415,0.33838904123272173,0.2760967168625097,0.6000621773906428
390,12,X,Y,J,0,0.6001545609648737,0.3505448226561386,0.25,0.5717319811366427
390,13,X,X,D,1,0.5864747420188458,0.3784275530688654,0.25,0.5956227757894925
390,14,X,X,D,0,0.5846626471127437,0.3872586489271293,0.25,0.596705969222873
390,15,X,Y,J,1,0.5630749542993597,0.3335826755934499,0.2771597346254558,0.5539111733355535
390,16,X,X,D,1,0.5745351589107042,0.38683435242676484,0.27674965915572036,0.5530325279934581
390,17,X,Y,J,0,0.578077696629248,0.37867329141065975,0.27752142375140954,0.5489981786043433
390,18,X,Y,J,1,0.6073979432588468,0.433100006754734,0.27984675787287344,0.5385188956943922
390,19,X,X,D,0,0.5893893659638405,0.43867815779277963,0.2628603467121798,0.5488150058990906
391,0,X,X,D,0,0.609861515339416,0.4482892524784955,0.6559274844804511,0.6770959275603752
391,1,Y,Y,J,1,0.5816733779266219,0.4906998671209033,0.5981381661435706,0.6660740434408876
391,2,Y,Y,J,0,0.6271018719091427,0.5130584616528298,0.5602362013035168,0.6633963015914276
391,3,Y,Y,J,1,0.6411227375023594,0.4910157228503325,0.5367820162587079,0.6421257113129635
391,4,Y,X,D,0,0.6702835374933183,0.5057560868452842,0.5468675483276905,0.6185652669314867
391,5,Y,Y,J,0,0.7074143821044263,0.49026450408497246,0.5605850287134424,0.6156212433110736
391,6,Y,X,D,1,0.6941609347334108,0.5234575943266306,0.5454625214633632,0.607709056147729
391,7,Y,Y,J,1,0.7034241437897564,0.5240814869991052,0.4837612419551789,0.614828508153115
391,8,Y,Y,J,0,0.6890361812023592,0.5097183732435709,0.48847230604818315,0.6377904268962051
391,9,Y,Y,J,0,0.6929414920719812,0.5552825857642261,0.44005590952288093,0.6547288087499775
391,10,Y,Y,J,1,0.6734635397666844,0.5381771194720173,0.4187160396875995,0.6373724303861313
391,11,Y,X,D,1,0.6684849534908718,0.5416346497624471,0.4317015993440038,0.6595256857108228
391,12,Y,Y,J,0,0.6805107564820642,0.5458352864056484,0.4326054625992625,0.7001265740553406
391,13,Y,Y,J,0,0.6961855776914634,0.563752290397255,0.4173719110667441,0.701433748483425
391,14,Y,X,D,0,0.7050774532593885,0.5751539139705589,0.40653259464711267,0.6796466985239555
391,15,Y,Y,J,1,0.6859170775773604,0.5355361743517923,0.42481495557788723,0.6931356565649285
391,16,Y,X,D,1,0.719748021195791,0.5480178052995891,0.3832313025975017,0.7240584287765005
391,17,Y,Y,J,0,0.707036229241945,0.5124745716656575,0.39124698614438685,0.7133663683787927
391,18,Y,Y,J,0,0.6910786178123094,0.521998981984681,0.3342901101150422,0.7434745038441741
391,19,Y,Y,J,0,0.6734368119304744,0.5038302874538212,0.35455756208161304,0.7396717341086716
392,0,X,X,D,0,0.3204589355020126,0.5149680619752017,0.5221504928690404,0.6102118939243891
392,1,Y,Y,J,1,0.3308869266810029,0.5131320500154307,0.5281794394042614,0.6020314856660666
392,2,Y,Y,J,0,0.34886685002025075,0.4287643791748227,0.5972848951192014,0.5806193385921641
392,3,Y,X,D,0,0.3689169010310141,0.44545393869334765,0.5797888391646111,0.5419817299775722
392,4,Y,X,D,0,0.35721159950766523,0.4737820373882796,0.5748804712004751,0.5109391322820159
392,5,Y,Y,J,0,0.37712306389514744,0.47339291694383334,0.5782148032316212,0.5404973458816094
392,6,Y,Y,J,1,0.3524420327962212,0.48343013829654,0.5876255616602003,0.5202379454238005
392,7,Y,Y,J,1,0.34649588176371376,0.5103891977866868,0.6223722693665649,0.5182648254586274
392,8,Y,X,D,1,0.35286082296150734,0.5182361844512963,0.5985029838353952,0.5112781507004859
392,9,Y,Y,J,1,0.33556370647373823,0.5281148396925118,0.6129609318243265,0.5350056036641341
392,10,Y,X,D,0,0.3395764913627949,0.5351071508624394,0.5690801618533361,0.5144139912768803
392,11,Y,Y,J,1,0.3824428756342883,0.4713797003422247,0.5646446560814022,0.48427477151738985
392,12,Y,X,D,1,0.3933838783625497,0.48047729404826456,0.557684276361619,0.487789752829908
392,13,Y,X,D,0,0.38599531336748677,0.47249639831279416,0.5260508570513002,0.4922500862191347
392,14,Y,Y,J,0,0.3825352665472141,0.45164021761786455,0.4954239990967705,0.496985946602823
392,15,Y,Y,J,1,0.4204966793983618,0.46518696256284087,0.5075190251419867,0.5059827434456348
392,16,Y,X,D,0,0.40586271820895464,0.4948172229194389,0.479429021757705,0.46882561963629066
392,17,Y,X,D,1,0.4024905737151083,0.5136865878599359,0.49758605438563835,0.46833395738673983
392,18,Y,Y,J,1,0.41882775248617904,0.49170072891467875,0.466127734714316,0.45598254772650726
392,19,Y,Y,J,0,0.4173139505993374,0.47055775809900385,0.4631298888978597,0.49284088462480713
393,0,X,X,D,1,0.7337062056375236,0.6513566719064252,0.7351744659921591,0.2604160358025923
393,1,Y,Y,J,0,0.75,0.6565745335438772,0.6939719056771837,0.2780323807434017
393,2,X,Y,J,1,0.7470771286708422,0.6806012259489568,0.7059670220716335,0.25163772089725295
393,3,X,Y,J,1,0.75,0.6790455997368243,0.718758753564142,0.25
393,4,X,X,D,0,0.7301217624198332,0.6848976762107007,0.7484525601226448,0.25023216472449555
393,5,X,X,D,1,0.733519599137881,0.7465483700860612,0.75,0.25
393,6,X,Y,J,1,0.7184900354410437,0.75,0.6744344760172117,0.25
393,7,X,X,D,1,0.7446255867957591,0.7471685181800578,0.641059638823879,0.27290752788157163
393,8,X,X,D,1,0.75,0.7385700770520907,0.6675489431599508,0.2724850524841398
393,9,X,X,D,0,0.75,0.7345797390171976,0.6653899643113358,0.25
393,10,X,X,D,1,0.7067771196486713,0.7028475105411487,0.6590848226651342,0.2808358684746677
393,11,X,X,D,0,0.6573516352550431,0.7018676974132139,0.6180700795583116,0.26199528635958896
393,12,X,Y,J,1,0.642684710069113,0.7177592059047422,0.6677146712677577,0.25
393,13,X,X,D,1,0.6473562199039358,0.7140895631792987,0.6382490897882589,0.25
393,14,X,X,D,0,0.6085676878472492,0.7290127854029075,0.6033408021578295,0.25
393,15,X,Y,J,1,0.6314169918912785,0.7338895422788854,0.6022067889000898,0.25
393,16,X,Y,J,1,0.6252052940368179,0.75,0.5932207263166241,0.25
393,17,X,Y,J,1,0.5928833647227582,0.75,0.5577607935415093,0.26428594170605046
393,18,X,X,D,1,0.6066168902601473,0.75,0.5371161035564338,0.25
393,19,X,X,D,0,0.6110791109923956,0.75,0.5667406131422708,0.2719732886749248
394,0,X,X,D,1,0.5873659676925362,0.38356215107190955,0.6081958537207666,0.3971574143522165
394,1,Y,Y,J,1,0.5809345300631418,0.3347974269528242,0.6209235417446143,0.3877667656983229
394,2,X,Y,J,1,0.6142155233422626,0.29472284983801694,0.6072126480802261,0.41402519617728806
394,3,X,X,D,1,0.5998919577778649,0.25906936830759003,0.6268275914208541,0.4334235295219256
394,4,X,X,D,1,0.6071800457141918,0.3090015837464074,0.596339662015265,0.4231302277924454
394,5,X,X,D,1,0.6056861754587096,0.3040093866475994,0.61325576207807,0.4167406881024321
394,6,X,X,D,0,0.5835252628176384,0.31151842210900255,0.5904556525954668,0.42557452821685043
394,7,X,X,D,1,0.6071161685677355,0.29053428954507,0.6072976533605499,0.38285566936183657
394,8,X,X,D,1,0.5904464656000962,0.26532566319387496,0.6180980866313239,0.39359636854052066
394,9,X,X,D,0,0.5568585748455745,0.25,0.6163088043767604,0.40768752506150757
394,10,X,X,D,1,0.573486016318789,0.25,0.5730663961016066,0.4414403013478079
394,11,X,X,D,1,0.5952096274514426,0.2509215970208839,0.5575068380193978,0.4520158852825437
394,12,X,X,D,0,0.5790215712102872,0.2722110012330624,0.5356963994920576,0.4419440700514206
394,13,X,X,D,0,0.5574586281788869,0.27294129388059724,0.5402109877465577,0.45094614034257635
394,14,X,X,D,1,0.572437360085583,0.255367013266237,0.5531664845140453,0.4414038722404028
394,15,X,X,D,1,0.5513018991030022,0.25,0.5715733322896427,0.48383392496637667
394,16,X,Y,J,1,0.5496252407290331,0.25,0.6305338352140657,0.4898623202763334
394,17,X,Y,J,0,0.58716194744428,0.2850840015054954,0.6502388117173343,0.48393963154338077
394,18,X,X,D,0,0.5650306296461005,0.28654828934878507,0.6724344220462526,0.46082936115585965
394,19,X,Y,J,0,0.5429703876496139,0.27677895529228597,0.6798346780284089,0.45389183162938335
395,0,X,X,D,1,0.7450370884541625,0.7094274008749022,0.3731097927524683,0.5452078063237424
395,1,Y,Y,J,1,0.7325223460703344,0.7140272665252624,0.32087558613226225,0.5114383189461515
395,2,X,X,D,0,0.7338132631806628,0.75,0.3388805991277321,0.48867892664362855
395,3,X,X,D,0,0.6910679999343182,0.75,0.3292764375978156,0.48080456173394065
395,4,X,X,D,1,0.7102850118327516,0.75,0.30952502032365803,0.4065671105640636
395,5,X,Y,J,0,0.7200464028408254,0.7376279308075389,0.2786284210959544,0.46870486309910786
395,6,X,X,D,0,0.7339461116984005,0.75,0.25,0.45570163211700687
395,7,X,Y,J,1,0.6647706819105337,0.75,0.2657737687053379,0.4305454146550046
395,8,X,X,D,1,0.6392493779137621,0.75,0.25113210968553495,0.42068083566694625
395,9,X,Y,J,0,0.6535005284488898,0.7436271141294499,0.25,0.431271286020963
395,10,X,X,D,1,0.6650031730470212,0.75,0.26435898530878876,0.40862760044310925
395,11,X,X,D,1,0.6466580842543744,0.7416903679871343,0.29053026804749216,0.39330228447097226
395,12,X,X,D,0,0.6502188349400766,0.7324224153769949,0.3151230828710593,0.40750585533332506
395,13,X,X,D,0,0.6466538970915003,0.7433363572417053,0.2755887185617827,0.44594338668304995
395,14,X,X,D,1,0.628286470399764,0.75,0.25707885439557676,0.4710261388404357
395,15,X,X,D,0,0.6287825179206957,0.75,0.2619554377379411,0.4959815208457708
395,16,X,X,D,0,0.6678525387982612,0.75,0.25520016147687263,0.5059316752497898
395,17,X,X,D,1,0.6684957405699343,0.732644478752036,0.2687378693900089,0.49074153579423463
395,18,X,X,D,1,0.6830438433135427,0.75,0.31555920659225345,0.49951017975353035
395,19,X,Y,J,0,0.678538623743784,0.75,0.300128701246303,0.5396597425691961
396,0,X,X,D,0,0.6803632976759464,0.7338957117620801,0.7335469662839545,0.7338841868272833
396,1,Y,Y,J,1,0.6862721298615369,0.75,0.75,0.7287036122393505
396,2,Y,Y,J,1,0.6942285260718963,0.75,0.75,0.7485866025932757
396,3,Y,Y,J,1,0.7075105773790556,0.75,0.75,0.7150554338181615
396,4,Y,Y,J,0,0.7452558691303608,0.7286721313464549,0.75,0.7424753925560504
396,5,Y,Y,J,0,0.75,0.7327763746801839,0.75,0.7463840863895772
396,6,Y,X,D,1,0.7246558329186316,0.7444504439389195,0.7388757520599714,0.739769296029416
396,7,Y,Y,J,1,0.6881091105060175,0.75,0.7160053557910545,0.715306517533773
396,8,Y,X,D,1,0.7413316492064772,0.7493284600220009,0.6999127755570513,0.75
396,9,Y,Y,J,1,0.7160038867585344,0.7383749991854927,0.6661418608233933,0.75
396,10,Y,X,D,1,0.7229746290766118,0.7382799775305808,0.6747573199042022,0.75
396,11,Y,Y,J,1,0.7423041683353013,0.7467552533422839,0.6547482285769949,0.75
396,12,Y,Y,J,1,0.7027138691728088,0.6899111135412938,0.6313115718112685,0.7366458917576739
396,13,Y,Y,J,0,0.7153493502988144,0.7132788765406022,0.5848418814863505,0.7195264473732674
396,14,Y,Y,J,1,0.75,0.75,0.5715432309438665,0.7026010187643279
396,15,Y,Y,J,0,0.75,0.747668774022419,0.5429625060158834,0.6917453206658606
396,16,Y,Y,J,0,0.7477019040421551,0.7397552326217832,0.5506509121311751,0.6803563349434048
396,17,Y,Y,J,0,0.75,0.75,0.5115419499725535,0.6838301502989104
396,18,Y,Y,J,1,0.75,0.7345936939406517,0.5573170164020284,0.672890552969468
396,19,Y,Y,J,1,0.7445548783938205,0.75,0.5670188541219617,0.6812780067089905
397,0,X,Y,J,1,0.5890513855043114,0.39164308453575863,0.7253321644857078,0.5601701335665322
397,1,Y,X,D,1,0.6200003506543201,0.4432381818096562,0.7442343294558806,0.5547983212338877
397,2,X,X,D,0,0.6205380337550074,0.4492428557560344,0.7162532718607848,0.559362610105922
397,3,X,X,D,1,0.6167989685486309,0.41585223173712266,0.6995378557762401,0.5643039307866003
397,4,X,X,D,1,0.6359741671830644,0.39836621421803675,0.7118604415847302,0.5481156815530602
397,5,X,Y,J,1,0.625620387041851,0.41347539624844776,0.7060628132307631,0.5881399141077477
397,6,X,X,D,0,0.6257239827002088,0.46032701629949024,0.6975278330809568,0.5921021340833986
397,7,X,Y,J,1,0.6503597500462056,0.48751946488124104,0.6598650321527021,0.6108248253306093
397,8,X,X,D,0,0.6804720082805402,0.49657811859975864,0.6735790892593403,0.6127416681176232
397,9,X,Y,J,1,0.6770073029465027,0.4969729686213152,0.6642513212784482,0.6121281945682402
397,10,X,X,D,1,0.6766043038425623,0.44083502897929033,0.6325144148869285,0.607354209340698
397,11,X,X,D,0,0.7072501076928253,0.40997392091097795,0.656170264595049,0.5814994654301577
397,12,X,X,D,0,0.6447002644351931,0.3843609855808148,0.6370872113543256,0.5746888241086371
397,13,X,X,D,0,0.6422630615831542,0.40998266714021514,0.6388361957811656,0.5568240770760146
397,14,X,X,D,1,0.6319784854316066,0.4128930047951422,0.678060746385981,0.5661652808163741
397,15,X,X,D,1,0.6413562581866928,0.38704458984533174,0.7108590944754443,0.5264081289407804
397,16,X,Y,J,1,0.6259484958691993,0.369176144998165,0.75,0.49099317436574924
397,17,X,Y,J,1,0.6480154727840898,0.3424173567419487,0.7433332536146486,0.5091173742439246
397,18,X,X,D,1,0.6602867563061899,0.33890409618041795,0.7268599989158817,0.5496289707879115
397,19,X,X,D,1,0.7131778827767177,0.2955130760864547,0.7328571157866498,0.5700570630604067
398,0,X,X,D,1,0.25927953990891656,0.6801535460985106,0.26641436954978054,0.7421422617315644
398,1,Y,Y,J,0,0.26632734132820257,0.6849131420476919,0.2816897812771769,0.75
398,2,X,Y,J,1,0.29915021241258716,0.6982646808757336,0.2509918424478997,0.75
398,3,X,X,D,0,0.3059844244100009,0.6683224300137076,0.25,0.75
398,4,X,X,D,0,0.289381432428308,0.6681689693634386,0.25315188460560967,0.7383061388395393
398,5,X,X,D,0,0.3048710933137845,0.6928494777438343,0.2613701772873861,0.7265912385445513
398,6,X,X,D,1,0.3001717861614779,0.7176724866302748,0.25786183411542335,0.75
398,7,X,Y,J,0,0.2712399756827268,0.75,0.2683335533767205,0.7311798436605503
398,8,X,X,D,0,0.28689157931846665,0.7296098774584128,0.2818495680058636,0.7248199435984191
398,9,X,X,D,1,0.2903349965775302,0.7260463210381655,0.34672952139897517,0.7483334618314385
398,10,X,Y,J,1,0.3437751111678179,0.7127515675333392,0.3360987030126071,0.7153975427720907
398,11,X,X,D,1,0.32770995176493456,0.6984657895067203,0.33687340852174574,0.7320592108164863
398,12,X,Y,J,1,0.36670826840862475,0.6840020516988157,0.3598337840669078,0.6983579594307976
398,13,X,Y,J,1,0.36925414568164294,0.7168395401772739,0.38221883066712425,0.7047167366395914
398,14,X,X,D,0,0.3112083782524989,0.7069357788796337,0.4173162910612109,0.6992352800194512
398,15,X,X,D,0,0.30642365147588385,0.75,0.4110477914257406,0.6827595503432833
398,16,X,Y,J,1,0.2825254969851108,0.75,0.40558741803919923,0.7033598943404762
398,17,X,Y,J,1,0.36160203274114977,0.7383831143120114,0.4281671460949374,0.6921652558279241
398,18,X,Y,J,0,0.3689836811197148,0.7063952118815553,0.42304706174969603,0.7031036107461768
398,19,X,X,D,0,0.37774351148167346,0.6825536261689964,0.3963609419112512,0.674581208363379
399,0,X,Y,J,1,0.697216336548597,0.42940424611938827,0.4937159306756537,0.43271923022571945
399,1,Y,X,D,0,0.6926932664279337,0.466057903983128,0.4928872843453022,0.44982904595436485
399,2,X,Y,J,0,0.6941100469870846,0.4794741022474198,0.45755923399178167,0.5000409458626857
399,3,X,X,D,0,0.7068908840143692,0.5182324209654433,0.4904076787760271,0.5493489485652171
399,4,X,X,D,0,0.6905418098578717,0.5427869611786247,0.48379882794518686,0.5552357505523096
399,5,X,X,D,1,0.6581850610880965,0.5565426620254807,0.49685276632583897,0.5826969031336168
399,6,X,X,D,1,0.6506458663943446,0.52952174859329,0.48730913618963145,0.5777106059877941
399,7,X,Y,J,1,0.6782527249639537,0.5206169078481835,0.5373344764619945,0.5600181325124098
399,8,X,X,D,1,0.6844764677072758,0.4797035368691337,0.5642238475997856,0.5369006933448807
399,9,X,X,D,0,0.6984096342137714,0.47432769067169234,0.5562713567319121,0.5771827525848923
399,10,X,X,D,1,0.7249406164872767,0.46828094776277723,0.5690442801301162,0.6017408787365102
399,11,X,X,D,0,0.748357861894362,0.4966286732049995,0.5349248215213455,0.5868694978739747
399,12,X,X,D,0,0.7421317095740242,0.4930132056241971,0.5304521361108467,0.6208241863065873
399,13,X,X,D,1,0.75,0.48390303239881205,0.5473357161216543,0.6029463699932596
399,14,X,Y,J,0,0.7223906924552562,0.4926907790150183,0.5699702595171953,0.5680174575860196
399,15,X,X,D,1,0.6989273040300313,0.4477314634413214,0.6099786609363788,0.5467299800088647
399,16,X,X,D,1,0.6980927224191339,0.4597111415221522,0.6440992952881679,0.5221358891101108
399,17,X,X,D,0,0.682521348324522,0.4924182228466655,0.6999224668798244,0.5067012674199838
399,18,X,X,D,1,0.6651335567394856,0.4471930853863295,0.7132966226084081,0.4924169658627786
399,19,X,X,D,0,0.671395736012548,0.46054505231958026,0.7154695367019627,0.5005392287610149
400,0,X,X,D,1,0.5830278008901518,0.6934124419399476,0.5689150268835761,0.27038798321902696
400,1,Y,Y,J,1,0.585599007400572,0.6755660369428769,0.6109799122631991,0.306459047901707
400,2,X,X,D,1,0.6212562107626166,0.6759324246365376,0.5918831435157074,0.3411513822722712
400,3,X,X,D,1,0.6644527841160834,0.6606306385764079,0.5749773182454985,0.35405359917544205
400,4,X,X,D,1,0.6184527753382404,0.6391983519442711,0.5986463044314703,0.3501361413651542
400,5,X,X,D,1,0.5906631473483132,0.6226472875540785,0.5475476833233274,0.3762672801550802
400,6,X,Y,J,0,0.6120855214703556,0.6476814057977258,0.5281717426967728,0.4028504526093177
400,7,X,Y,J,1,0.6013908201496995,0.6919826829581193,0.507899319021133,0.3720080127252632
400,8,X,X,D,0,0.5831150491775765,0.6876449315117185,0.49396035835211016,0.36666399061621613
400,9,X,Y,J,1,0.5724313205434683,0.7268091295473126,0.5153094055453707,0.38077235239895263
400,10,X,X,D,0,0.5714386598296414,0.746552891505513,0.5155348169042853,0.35572001511145196
400,11,X,X,D,1,0.604302016528893,0.723105678032213,0.5409599630417222,0.34439873505836227
400,12,X,X,D,1,0.6293842756615816,0.7401906922763442,0.5810812656453023,0.35595634426048733
400,13,X,X,D,1,0.6181648290062685,0.7353738162450355,0.5508521268929492,0.359548251346209
400,14,X,X,D,0,0.6075698336953451,0.7422511318469887,0.5319653287549656,0.4134712794515513
400,15,X,Y,J,1,0.5753561102245525,0.7345285820715534,0.5175784297991679,0.38234073574333216
400,16,X,X,D,1,0.5292384365181405,0.7222149232831215,0.5185884482728245,0.34136844747802986
400,17,X,X,D,1,0.5303234708896837,0.7150370049523268,0.5342272140238261,0.2995737759270222
400,18,X,X,D,0,0.5560686882462262,0.719025257321352,0.5363974837575338,0.2672466787500898
400,19,X,Y,J,0,0.5129975325550324,0.7247645791946192,0.557724869379133,0.27363017613075147
401,0,X,X,D,0,0.5747204536143133,0.5508010854095651,0.7404296782396128,0.3600923638154341
401,1,Y,Y,J,1,0.597959506275827,0.5544284436664054,0.7206980833704771,0.37716528834587526
401,2,Y,X,D,1,0.6165686005062296,0.538793037875309,0.7335300374504511,0.35359622819541253
401,3,Y,X,D,0,0.6167177510757724,0.5535523509806559,0.7382237507835582,0.3277009527329923
401,4,Y,Y,J,1,0.5868539833143336,0.5294322578635731,0.7186794776044654,0.29203133781123336
401,5,Y,Y,J,0,0.512138929322619,0.5598921748074647,0.6866167839169584,0.25
401,6,Y,Y,J,1,0.54288564478153,0.5541364785359402,0.6974397758050798,0.2521900295694134
401,7,Y,Y,J,0,0.5682267035083008,0.5749400924596372,0.65674713080606,0.29091642335123813
401,8,Y,X,D,1,0.5551520011276946,0.5919884655157133,0.6160408149286027,0.2991627685463852
401,9,Y,Y,J,1,0.5961156402033151,0.5687785264854499,0.6148793155364414,0.3184682826765585
401,10,Y,Y,J,1,0.6315858045385474,0.5868095611768418,0.6206208222244742,0.37507935925088454
401,11,Y,X,D,1,0.6689391571640666,0.5852089449012265,0.6155510562944467,0.36794836886253235
401,12,Y,Y,J,0,0.6683888881321853,0.5635040596246549,0.5719229018598824,0.37395032769353165
401,13,Y,X,D,1,0.6580704588684612,0.550468837246131,0.5408000831847476,0.3134393135206351
401,14,Y,Y,J,0,0.6655258340518392,0.5193815611919222,0.6103179626709971,0.32591136628136946
401,15,Y,Y,J,1,0.6583384393399752,0.4963176194829012,0.576685515575483,0.2993758516295097
401,16,Y,Y,J,1,0.6589228317066975,0.5002889025211587,0.5556698239957959,0.2673567028733761
401,17,Y,Y,J,1,0.6550136578138221,0.4936694552110778,0.5477350145180899,0.2624413869198313
401,18,Y,Y,J,0,0.662174440308756,0.4714255770149763,0.5166511422249948,0.2900182733456095
401,19,Y,Y,J,1,0.6678471493957293,0.4414910692272479,0.5064721716091175,0.26745010698408717
402,0,X,X,D,1,0.41920140328210725,0.6764365787886043,0.736954830047853,0.49579533036104895
402,1,Y,Y,J,0,0.4422235253168801,0.6609650370241372,0.734502615149083,0.49438546880597645
402,2,X,X,D,0,0.42480188262303303,0.6453529226960671,0.7455406149619567,0.46146356013081963
402,3,X,Y,J,1,0.42974216718894354,0.6197901730548354,0.7438023661430817,0.44253939653093194
402,4,X,X,D,0,0.41853936550554904,0.5848016933649767,0.7162454703590859,0.4351361993339906
402,5,X,Y,J,0,0.40790787421329905,0.5612449953398602,0.731673223281495,0.4218140180176925
402,6,X,Y,J,0,0.38968856301924093,0.5264761816047967,0.7399852677504416,0.46259302792087187
402,7,X,X,D,1,0.3778995368131696,0.5321737577284813,0.7405850891448922,0.43743528361813105
402,8,X,X,D,0,0.3507675893172747,0.5373197081961943,0.7177631245189571,0.4786656871069675
402,9,X,X,D,1,0.3610467609555152,0.5002403445187507,0.6674501850642448,0.5033676292512687
402,10,X,Y,J,1,0.4085666721230693,0.4806303639381384,0.626297924239259,0.5198019563092123
402,11,X,X,D,1,0.3936492499396469,0.48187090270575395,0.64905463108381,0.5270321642456165
402,12,X,X,D,1,0.4268500059870355,0.46256737740576254,0.6482728301588754,0.4951971597091378
402,13,X,X,D,0,0.42562356979606975,0.4178264212529213,0.6379642873864444,0.4825270256156295
402,14,X,X,D,0,0.4125247658331056,0.4545316935059986,0.6717777291730326,0.5146203961757825
402,15,X,Y,J,1,0.37353868327206097,0.5015412538436933,0.637287852099923,0.5153429978725053
402,16,X,X,D,1,0.3537251708526994,0.47714688389550247,0.6904985790493184,0.5218168735778854
402,17,X,X,D,1,0.3835640586649363,0.47589136923825004,0.7388989805572472,0.481052644707254
402,18,X,X,D,1,0.3740764860437519,0.47463312195547513,0.7441048643410367,0.5199349072801
402,19,X,X,D,0,0.3846411748279648,0.4885033652198615,0.75,0.5197701944195229
403,0,X,X,D,1,0.5991911148261018,0.45676306609760875,0.2758073867928777,0.7377757368621781
403,1,Y,X,D,0,0.59238270868598,0.5002682682084377,0.2766464629201577,0.75
403,2,X,X,D,1,0.5930892129433915,0.5271481588612282,0.2964048572297242,0.75
403,3,X,Y,J,0,0.6004087487477179,0.5173071369383414,0.2819825366161756,0.7396079961303363
403,4,X,X,D,0,0.5801984913867964,0.532770319850484,0.26508749641756213,0.7385006393669684
403,5,X,X,D,0,0.5699606682818625,0.5350501182275184,0.28091388678567497,0.7450549325479043
403,6,X,X,D,1,0.5212112319374087,0.5493497873809919,0.28059052173890675,0.7248507941368324
403,7,X,Y,J,0,0.504315594958925,0.5210638498385166,0.2839671940318683,0.738910834835772
403,8,X,X,D,1,0.49165304509053215,0.5861901527251867,0.3285029911845429,0.7103030707040413
403,9,X,Y,J,0,0.5217522113973835,0.5531026656066266,0.3280297242559523,0.7307865966036712
403,10,X,Y,J,0,0.5077916024278655,0.5888762874235725,0.3274910490939115,0.7315861126746215
403,11,X,X,D,1,0.48122307287970717,0.580837979125432,0.34671734412780475,0.7449363685435247
403,12,X,X,D,1,0.47281401234768267,0.5690100448042726,0.3461835523124202,0.75
403,13,X,Y,J,0,0.48116018695164625,0.5498154505485089,0.36163023269128014,0.7198735313426804
403,14,X,X,D,0,0.4454422837159392,0.5059430268291117,0.3714792204269799,0.7371260766311221
403,15,X,X,D,0,0.49629579729522877,0.5120611001777643,0.36724896863208206,0.7292446147045969
403,16,X,Y,J,0,0.4879815554369079,0.4964994251989357,0.3782125193047028,0.6920804425849411
403,17,X,X,D,1,0.44009806412946645,0.4527480051440301,0.3616037960104507,0.7006998711232457
403,18,X,X,D,1,0.4558308261938534,0.4358146118698325,0.35475324250519985,0.6951566082021644
403,19,X,X,D,0,0.472609380478023,0.4372946698228088,0.34327676899825044,0.725221952097824
404,0,X,X,D,1,0.6831142118549529,0.5818965105022071,0.29242551111919224,0.6645375504695636
404,1,Y,Y,J,0,0.6658787540981005,0.5458275693004672,0.3110141063979509,0.6485920486736344
404,2,X,X,D,1,0.7366379821695839,0.5242512284099253,0.2935755483415715,0.6357699390377503
404,3,X,X,D,0,0.6703392624692334,0.5428999622478441,0.2911079567462842,0.6898071772524246
404,4,X,X,D,1,0.6959123295872605,0.5436202690062895,0.3173603271610351,0.6863925022235711
404,5,X,X,D,1,0.6814257390612941,0.5139141206843462,0.3048172371430739,0.6976877684498987
404,6,X,X,D,0,0.7065846721536893,0.5521389989779699,0.28384420248557424,0.6861782888809262
404,7,X,X,D,1,0.6932595447420252,0.5403381800927345,0.2906734904082466,0.6599427882468479
404,8,X,X,D,1,0.7072973083886918,0.56652540633467,0.284824074643733,0.6975168167537168
404,9,X,Y,J,1,0.7082513176711281,0.5591700336004414,0.2747599412336952,0.6628437108547741
404,10,X,Y,J,0,0.7312275013363693,0.5116898341280051,0.2871789236503976,0.6665130799774742
404,11,X,X,D,1,0.75,0.48434517487634865,0.27944124830722156,0.6375181316610762
404,12,X,X,D,1,0.75,0.5103935606943178,0.29650910920416845,0.6132639203008378
404,13,X,Y,J,0,0.75,0.5061158636591668,0.2548218526534852,0.6410325088025862
404,14,X,X,D,0,0.7019052375190645,0.4861290898556936,0.2625689975012187,0.6549348967045504
404,15,X,X,D,0,0.656216161673319,0.43836867240802824,0.27270002409795935,0.6437045885812954
404,16,X,Y,J,0,0.6673527255014713,0.4112060191715042,0.2864112489392713,0.680752798903273
404,17,X,Y,J,0,0.6554307836885389,0.41417142295951886,0.3127585902903386,0.6872916661330234
404,18,X,X,D,1,0.6484208821491667,0.46901030479283246,0.33565997381645435,0.6804290198407682
404,19,X,X,D,1,0.666927391899242,0.4620598285459358,0.35505926649365327,0.6894271737071189
405,0,X,X,D,0,0.5959921909169527,0.7355116752191602,0.29638247494185305,0.6226592798930656
405,1,Y,X,F,1,0.5957209655881424,0.75,0.3073643627583614,0.6093714224263653
405,2,Y,Y,J,1,0.6126504545371575,0.7456578477072293,0.3351879658642976,0.5991379732682423
405,3,Y,Y,J,0,0.6421176232251938,0.75,0.3228247147067677,0.6456197810187153
405,4,X,X,D,0,0.5925284667042637,0.7215718412173597,0.3055634810626833,0.6913956681287601
405,5,X,X,D,1,0.5698827405172604,0.7251123432154376,0.31518991099708427,0.6767210572934208
405,6,X,X,D,1,0.596274952090004,0.6776454067138258,0.2589114155333139,0.6948232070803251
405,7,X,X,D,0,0.58769418306257,0.6896379255817263,0.2835201039869362,0.7326756658481893
405,8,X,Y,J,0,0.555739648584528,0.6528366636457633,0.25,0.7238436202646933
405,9,X,X,D,1,0.5508434610615507,0.6609515970338432,0.25,0.7076483318861287
405,10,X,X,D,1,0.5586362445220873,0.6449747544822821,0.25,0.6782847435944681
405,11,X,X,D,0,0.5400589092656598,0.633170896330275,0.3003528865935837,0.695744923641461
405,12,X,Y,J,0,0.5543166470577721,0.6325265773777327,0.2829479251949394,0.6766774113951637
405,13,X,X,D,1,0.558828175875757,0.6577110207991563,0.27586062364637265,0.7052605423208785
405,14,X,X,D,1,0.5448893669525046,0.6804739461970075,0.2827854990370155,0.6703888744165126
405,15,X,X,D,0,0.5688584570505774,0.6618598372733288,0.2851464035715644,0.6945673511413295
405,16,X,X,D,0,0.562724443353504,0.6693419254906399,0.2841186443921815,0.640442383585068
405,17,X,Y,J,1,0.5861736124903538,0.6846072081123041,0.30232177695597556,0.6299899952428811
405,18,X,Y,J,0,0.5858071582711408,0.6411166128551281,0.3325559155151229,0.6344709935586129
405,19,X,X,D,1,0.5644641017173166,0.6789231833468823,0.3368081270079015,0.682774545611165
406,0,X,Y,J,1,0.6654894022172655,0.5582554905123419,0.6124509687880005,0.5758298047487228
406,1,Y,Y,J,1,0.6994127444811159,0.5683313627144545,0.6159075627608771,0.584775198206575
406,2,X,Y,J,1,0.6772636284963435,0.5197075395112623,0.6312948614726351,0.5538220159836773
406,3,X,Y,J,0,0.6755710587704062,0.48677459048832444,0.6310266118474499,0.5296285688732469
406,4,X,X,D,1,0.6545706124468449,0.4710606068818568,0.6300891776949307,0.49953159728958746
406,5,X,X,D,1,0.6609897480486937,0.46640576193899264,0.6283283009789536,0.5443299376444828
406,6,X,X,D,0,0.6729627220938996,0.4805980142780152,0.6681564400821405,0.5458426214610416
406,7,X,X,D,1,0.6566630882795725,0.46572132397428745,0.6562256758500259,0.5213366338812906
406,8,X,X,D,1,0.6290665841525362,0.47876825270960427,0.6724529385378192,0.48273206797108115
406,9,X,X,D,0,0.6142020737061916,0.46343305651449157,0.6836943271170617,0.4780656202486889
406,10,X,X,D,1,0.5822577813027097,0.45931977764764065,0.7170105653551835,0.49227337964832046
406,11,X,Y,J,0,0.5532923208079783,0.48718761709880587,0.6656767058443186,0.46776437492574185
406,12,X,X,D,0,0.5549253326417408,0.516076288472923,0.688558714837782,0.4468007884431335
406,13,X,Y,J,1,0.5487700526770489,0.5198570713386488,0.690455383849202,0.44751091840092566
406,14,X,X,D,1,0.547396158819082,0.488178766894683,0.6869256748002525,0.4804087268895171
406,15,X,X,D,0,0.5640654855732636,0.5356171919159781,0.6956451254617503,0.4953810987687209
406,16,X,X,D,1,0.5507155352122001,0.5019537791378748,0.7188344623659533,0.47797150374231095
406,17,X,Y,J,1,0.5819014945070703,0.497263782953887,0.7364996983863471,0.45511388232179234
406,18,X,Y,J,0,0.5825076876573637,0.5091161328828028,0.718515563978408,0.4831298389294242
406,19,X,X,D,1,0.5728344819792437,0.48635754600393555,0.7387724645184051,0.4890211280113504
407,0,X,X,D,0,0.5192675546937338,0.4440110972711738,0.5869244027358658,0.6011711221031445
407,1,Y,X,F,0,0.5046559470749361,0.4790344663660131,0.629460763253057,0.5673540408734942
407,2,X,X,D,0,0.5260789352392516,0.4634474038937389,0.6421979293754768,0.5440520718387347
407,3,X,X,D,1,0.540299797168447,0.490232835440374,0.6327646996048135,0.5623814155496226
407,4,X,Y,J,0,0.5544115601559638,0.5214694624419693,0.6562830882475665,0.5649804498627372
407,5,X,X,D,0,0.5380818207917762,0.5262984738948085,0.6141641767650516,0.5841263979967022
407,6,X,X,D,0,0.5224610531455478,0.5298696463083301,0.6093701681276281,0.5800974942844681
407,7,X,Y,J,1,0.5139595629044316,0.5283127102609664,0.6063085118243856,0.543195834235902
407,8,X,X,D,0,0.5360535338326978,0.5292430276149045,0.6138727893594584,0.5148015102921176
407,9,X,X,D,0,0.5604185261449892,0.510963366558613,0.6461525287270872,0.49387528738398156
407,10,X,X,D,0,0.5546906757594658,0.4959401938417631,0.6905331762160998,0.4897913422549172
407,11,X,Y,J,1,0.5710395128523972,0.5177655623850584,0.6552993967326556,0.5260489646223685
407,12,X,X,D,0,0.5943890158114574,0.5266380447699115,0.5859699223643451,0.5382270507362509
407,13,X,X,D,1,0.6267599767315494,0.50970867143188,0.6127353241629794,0.5735956214017037
407,14,X,X,D,0,0.6351009724437374,0.44099015113682866,0.6317989483177466,0.5835257961455779
407,15,X,X,D,0,0.6136859063285097,0.4570714521390873,0.5965402469247209,0.6188311417560586
407,16,X,X,D,1,0.6078125984242506,0.4589097202774528,0.6375410083262146,0.6354285824713441
407,17,X,Y,J,0,0.5965676644126139,0.44548189229279983,0.6256927191465788,0.6232964781358099
407,18,X,X,D,1,0.5793736598993654,0.4122743300681195,0.6093359641984276,0.6281081603301866
407,19,X,X,D,1,0.6052956656854873,0.44491128910803146,0.6228166766355906,0.630552663634477
408,0,X,Y,J,1,0.45088491563147476,0.46611727406857384,0.7291972629584833,0.5891498212449044
408,1,Y,Y,J,1,0.4900800539785511,0.4544148019001082,0.7217724303430679,0.5791555452111423
408,2,X,X,D,1,0.48451581867234594,0.502653515235354,0.75,0.572387905946883
408,3,X,Y,J,1,0.4784544683944273,0.5101236101916554,0.7442385168321761,0.5967676096160229
408,4,X,Y,J,1,0.4536130611055048,0.5382025508334254,0.7415900940117678,0.5827326642261131
408,5,X,Y,J,0,0.4710876462531722,0.5546346043522116,0.7443544997434681,0.5742404896103254
408,6,X,X,D,0,0.44092972000275454,0.5162877292659704,0.7484942992000428,0.563954346563615
408,7,X,X,D,1,0.47691605071762555,0.48580134063292224,0.7248876240278193,0.5412748326613362
408,8,X,Y,J,1,0.43989712439814443,0.4758146475312959,0.7032405022304113,0.5467390150721969
408,9,X,X,D,1,0.4554114128493717,0.4526684610520131,0.7474131437580422,0.564689182827282
408,10,X,X,D,1,0.4444860993570582,0.46506551854068184,0.75,0.5502802070864651
408,11,X,X,D,1,0.4066618131049713,0.5124098798790618,0.75,0.5747301976498517
408,12,X,X,D,1,0.3717217108281494,0.5618485400053436,0.7135089980774099,0.58496624820075
408,13,X,X,D,1,0.3888592931420707,0.5664441331063746,0.7403990983179407,0.5916957340011294
408,14,X,X,D,0,0.4159603536234102,0.5565056462652416,0.7171953136130322,0.5963377671531301
408,15,X,X,D,0,0.4268415374207221,0.5650406919049723,0.7161586487317334,0.5958630117572997
408,16,X,Y,J,1,0.36859582039017114,0.5549297430334107,0.75,0.6039940954859665
408,17,X,X,D,0,0.36026954135180106,0.5450552621935033,0.75,0.6374313206049671
408,18,X,Y,J,1,0.3603264588861492,0.5721750374641769,0.733036154518956,0.6426107049121591
408,19,X,X,D,1,0.3429032493988615,0.54375019017922,0.7085049574551333,0.619482001672828
409,0,X,Y,J,1,0.731729633466634,0.61459782855864,0.6218030889320285,0.271767645427365
409,1,Y,Y,J,0,0.7211888342589726,0.5967958648460521,0.6575286246023958,0.2963473233928456
409,2,X,X,D,1,0.7066785070122755,0.5549572320797745,0.6101539984835238,0.3106527830902773
409,3,X,X,D,0,0.6883299854517605,0.5091773374083118,0.5626948448742588,0.28664571707025055
409,4,X,Y,J,1,0.7302858456196237,0.5021180598954554,0.5518812716729316,0.289258829968799
409,5,X,Y,J,0,0.7272696615989014,0.5271573707759907,0.5541405839851721,0.25
409,6,X,Y,J,0,0.6915906052383736,0.4764230863033863,0.5386166714495157,0.26259791935861704
409,7,X,Y,J,0,0.7066436937773855,0.4851041933479916,0.5277357144570461,0.2828995064166388
409,8,X,X,D,1,0.692021218469739,0.47805230937306814,0.5362001432542626,0.277040436127651
409,9,X,Y,J,1,0.6964751863394469,0.47608024010589567,0.5280114995827205,0.2692026477592458
409,10,X,X,D,1,0.6820892522643007,0.4957189243608428,0.5173653250985546,0.26609066464834713
409,11,X,Y,J,1,0.6568189652100499,0.5017237795303948,0.5247946822438848,0.2913369042035812
409,12,X,X,D,1,0.6419839733578029,0.4931056529284979,0.5080296863093617,0.2823049741328839
409,13,X,X,D,1,0.5992455861932661,0.503504704899407,0.5250441203606939,0.2897381882888132
409,14,X,X,D,0,0.6105302108550898,0.507662817341578,0.4945853233669942,0.2995083669655311
409,15,X,Y,J,1,0.5938016576649509,0.5364693102942606,0.5056242027278526,0.3271101850999172
409,16,X,X,D,1,0.5860653369615454,0.5032047996944506,0.4581070954874529,0.28452399404942297
409,17,X,Y,J,0,0.5756804628082486,0.5028911283676367,0.4810187096342562,0.29499402678341924
409,18,X,Y,J,0,0.553885571769877,0.48060965030875613,0.4914397880237381,0.2874394808583777
409,19,X,Y,J,0,0.5880360881610636,0.4551241756498496,0.48011197134557904,0.2556454167059285
410,0,X,Y,J,1,0.3522722740443067,0.3353268898828462,0.6139733631030869,0.48472678578962647
410,1,Y,X,D,0,0.2992021242747463,0.34232074380418076,0.6324504346665554,0.503211113754614
410,2,X,Y,J,1,0.284451412410279,0.3400892523198912,0.6597633135330898,0.47212299438664296
410,3,X,X,D,0,0.2655535571350647,0.36357389603833007,0.6353309032394041,0.5034774573554317
410,4,X,X,D,0,0.25,0.3663456567127633,0.651771595920463,0.5144046921977803
410,5,X,X,D,0,0.2594683113161878,0.3311476291591486,0.6686066729236769,0.5226965987429334
410,6,X,X,D,1,0.25,0.38040229113877905,0.7113560372536673,0.5118801581740116
410,7,X,X,D,0,0.3017057340588087,0.4110959894989842,0.7207928767023775,0.4866386387151101
410,8,X,Y,J,1,0.2712109247782095,0.41221162193461863,0.7093266239334962,0.5252376421211203
410,9,X,X,D,1,0.26030868956276165,0.44101027397649645,0.6705738570516125,0.5253997045769258
410,10,X,X,D,1,0.25406268498702744,0.44722074618800917,0.7183512633658979,0.4819030870860292
410,11,X,X,D,0,0.254130143048131,0.4187544553665469,0.7083495250287656,0.4969925402893445
410,12,X,X,D,0,0.29385450484367265,0.38496024609232,0.7128519469203061,0.47566907590775914
410,13,X,Y,J,1,0.31007268022643,0.354497679547101,0.7109241170432262,0.485351718620083
410,14,X,X,D,1,0.25,0.337171058165586,0.7270627474861099,0.4713432255398356
410,15,X,Y,J,0,0.2556183642406559,0.3422412082347179,0.7281293386230595,0.4503130163675589
410,16,X,Y,J,0,0.30927770182207404,0.30976870083599317,0.7256354610207364,0.4862703529369802
410,17,X,Y,J,1,0.3295514265174683,0.2906282147811274,0.7336894163616733,0.4820166956986037
410,18,X,X,D,1,0.3350743055710336,0.318077036954699,0.7447305905909486,0.4948808092500422
410,19,X,X,D,0,0.3349975690903025,0.3285916936409398,0.75,0.4420140772344438
411,0,X,X,D,1,0.524442210479322,0.6128710930193166,0.3108867022653115,0.7172056754432912
411,1,Y,Y,J,0,0.5429327418006821,0.618993360207483,0.3193086397016818,0.719187699923065
411,2,X,X,D,1,0.534885496315308,0.6173173530981699,0.317757876552777,0.7144834976692265
411,3,X,X,D,1,0.5379040969690143,0.6198444250160642,0.3153444013763446,0.6631238685845481
411,4,X,X,D,0,0.5500933046410594,0.6200145449208749,0.30293297517073403,0.6296744107268962
411,5,X,X,D,1,0.552262306681499,0.6207253189511027,0.2700920526043649,0.6626577238625588
411,6,X,X,D,1,0.5629915881379303,0.6365470471940843,0.25,0.6541376354087456
411,7,X,Y,J,0,0.5705701865397435,0.638670280379619,0.25,0.682505076252777
411,8,X,X,D,1,0.582477241187531,0.7068833751960031,0.25,0.7135438404645758
411,9,X,X,D,1,0.6008677903493282,0.6978302241404867,0.25389205244494034,0.7333175961171575
411,10,X,X,D,1,0.6382966700182303,0.6939514506144098,0.2578418176438346,0.7083248836343057
411,11,X,X,D,1,0.6740074725261263,0.6963660546016236,0.284887062107508,0.7034057001319601
411,12,X,X,D,1,0.6678323360908511,0.6716287878628602,0.2526359380391293,0.7151531143465187
411,13,X,X,D,0,0.6680089529155232,0.7005259372530929,0.25,0.726623966482688
411,14,X,X,D,0,0.6275970338579941,0.6804578063199384,0.25,0.7136010204113922
411,15,X,X,D,0,0.588155113377737,0.6963096197596996,0.27472982151461073,0.7191685990763617
411,16,X,X,D,1,0.5870494583053966,0.6972360579157879,0.25,0.7009358269255481
411,17,X,X,D,1,0.6117317026490916,0.6784825685776158,0.25250283763004916,0.7037315273611046
411,18,X,X,D,1,0.6127902057131451,0.6513192566572955,0.25,0.7062073240374528
411,19,X,X,D,1,0.603675143140077,0.6454218832429627,0.26705065823390356,0.7417138467800231
412,0,X,Y,J,0,0.5597550952056796,0.41549876280348347,0.3261236563702238,0.2776620340436989
412,1,Y,Y,J,0,0.5684213453713738,0.34182265466422435,0.3468752901077385,0.25
412,2,X,X,D,0,0.5184869730141943,0.3352210729528262,0.35820678406630924,0.27454553645471447
412,3,X,X,D,0,0.47628351351543924,0.3528681506617486,0.3473752596882982,0.31834163980911845
412,4,X,X,D,0,0.4552280815912087,0.3115525303703556,0.3494975475549543,0.30089503264194295
412,5,X,Y,J,1,0.45443044834056917,0.29417427442379024,0.33558640838358444,0.28673799286738744
412,6,X,X,D,0,0.48349101081095247,0.30794670872255114,0.31817661838186545,0.31172625605132653
412,7,X,X,D,1,0.48418953455839864,0.3436531762072476,0.3059732125844882,0.252625852373605
412,8,X,Y,J,0,0.4532677732184097,0.3668372907353644,0.30059857753890146,0.25
412,9,X,X,D,0,0.4491396418338901,0.4136706242264888,0.2921711025408253,0.25
412,10,X,Y,J,1,0.5110270150206725,0.39326214214716754,0.3125449172147105,0.2591155191289593
412,11,X,X,D,0,0.5195096349383385,0.4437689151764112,0.34844745606652827,0.28163471803606255
412,12,X,X,D,0,0.5583267783392668,0.42315432915420986,0.3434099101639079,0.29640324477178454
412,13,X,X,D,1,0.5662452386301837,0.42598912158205776,0.33568810808349286,0.28491560264820587
412,14,X,X,D,0,0.5823094599609269,0.42837179051880303,0.2825841273891364,0.25
412,15,X,X,D,1,0.594489387560044,0.48472772347218834,0.2755723069134936,0.28312981830898143
412,16,X,Y,J,0,0.6172178694811421,0.4567639189097141,0.2703799492916782,0.27404890865099846
412,17,X,Y,J,0,0.6223541188903675,0.44875783026680527,0.29815946222156514,0.27457083341981947
412,18,X,X,D,1,0.6304733167163097,0.4742568910399064,0.25,0.25
412,19,X,X,D,1,0.6246616721714038,0.4638070607536372,0.2949011682642346,0.25
413,0,X,X,D,0,0.588059279031376,0.4076331729419035,0.6346892359200511,0.36685800011367864
413,1,Y,Y,J,1,0.5745439183370753,0.3869468773027766,0.6323745623994986,0.39686740390001185
413,2,Y,Y,J,1,0.5990499583334352,0.3786878790277931,0.6041007293778541,0.38283650651937573
413,3,Y,Y,J,1,0.6081342732526339,0.37656122519710944,0.6154984855740364,0.3584615089600566
413,4,Y,Y,J,1,0.5960559479827907,0.35138726468565973,0.5948627846533707,0.3437493890927222
413,5,Y,Y,J,1,0.6276489173012975,0.3684263983264467,0.6301747954955035,0.28430003945699517
413,6,Y,Y,J,0,0.6348878157117508,0.34234095989346686,0.6372705350691729,0.2964217119376702
413,7,Y,Y,J,1,0.6297582695153828,0.36155969923247944,0.6162487617657836,0.29202573942437954
413,8,Y,X,D,0,0.6385265297346094,0.3893350670746131,0.5906818503273084,0.32408765670499606
413,9,Y,X,D,0,0.6692474386384998,0.38037712695434556,0.6123311795506321,0.34805637049328253
413,10,Y,X,D,1,0.654191449217467,0.3982696914052737,0.6175399252191586,0.3443656406338562
413,11,Y,Y,J,1,0.6618188242900355,0.40485208784791854,0.5919006069081938,0.3014059182734291
413,12,Y,Y,J,1,0.6436683251141929,0.3632485872215314,0.5786303380566578,0.3399219270644916
413,13,Y,X,D,1,0.6619999801625883,0.37761462041930977,0.589164748760354,0.3450553694021554
413,14,Y,Y,J,1,0.6400987652777947,0.3988800702333032,0.547889062023479,0.33287825564028856
413,15,Y,X,D,1,0.6549441786042294,0.42881424710932686,0.5644705275435392,0.3669477811792356
413,16,Y,Y,J,1,0.6621099066050061,0.4694656179691453,0.5929541301939292,0.36891465250037286
413,17,Y,Y,J,1,0.6580910690632279,0.46496814031637484,0.5308263845049614,0.4105921428800335
413,18,Y,X,D,1,0.6429469988790557,0.45861209207443604,0.5149076073493152,0.37547611046327484
413,19,Y,X,D,1,0.6556046292875058,0.4606191759757556,0.5080159214278975,0.3560287109327434
414,0,X,Y,J,1,0.6041740548199022,0.6593326563773001,0.5761672113011436,0.4373391971919987
414,1,Y,Y,J,1,0.5911421709201641,0.6306650469240858,0.6118930268763674,0.46328060091455264
414,2,X,X,D,0,0.5921032759758043,0.6293262861996547,0.6305126795149599,0.448511815149664
414,3,X,X,D,0,0.5806727555354727,0.603225135731965,0.5915369977415722,0.4644386374557131
414,4,Y,Y,J,0,0.5246183470716239,0.6206590309627111,0.5968083196391604,0.43017651430718007
414,5,X,Y,J,1,0.5458362249227303,0.6146286304709051,0.6063980638596661,0.46761677151112263
414,6,X,X,D,0,0.5670107711356982,0.6376781162168589,0.6656805428640133,0.4547906287433786
414,7,X,X,D,1,0.541995632221736,0.6341886957917352,0.6644215974969366,0.4365380606190321
414,8,X,X,D,1,0.5496663272268147,0.634566412668032,0.6608112887883654,0.4387479563210092
414,9,X,Y,J,0,0.5453238361370202,0.6547076037801958,0.6694960465052864,0.4306987161333913
414,10,X,X,D,0,0.5608722307698165,0.6654601286121428,0.659563215060849,0.4011564024648761
414,11,X,X,D,1,0.5692385582140642,0.6533798169984963,0.6141597066348986,0.4173325324748228
414,12,X,X,D,0,0.5669194528197481,0.6539649258380962,0.6189460755622636,0.39497277681396414
414,13,X,X,D,1,0.5478720151187532,0.650551169257639,0.6012669569415952,0.3728945590097659
414,14,X,Y,J,0,0.5192515970242416,0.6722181512323047,0.5959572545344357,0.36044222185223773
414,15,X,X,D,1,0.509883418812948,0.6494389924683023,0.569044762115924,0.28197947198535056
414,16,X,Y,J,0,0.5078069740994204,0.647347931030181,0.5817482762813533,0.2682462611193852
414,17,X,X,D,1,0.5228568556479308,0.6284325877138938,0.5826924150524491,0.3000093045876131
414,18,X,X,D,1,0.5482958000198209,0.6043300355592323,0.608560649315117,0.35021723643756336
414,19,X,Y,J,1,0.5729274555901204,0.6192812901624873,0.5649108934660686,0.3866453716806318
415,0,X,X,D,0,0.4977246929407004,0.36537076865723656,0.4974232755693388,0.5589777457146101
415,1,Y,Y,J,1,0.46928767472604804,0.36809958147377186,0.5071326774165335,0.5631022184753659
415,2,Y,X,D,1,0.48445284802640215,0.34521707213435815,0.5205825981468399,0.5577023898715483
415,3,Y,Y,J,0,0.4906750037533568,0.34446891882420716,0.5408949019919069,0.5379828739116127
415,4,Y,Y,J,0,0.5013135803533771,0.3122842433792396,0.5386255696439296,0.47673767088956165
415,5,X,X,D,0,0.523253071831458,0.305465619435925,0.5588177606158065,0.45394892215811966
415,6,X,Y,J,0,0.5298386214156365,0.3025076099498279,0.5347254358038989,0.4631147736874881
415,7,X,X,D,0,0.5813293017078763,0.3321171534164003,0.51855824323451,0.4795242184586446
415,8,X,Y,J,1,0.5620168571469166,0.3837533904519666,0.5388005129764448,0.4866216239910353
415,9,X,X,D,1,0.5841085388197678,0.38309846680050863,0.503735763342937,0.4726387938574869
415,10,X,X,D,0,0.5758309498727269,0.35361749039759743,0.46968868086845256,0.44720308810125387
415,11,X,X,D,0,0.5660625033536462,0.35664885074875424,0.46274793522525215,0.43492551987455563
415,12,X,X,D,0,0.5488393592201828,0.35861107634351874,0.4555061565737572,0.4270887853874129
415,13,X,X,D,1,0.5603194400572143,0.4250227613717044,0.48605953709183247,0.4243738881983124
415,14,X,X,D,1,0.5488517851659508,0.44276408158847314,0.46890163887041447,0.3745212468590784
415,15,X,X,D,1,0.5693936302270358,0.4449739174599329,0.49042267013986807,0.4247748266564517
415,16,X,X,D,1,0.578155208588716,0.4461408406928634,0.4709950684047497,0.41109604880513473
415,17,X,X,D,1,0.609268110378432,0.48037874303030625,0.44498252639576397,0.38612369178279293
415,18,X,X,D,1,0.6293286670484128,0.46602835177762025,0.45875374441848177,0.3494767477134396
415,19,X,X,D,1,0.6498613408070777,0.4883161750652324,0.433759952358758,0.32666110277768723
416,0,X,X,D,0,0.3450983843877892,0.31804474594623744,0.6693060679280141,0.638436710015275
416,1,Y,Y,J,0,0.3486525198379345,0.3346909772746641,0.6940698606792763,0.6030890808079625
416,2,X,X,D,1,0.3245439126604127,0.3660249625303157,0.677615733057239,0.6063903006620416
416,3,X,X,D,0,0.31236727794533425,0.362344172279378,0.6508848430810498,0.5782409885200734
416,4,X,Y,J,0,0.308900479870492,0.3938869651545226,0.6575048071107618,0.5743997147933401
416,5,X,Y,J,0,0.31237464744291465,0.3895822333183321,0.627077696886175,0.5543491780039623
416,6,X,X,D,0,0.25,0.3980721133442438,0.6311002216168262,0.5358086782809011
416,7,X,X,D,0,0.25,0.4015242403910251,0.6269238968500359,0.5631518786730371
416,8,X,X,D,0,0.25,0.4354051523895982,0.6483095658278144,0.6060324330364805
416,9,X,X,D,0,0.25,0.4300536568952218,0.6401479515131806,0.6254808706193444
416,10,X,X,D,0,0.25,0.40495459129666606,0.6117270644271928,0.6317359503067712
416,11,X,X,D,0,0.2665656135253348,0.3522563290259211,0.6460912530935808,0.6041284532680953
416,12,X,X,D,1,0.2642361315912551,0.34662433894034966,0.6443839735130451,0.6286162433286808
416,13,X,Y,J,0,0.29091231501714343,0.3426724105721567,0.6264837688222974,0.6479546649265984
416,14,X,X,D,0,0.3296655293898997,0.38191010059299135,0.5987181939421163,0.6352339193072629
416,15,X,X,D,1,0.32080831309367186,0.3919402750905108,0.5539588485929151,0.6084646875690786
416,16,X,X,D,1,0.3051469873312768,0.3436149634401389,0.5460298182623659,0.5955573889053507
416,17,X,X,D,0,0.26829585682799484,0.3743392531373592,0.5580503792540239,0.6258861372082302
416,18,X,X,D,1,0.25,0.3819597607312123,0.5502906207530638,0.6540568021136824
416,19,X,X,D,0,0.2762735760004976,0.4028841525426275,0.5279030974472697,0.6460359451257245
417,0,X,Y,J,1,0.7492401173647999,0.6790177818353443,0.43134591986467374,0.5688182537269384
417,1,Y,Y,J,1,0.7393146340692553,0.7108940918846557,0.4028802773769697,0.5615435887596635
417,2,X,X,D,0,0.75,0.7200009429755213,0.38602162181133265,0.5964612059882164
417,3,X,X,D,1,0.75,0.7376347578662389,0.3599344271303859,0.5981340951880497
417,4,X,X,D,1,0.7267246960825678,0.7195645781511143,0.3276253324389988,0.615021499117835
417,5,X,X,D,1,0.6796344245635814,0.7137926450357743,0.34288173634538105,0.6321160974487537
417,6,X,Y,J,1,0.6730255180816412,0.7471246150604816,0.33054262566219234,0.6360066687943355
417,7,X,X,D,0,0.6717705521579332,0.7308501750371503,0.3512756699088293,0.6862492537091631
417,8,X,X,D,0,0.63860927314264,0.7135037937618456,0.3883555977712655,0.653955092696886
417,9,X,X,D,0,0.6331675986197738,0.7149621793164692,0.38460488180250096,0.6989538285640337
417,10,X,Y,J,0,0.6531697360749515,0.7406299068674533,0.38795212746748997,0.7294357558805383
417,11,X,Y,J,0,0.6749982456369651,0.7450896418250063,0.40164846928938586,0.7360280043546052
417,12,X,X,D,0,0.639789710615803,0.7236753541976836,0.39395819749067423,0.75
417,13,X,Y,J,0,0.6744010415665357,0.7158872016758162,0.3606981725768953,0.75
417,14,X,X,D,0,0.6488321854385098,0.6952572266577556,0.38926846030830903,0.7227314693387694
417,15,X,X,D,1,0.6405428235132024,0.6899105463307231,0.42204803620881026,0.6931345398549447
417,16,X,X,D,0,0.654164758360846,0.6797363487989199,0.42107792495760193,0.6878730191552052
417,17,X,X,D,1,0.6497961266322951,0.7098098591699737,0.43744503153496145,0.6861521006027739
417,18,X,X,D,1,0.6518284861699574,0.6872023651752267,0.45865605732274073,0.6625641552629623
417,19,X,Y,J,1,0.6558381819935906,0.708495736467539,0.4291697643732049,0.6274077188905727
418,0,X,X,D,0,0.478079508315565,0.6601722244795691,0.6215647488238498,0.3385198745606007
418,1,Y,Y,J,0,0.4604052084880925,0.6580311259773844,0.6315654140793253,0.3433047370408544
418,2,X,X,D,0,0.4387826900309397,0.6610364582426841,0.6189081603486912,0.35703949651368966
418,3,X,X,D,0,0.4364876428482127,0.6269293262627565,0.66161950010968,0.35674118799579413
418,4,X,X,D,0,0.43979354637632095,0.6048710024561758,0.6578564054685605,0.34878591452105995
418,5,X,Y,J,1,0.4661865711716838,0.6312486995315393,0.655424087391817,0.35347306714065896
418,6,X,Y,J,1,0.4851390112937731,0.6000008407978406,0.6433379515477984,0.345330795233332
418,7,X,X,D,1,0.4798714529514672,0.6192837653415842,0.6160275272580401,0.30916566850652105
418,8,X,X,D,0,0.4141109655571133,0.6337005417713198,0.5961550348010339,0.3180608328033441
418,9,X,X,D,1,0.3521201631410997,0.6199758335255497,0.5754370724001947,0.3358095886676011
418,10,X,X,D,0,0.3326219800208962,0.6251351934508708,0.5996606569908521,0.3269791781660207
418,11,X,X,D,0,0.2905649542109422,0.629168775328291,0.6026613386646585,0.3634612291189127
418,12,X,X,D,1,0.27826436131605026,0.6065816530170088,0.6455660286165509,0.3273855646942923
418,13,X,X,D,1,0.2763870975326213,0.6126266619364638,0.6340435210915666,0.3099010477293949
418,14,X,X,D,0,0.2671740730237841,0.6019413417456697,0.5982705111731411,0.27895919742986014
418,15,X,X,D,0,0.25,0.6010141779926771,0.6115204101761926,0.25
418,16,X,X,D,0,0.2513145698652648,0.6361123867741799,0.5956796436038011,0.25
418,17,X,X,D,0,0.295677355060117,0.6235191717741699,0.5482993881913856,0.27166554803308046
418,18,X,X,D,1,0.32135196731004767,0.5979977456372597,0.5606179972482485,0.3029465506136234
418,19,X,Y,J,1,0.34382362015012546,0.582010796826715,0.5844017257420089,0.3250787722012929
419,0,X,X,D,1,0.571677135145791,0.4525819702998676,0.31442041071884214,0.5221454089222732
419,1,Y,Y,J,0,0.570878066579888,0.4685403751146541,0.34681598618257564,0.5260688076995811
419,2,X,X,D,1,0.5640013956617809,0.4889464990089064,0.36946518022714503,0.5574771132912646
419,3,X,Y,J,0,0.5598403500800612,0.4712199953563833,0.378785904442914,0.536047624166946
419,4,X,X,D,0,0.5665523807358503,0.45491318465582287,0.40988295169274475,0.5709485300805763
419,5,X,X,D,1,0.6065632809153496,0.42988278836083427,0.40278438062785443,0.5794470294156554
419,6,X,Y,J,0,0.579544579440225,0.4511905842045702,0.38548300010131364,0.5633882850447058
419,7,X,X,D,1,0.5269821252411562,0.44120762021029025,0.3578339078013646,0.5967358156953223
419,8,X,Y,J,1,0.5422454684125243,0.4382068035466557,0.38809227028897986,0.5820794937380993
419,9,X,Y,J,0,0.5160187081574125,0.39348907154154267,0.3968251924484867,0.579029623814584
419,10,X,Y,J,0,0.47387274868012064,0.3897967818196865,0.4103399981145863,0.5835410438214642
419,11,X,X,D,1,0.5104418086099789,0.3770847143523108,0.4102162079813185,0.5918546944794997
419,12,X,X,D,0,0.4947453196306598,0.32134266015961416,0.38910176411097464,0.5736748626564827
419,13,X,X,D,1,0.5204834812880444,0.32475541206815495,0.38546281516506437,0.6245374853212108
419,14,X,X,D,0,0.5103920178515657,0.3214966445899642,0.3459046274768419,0.6361425286684038
419,15,X,Y,J,0,0.5460571356903903,0.33601354669777017,0.34360954513608216,0.6117903788477679
419,16,X,X,D,0,0.5563831923635918,0.36521641690783196,0.3712361830800804,0.6265879440565123
419,17,X,Y,J,1,0.5668685579281557,0.35778270502898923,0.30339391317753867,0.6574945581178865
419,18,X,X,D,0,0.583141022661901,0.3847250830828228,0.28405138047875295,0.6174995460672092
419,19,X,Y,J,0,0.5765481358214928,0.4230505657774156,0.29753997741215643,0.6100483664648448
420,0,X,X,D,0,0.3622194094257118,0.47373411998730375,0.45933565106433355,0.5688822605552089
420,1,Y,Y,J,0,0.3629938837690804,0.4584172197817693,0.47000355257542603,0.5371182119803228
420,2,X,Y,J,1,0.40958022819623896,0.4467007840277906,0.4732581611710651,0.5465010506615581
420,3,X,X,D,0,0.38682419837471005,0.44573244313303967,0.49502375614974503,0.5203821879439098
420,4,X,X,D,0,0.38226843637334623,0.47969294241572086,0.5305901936199653,0.5169633758926421
420,5,X,X,D,1,0.3666119779713952,0.5083059278437217,0.5494630607330692,0.45733254928277567
420,6,X,X,D,0,0.36965121006976387,0.5348216796007538,0.5330023284498432,0.42960677171109174
420,7,X,X,D,0,0.37130197936532405,0.5848680121987606,0.5340729942221053,0.43847548148973314
420,8,X,X,D,0,0.3329222771889562,0.644806751869166,0.5730483737509372,0.4437167243283496
420,9,X,X,D,1,0.36899920554717497,0.6839597974972174,0.6212877146721008,0.4440493344059718
420,10,X,X,D,1,0.3334494840460068,0.6616091347773051,0.6447636029290608,0.4011861262030805
420,11,X,X,D,1,0.3470140783078917,0.6789530181435085,0.6237393152570739,0.4251305112530671
420,12,X,X,D,0,0.3364588363770395,0.7032456745423403,0.6250048520013592,0.3808851988730379
420,13,X,X,D,1,0.2886228795930106,0.6743472525022088,0.656167627651685,0.37882999525456873
420,14,X,Y,J,1,0.276684065552914,0.6747714093521754,0.6691418386897783,0.37235594826747725
420,15,X,Y,J,0,0.2798222289892149,0.6851667035216353,0.712860060122614,0.3375402780352716
420,16,X,X,D,0,0.3296066798566791,0.703143298728129,0.7484168859602924,0.3584208567228348
420,17,X,X,D,0,0.32096633213108766,0.7330905579827631,0.7439060033302599,0.4224112283685644
420,18,X,X,D,0,0.3226845991489415,0.75,0.7498002108447076,0.38146018130613774
420,19,X,X,D,0,0.31452491997397425,0.7151598903807251,0.7070986054612349,0.4046388169185068
421,0,X,X,D,1,0.48469701834502277,0.6626195677332357,0.6240865020463605,0.5608016202457633
421,1,Y,Y,J,0,0.4511814768786562,0.689890184849137,0.6409357575961249,0.5766691776026222
421,2,X,Y,J,0,0.42640498753674844,0.6424348255071024,0.6455071992802197,0.5482739068164846
421,3,X,X,D,0,0.45011524956545707,0.6406696028235936,0.633460821577915,0.5487035114877998
421,4,X,Y,J,1,0.45156171651385685,0.6732735937556331,0.6135592194146035,0.5671840958202966
421,5,X,X,D,1,0.49205374741373764,0.6738148321273917,0.6140303252908008,0.5493053769293446
421,6,X,X,D,1,0.4994057444136264,0.677358547577031,0.6336304516105414,0.5310555114444077
421,7,X,X,D,1,0.5415209905384913,0.6947138198042423,0.6210510647028726,0.5677099670675447
421,8,X,Y,J,0,0.5130338245395246,0.6849755098946438,0.6049834473471551,0.5457863526626706
421,9,X,X,D,0,0.49905879463839337,0.6940734473145347,0.5944629170155704,0.5615505107186463
421,10,X,X,D,1,0.4617151871538803,0.6888354070688496,0.5904223972234592,0.5670123586054777
421,11,X,X,D,0,0.42833549400669085,0.704632490284798,0.6187800207932177,0.5727503292959667
421,12,X,X,D,0,0.48904574157664876,0.730265850897135,0.6119977265551174,0.5983306420037244
421,13,X,X,D,0,0.5301883229685687,0.7429146362332444,0.6046106519132342,0.6191738563751676
421,14,X,X,D,1,0.5179879481507931,0.75,0.6144116933044088,0.631363147831059
421,15,X,X,D,0,0.532296318338868,0.704517602179391,0.6346701547525737,0.6349490271996279
421,16,X,X,D,0,0.5142756837434367,0.7280306271421554,0.6373488583149608,0.6056289054803246
421,17,X,Y,J,1,0.5015010084287356,0.7414557375407916,0.62782684226841,0.6085801823146016
421,18,X,X,D,1,0.46999829192031856,0.7351046719972584,0.6166024207658272,0.6036206839271915
421,19,X,X,D,0,0.47842416774595736,0.7147135220076627,0.5691847914476709,0.6394875185648742
422,0,X,X,D,0,0.3013460360765904,0.4848104158731211,0.6762343245238334,0.478025051334996
422,1,Y,Y,J,0,0.27552778891959606,0.49685739764976683,0.6977340225238845,0.45407106932983543
422,2,X,X,D,0,0.3009666878703563,0.5000346303461033,0.6688604584491221,0.4714753740889285
422,3,X,X,D,0,0.2897482598907297,0.47422569727773145,0.6892522412231843,0.5142747301585427
422,4,X,Y,J,0,0.28167318626087523,0.5256027009551291,0.6803638754341265,0.4991574256631936
422,5,X,Y,J,1,0.28066900998120603,0.5238493292825969,0.6689216006212669,0.5386087441074972
422,6,X,X,D,1,0.27616537579952605,0.5183597508478084,0.6658769694544074,0.5901793883320292
422,7,X,X,D,0,0.30998935278024464,0.5083288731213573,0.651239309311089,0.5465477351346373
422,8,X,Y,J,1,0.34407028743637164,0.5323558540276135,0.6525418918144458,0.5397861326764434
422,9,X,Y,J,1,0.37510008089475083,0.5639766494266866,0.6321017956774179,0.49531355852552617
422,10,X,X,D,0,0.36349591741909937,0.5553328765070001,0.6328803634594254,0.4847716577185847
422,11,X,Y,J,1,0.36982500916327715,0.5749396050857843,0.6654835187275635,0.4636718153506778
422,12,X,X,D,1,0.3389901275949215,0.56920285617372,0.6106532111269032,0.4566374246839258
422,13,X,X,D,0,0.34698263511206423,0.53821193741242,0.6361457106558438,0.4089051467669821
422,14,X,X,D,0,0.3055885879288831,0.5501703459882169,0.6365682363962928,0.38802227281581836
422,15,X,X,D,0,0.30305742322846063,0.5598748845456128,0.6215527269323424,0.3694267072618475
422,16,X,X,D,1,0.29752107864758126,0.5773529758135062,0.6150005597462721,0.3821547925199909
422,17,X,X,D,0,0.3298163020731555,0.561892136011458,0.5744400675219112,0.3837328950754857
422,18,X,Y,J,0,0.33837683300062515,0.5669701334516314,0.5731575995250383,0.3473036331938887
422,19,X,X,D,1,0.34903558818932284,0.571206105959035,0.5589779487269559,0.30634734035909683
423,0,X,X,D,1,0.43392278646226073,0.4852468045917208,0.6118754650479279,0.42368396594849134
423,1,Y,Y,J,1,0.46023596214855933,0.4639638665369678,0.6353241378310601,0.414907253513648
423,2,X,Y,J,1,0.4841019343958483,0.4708660156210791,0.6436712031021319,0.4173979771505906
423,3,X,X,D,1,0.47337661546327725,0.5249446236253776,0.6656811254129142,0.4376321881250524
423,4,X,X,D,0,0.409347423481904,0.5401618827186174,0.6364526794367362,0.4129457092778324
423,5,X,X,D,0,0.4187131950916227,0.5014058791864119,0.6187889329630292,0.42874138368783515
423,6,X,X,D,1,0.3913088643993654,0.5395794027985894,0.6129852896980662,0.45483359133841517
423,7,X,X,D,1,0.39701265069924424,0.5824756289845855,0.5670222848956252,0.4582459047126081
423,8,X,X,D,0,0.40031977180509715,0.6086382050124537,0.5672248309609172,0.47569416977340234
423,9,X,Y,J,1,0.4039046263927957,0.6100204244567916,0.5695077188520726,0.49899134171496884
423,10,X,X,D,0,0.451137671371561,0.6460067208466298,0.5956228288865184,0.49589824545034694
423,11,X,Y,J,1,0.42441108052487714,0.6273737893008537,0.5676055147720956,0.5137755162159747
423,12,X,Y,J,0,0.41608675696567415,0.6453565953185282,0.5334725496166803,0.5054622714694242
423,13,X,X,D,0,0.40402298478409565,0.6445684579384157,0.5159907235401198,0.516224707971884
423,14,X,X,D,0,0.3952316333399086,0.6611827262451163,0.48408026694014733,0.5118423704586047
423,15,X,Y,J,1,0.36587782844053396,0.6526410792422881,0.49167671785852396,0.5160592132130226
423,16,X,Y,J,1,0.3340429788482115,0.6694744728956599,0.5255613766448495,0.5369104648412478
423,17,X,X,D,1,0.33914307599383026,0.6813554676953039,0.579869666261845,0.5707511041284332
423,18,X,X,D,0,0.2899947301961589,0.6770973171622081,0.5845700630801078,0.5375474928860722
423,19,X,X,D,0,0.2875189935467362,0.7405504281276488,0.5433275976109018,0.503842599916643
424,0,X,X,D,1,0.5303190478676235,0.7484055676206034,0.3779718867913048,0.6790689581739171
424,1,Y,Y,J,0,0.5170808575816815,0.75,0.39760498015836976,0.6801773389288142
424,2,X,X,D,0,0.53553721992669,0.7231580102388898,0.35783410517509173,0.6840692729798974
424,3,X,X,D,1,0.5332209216856244,0.75,0.3596368877236755,0.6704301938247809
424,4,X,X,D,0,0.5421196163027276,0.7496335793046482,0.35157609849416654,0.6533361096374773
424,5,X,X,D,1,0.5960112570237459,0.7132560661916455,0.3636213082179087,0.6864791761024797
424,6,X,X,D,1,0.5991851696089481,0.7231934895161547,0.34880417775666694,0.676985751662
424,7,X,X,D,1,0.6646510739522743,0.7257982305498283,0.33774600790047565,0.6658188451420206
424,8,X,X,D,1,0.6466472136709452,0.75,0.33422593123806976,0.6711559367787769
424,9,X,Y,J,0,0.6663401876189468,0.75,0.38293255040988744,0.6581803396587402
424,10,X,X,D,1,0.6879902341678927,0.75,0.3436716607123102,0.6419463336226896
424,11,X,Y,J,0,0.7002656256858565,0.6944881633579731,0.3140514834257136,0.6150776224970942
424,12,X,X,D,1,0.6928971062559119,0.7162206247814094,0.25507293735631736,0.6464115941521982
424,13,X,X,D,0,0.6925233705545432,0.741787688683089,0.25,0.6632411405397588
424,14,X,X,D,0,0.654122481316407,0.7455704230778281,0.25,0.6394872171080751
424,15,X,Y,J,0,0.6418111022449692,0.75,0.2564017886840388,0.6340432036949901
424,16,X,X,D,1,0.6041161886694655,0.7301641901155697,0.2668613094587482,0.6393468187489231
424,17,X,Y,J,0,0.5981673166852484,0.7065551902087767,0.3401245279759024,0.6462597770344052
424,18,X,X,D,1,0.6060953899896098,0.7159884915947632,0.362790341111022,0.6416364303642555
424,19,X,X,D,0,0.5736985662180691,0.7340803618648583,0.3731538267554517,0.639352128844673
425,0,X,Y,J,0,0.623304200447122,0.45337153386632395,0.37289537607272133,0.5957482445342615
425,1,Y,X,D,0,0.6580406465340364,0.46189889525646183,0.3631202787161282,0.6023568688586882
425,2,X,Y,J,0,0.6778437384343042,0.4120481025515387,0.34035672276965806,0.5740620864412167
425,3,X,X,D,1,0.6429481631444227,0.43542880666605643,0.34755437341931555,0.5605491284037439
425,4,X,X,D,0,0.6491074318177253,0.4606564409476151,0.36123765205451314,0.5205386123319704
425,5,X,Y,J,1,0.6606700987824088,0.4491995704257113,0.34394638248502635,0.5093514095484903
425,6,X,Y,J,1,0.6344221310784416,0.47773999686905627,0.3409726356289116,0.5068857119123074
425,7,X,X,D,0,0.6631719173113225,0.4466453507326783,0.28743257800255473,0.4954443483330502
425,8,X,X,D,1,0.6725373044255553,0.42130670496939143,0.2815820902344467,0.46525346526320094
425,9,X,Y,J,0,0.6876249323936815,0.43641133774754365,0.25608002924483253,0.45523837022503233
425,10,X,Y,J,0,0.6922742543255835,0.40835697477020777,0.27056372158481873,0.4322716874956217
425,11,X,X,D,1,0.6998176763156284,0.4808293497391647,0.31311954396132735,0.40768046287265913
425,12,X,X,D,1,0.6693987263178176,0.4868450199368687,0.32702974743549096,0.4059444917807618
425,13,X,X,D,0,0.75,0.5033764219498859,0.3105158852883163,0.42831392537471236
425,14,X,X,D,0,0.7243588408872584,0.4935439336887246,0.276882718664208,0.4574507714542607
425,15,X,Y,J,0,0.7442095870195524,0.5020550050327631,0.31118997605529297,0.44208853482129823
425,16,X,X,D,1,0.745434785277395,0.5139749289329811,0.2858621444744812,0.39811302655691483
425,17,X,X,D,1,0.75,0.4785210395071363,0.26417686040903937,0.36942645402066493
425,18,X,X,D,1,0.7350924526346158,0.5198719764493802,0.25208477543015795,0.3682222262056897
425,19,X,X,D,1,0.7201648499150525,0.4887510869737349,0.25,0.34151679803059376
426,0,X,X,D,1,0.6969029628230651,0.32283350162573365,0.6346926844299667,0.2984608894551071
426,1,Y,X,D,0,0.7014475176201275,0.3129139880688929,0.6432784166751826,0.2914300158696888
426,2,X,Y,J,1,0.7012744073455957,0.3218266980356143,0.6828662845251317,0.3252696830448413
426,3,X,X,D,1,0.6493582561821372,0.34829767906080406,0.6532672923332378,0.2973441010448937
426,4,X,Y,J,1,0.6131778111953654,0.34099902273566923,0.6760892843527893,0.29889158623084455
426,5,X,Y,J,1,0.5980719861776217,0.36893989479374023,0.7110850660794112,0.3240786637961948
426,6,X,Y,J,0,0.5872968470818329,0.3812753912931963,0.75,0.3223412165491678
426,7,X,X,D,0,0.5956312177248255,0.4093967099193591,0.75,0.30929882502163925
426,8,X,X,D,1,0.5986400877648447,0.38442696764761375,0.7310254963900915,0.33459623088846435
426,9,X,Y,J,1,0.6146197029685972,0.3818835031091679,0.75,0.3396991267371039
426,10,X,X,D,1,0.6158472909617763,0.377582737906844,0.75,0.3050031151125363
426,11,X,X,D,1,0.5905051827258783,0.3372439847851226,0.7203857128221879,0.2940260127910852
426,12,X,Y,J,0,0.553569720798077,0.29240360430117696,0.719667310862856,0.35687359216866954
426,13,X,X,D,1,0.5515005335142119,0.2756528519991259,0.75,0.39768307112026174
426,14,X,X,D,1,0.5282590543069461,0.29792939021067594,0.75,0.41320019984329664
426,15,X,X,D,0,0.5256548598388353,0.33650027201495647,0.75,0.45079285234113237
426,16,X,X,D,0,0.5294471074785798,0.29952428852940505,0.7486721415138475,0.46173876993369045
426,17,X,Y,J,1,0.5393622381760664,0.33708911473319547,0.75,0.48088400230354755
426,18,X,Y,J,0,0.51900432501134,0.31395813416353624,0.7431925251610085,0.4478565329092031
426,19,X,X,D,1,0.5063461738567627,0.31452412822808923,0.7022955324716533,0.4549367799161449
427,0,X,X,D,0,0.5919557655614031,0.3433988454296545,0.4252891958232619,0.48110407840140706
427,1,Y,X,F,0,0.5942414931760078,0.296347876954947,0.3876351146454043,0.43372518951278477
427,2,X,X,D,1,0.5981445357092279,0.2910507623376011,0.3939710913030865,0.42742890093647995
427,3,X,X,D,1,0.5700953429076073,0.2618505082898428,0.3733854448982672,0.4627026444306459
427,4,X,X,D,1,0.5734546991321048,0.25,0.36678306460560983,0.46627030766175287
427,5,X,X,D,1,0.5736103771377916,0.25,0.33042033393064685,0.5018592178822858
427,6,X,X,D,1,0.569965513586379,0.25,0.30033874916558684,0.5601183239592202
427,7,X,X,D,0,0.5825212340643108,0.25,0.3226699932542308,0.5514498881697512
427,8,X,Y,J,0,0.5663379367942871,0.2685597921342703,0.3132764807007237,0.5561475162323167
427,9,X,Y,J,0,0.5752143693164243,0.320809581573005,0.3008999550878862,0.5585063975889922
427,10,X,X,D,0,0.5912196200291138,0.35019096431421914,0.31365863453834214,0.5010689691704993
427,11,X,X,D,1,0.5571388707224658,0.37723056218571177,0.3173256496465939,0.5345527843026734
427,12,X,X,D,0,0.5585701087455599,0.3837956331973943,0.3251966463134652,0.5197703065895918
427,13,X,X,D,1,0.5550754043756845,0.37541608734891163,0.3083961000939113,0.48255820648985215
427,14,X,X,D,0,0.564503939325577,0.3775283794063384,0.3105133456426362,0.49940621568768667
427,15,X,Y,J,0,0.5801179685588543,0.41033913091867075,0.32031497366174044,0.4972393102895081
427,16,X,X,D,1,0.5957668186266214,0.4181923791400929,0.3078523677676449,0.5474366237465831
427,17,X,Y,J,0,0.6042989138389322,0.4364858293928507,0.27880796506945904,0.5375159814209548
427,18,X,X,D,0,0.6108428240309046,0.40489018120184883,0.2973179984683907,0.5667259426421276
427,19,X,X,D,1,0.6488696839153528,0.41898456868073786,0.26260394243191204,0.5388117019107728
428,0,X,X,D,0,0.32818692204541916,0.6962037180577102,0.270803802194354,0.5065517990302443
428,1,Y,Y,J,0,0.3667236640664293,0.6785857630991253,0.30597970393085994,0.4457613590428002
428,2,X,X,D,0,0.3618269120093403,0.6857511931086739,0.27479867168712874,0.4204930238995082
428,3,X,X,D,0,0.3800436282307242,0.7202099428171979,0.2819369825295101,0.4275695829474884
428,4,X,X,D,0,0.39707004649418814,0.7321631743498134,0.35486697511640763,0.44021133346919955
428,5,X,X,D,1,0.3960263250691913,0.75,0.36849478666361024,0.45902853949214534
428,6,X,X,D,0,0.4306898537586522,0.7424407036510821,0.36861189555113194,0.46657598875413464
428,7,X,X,D,0,0.47042067495190903,0.7179751716330608,0.393567082564537,0.47661556604077393
428,8,X,Y,J,0,0.4384166953911622,0.7000753377581649,0.3960564496562626,0.4525054220942156
428,9,X,X,D,1,0.5139179976495429,0.709840229281946,0.4115539155829588,0.4517883535623573
428,10,X,X,D,1,0.5396733370183229,0.7483813612171557,0.44716528308970477,0.4933520132108081
428,11,X,Y,J,0,0.5318709361119416,0.7196625021605052,0.4239523118448478,0.5518145058733513
428,12,X,X,D,0,0.505087671413689,0.7264000060299806,0.4219029489799921,0.5559427736363208
428,13,X,Y,J,0,0.5168984294644392,0.7097402717359613,0.4611020925906816,0.6138512988388282
428,14,X,X,D,0,0.5171610841868568,0.7129947652277664,0.45742412086358203,0.6706874529612009
428,15,X,X,D,1,0.5064560013779468,0.6996377328513276,0.44979724541493643,0.6450249005333037
428,16,X,Y,J,0,0.48435504900794496,0.742761647385715,0.4265020071269157,0.6729738410658138
428,17,X,X,D,0,0.516774458476779,0.7429216049916274,0.39396707898059036,0.678815639146516
428,18,X,X,D,0,0.5623375548137727,0.75,0.4081245860807065,0.6817054864614569
428,19,X,X,D,0,0.5712401409044826,0.75,0.3863137380537317,0.6669908661283876
429,0,X,X,D,1,0.5587707636508147,0.3349496796712193,0.34156577258591314,0.5747638985448552
429,1,Y,Y,J,1,0.519652963928626,0.342678981445544,0.35302164434149397,0.5609878388627396
429,2,X,X,D,1,0.5555702278343155,0.35803919384160676,0.3862029810890913,0.6296390906006339
429,3,X,Y,J,1,0.5501273741114368,0.38616434650356246,0.39578757462593517,0.6533269865592379
429,4,X,Y,J,0,0.6293092629616801,0.38430996756918007,0.35317627273151236,0.6911909465809722
429,5,X,Y,J,1,0.6312973681820687,0.3912844527408139,0.33283151221740725,0.7067504087113888
429,6,X,Y,J,1,0.6166339483575682,0.3368641276904316,0.36798702791345655,0.6990773116729584
429,7,X,Y,J,1,0.6157241880039893,0.37362467983960623,0.36035294450814914,0.6740045182353217
429,8,X,X,D,1,0.6276246256617709,0.3882296873002564,0.34489934829898,0.673544379336375
429,9,X,X,D,1,0.6243005435982484,0.35318250754989544,0.3939668559001463,0.7011814699770895
429,10,X,X,D,0,0.6307995501418231,0.32448671785724637,0.45471299725531467,0.6639421804108658
429,11,X,X,D,0,0.6418307934771996,0.35217439942770884,0.4713800673321664,0.7261669228402997
429,12,X,Y,J,1,0.661478516641391,0.3700682903466229,0.43998105944655863,0.7173642903145256
429,13,X,Y,J,1,0.6361867782505471,0.40050833786269396,0.47165997985286073,0.7196356099376676
429,14,X,X,D,0,0.6592265519915216,0.3713157508131644,0.4671667022144896,0.7153491916314285
429,15,X,X,D,0,0.6393954578259945,0.3491660078563415,0.461709988837193,0.7099401284538062
429,16,X,X,D,1,0.655751663138901,0.32268299130443656,0.4510290058586322,0.6761160456548506
429,17,X,Y,J,1,0.6680920193492649,0.31745103814638587,0.4461818985844324,0.7039890369394338
429,18,X,X,D,1,0.6593045153731592,0.3389863738778124,0.4630711346980293,0.6667432363407759
429,19,X,X,D,1,0.6534766770207191,0.34588371385718664,0.47555553043035814,0.6214770208022776
430,0,X,Y,J,0,0.6880569788695786,0.3132381630524423,0.4607390159862617,0.30489579729875016
430,1,Y,Y,J,0,0.7266159579308951,0.28088005574423375,0.4071649848969961,0.2507127013862515
430,2,X,Y,J,0,0.75,0.2569538490690832,0.4147471445179639,0.25
430,3,X,X,D,0,0.7325066682083309,0.2753653626043148,0.4503244751616472,0.2737611435927507
430,4,X,X,D,0,0.7155510426289818,0.2649217199138326,0.431894797098869,0.25
430,5,X,X,D,0,0.7429037900908658,0.26493736507200316,0.43107340539445715,0.25
430,6,X,Y,J,0,0.7470606506967161,0.25864545902697156,0.4452602587226233,0.25
430,7,X,X,D,0,0.7476106299919735,0.25,0.4267567550533386,0.25
430,8,X,X,D,1,0.7371549724133012,0.25,0.44677444553234674,0.25
430,9,X,X,D,0,0.75,0.25710681859770884,0.49498578432479906,0.25453504238076274
430,10,X,X,D,1,0.75,0.2678971864785227,0.518648311310071,0.25673895981823563
430,11,X,X,D,0,0.7182838052985101,0.29133553758673325,0.4859138487557208,0.2750957713645674
430,12,X,X,D,0,0.6955452425861857,0.31685625205198464,0.49042987251095876,0.26798654785896414
430,13,X,X,D,0,0.7497800722811645,0.30868638268602466,0.4958115910672588,0.3140044469281275
430,14,X,X,D,1,0.6953226345193068,0.33534898476288943,0.5157885630924786,0.34975457065370646
430,15,X,X,D,0,0.6877372808229959,0.3714030370340579,0.4798175751829446,0.338151218498808
430,16,X,Y,J,0,0.6831399711812988,0.35055048626148383,0.5150532521163814,0.3377526956584823
430,17,X,X,D,0,0.6603300199137784,0.34767626072598173,0.5399408821994794,0.3482676166385228
430,18,X,X,D,1,0.6670038714343519,0.3474543825406319,0.5475967983664554,0.3942695240194724
430,19,X,X,D,0,0.6322570311275354,0.33853853432357006,0.5577502884724203,0.3714275423213102
431,0,X,X,D,1,0.5207909322358921,0.6900896558613467,0.7122524792135956,0.5834335196185777
431,1,Y,Y,J,0,0.572584827710454,0.6550237515000885,0.7258825207121629,0.5918330494085481
431,2,X,X,D,1,0.6017050165113796,0.7122818953083466,0.7089842171024308,0.6492517198663165
431,3,X,X,D,1,0.5930419503300546,0.6839472184371002,0.714653740581713,0.6679680960021258
431,4,X,X,D,1,0.583770462763259,0.66963588424084,0.7001304298526694,0.693527894875002
431,5,X,Y,J,1,0.5726538205792395,0.6732130899926193,0.6843367443098938,0.7147347502219772
431,6,X,X,D,0,0.5575420017774639,0.6713408551585928,0.67790965966254,0.6864027174168077
431,7,X,X,D,0,0.5427745201323272,0.6742169723384837,0.6601495963298327,0.6907811959450129
431,8,X,X,D,0,0.5195889714573741,0.6487738005759354,0.6418536689214053,0.7163513858824975
431,9,X,X,D,1,0.5339929198114042,0.6278910527291608,0.6487817926778706,0.7479998567477537
431,10,X,X,D,0,0.4868556335438479,0.6345590068823576,0.6543728104138815,0.75
431,11,X,Y,J,1,0.4652230232608161,0.6413948907898379,0.685085129061155,0.75
431,12,X,X,D,1,0.4613452379882767,0.6008452912417598,0.6617776070115382,0.7370807978764411
431,13,X,X,D,0,0.49951278894776957,0.6050665662175718,0.6482450791324719,0.6914098176036898
431,14,X,X,D,1,0.49369211030419174,0.5658125101109387,0.6477005287258688,0.700053396228315
431,15,X,X,D,0,0.5236874517896281,0.5816974412314698,0.5901863053130465,0.6921373095604402
431,16,X,X,D,0,0.5164971962179742,0.5621553731879134,0.609903336502994,0.7285215883203653
431,17,X,Y,J,1,0.48794738001779614,0.5637644009168974,0.6077709150539222,0.7309157637101246
431,18,X,X,D,1,0.45452895955637823,0.5918471270729503,0.6138116768192209,0.75
431,19,X,X,D,0,0.4495384137431359,0.5966287550555051,0.658310412663783,0.75
432,0,X,Y,J,1,0.4051756329449094,0.6824783042886025,0.48099180042195433,0.6027195140731705
432,1,Y,Y,J,1,0.39503848020253257,0.6148421975901114,0.43963619449004093,0.6469981375549492
432,2,X,X,D,1,0.41477374877727374,0.5923129804862692,0.4331141649472814,0.6243439276446899
432,3,X,X,D,1,0.4030209245588918,0.6216202824566159,0.41874214273982435,0.6098797060395375
432,4,X,X,D,1,0.40072839628275075,0.6296450752285728,0.430657962307014,0.6388543482386626
432,5,X,X,D,1,0.39906772240265864,0.6276769527700037,0.4398440102265092,0.6025119700308188
432,6,X,X,D,0,0.4194463333376403,0.6519926782969284,0.4521546733222837,0.6109058893358974
432,7,X,X,D,0,0.43216228845019766,0.7165830726227183,0.4729414265436994,0.5918596783492072
432,8,X,X,D,0,0.45248898862191966,0.75,0.4633895816247214,0.5528511021548199
432,9,Y,X,D,1,0.5048464137047403,0.75,0.5049886398062586,0.5211956017782862
432,10,X,X,D,0,0.5076625234662374,0.75,0.5369600541414242,0.4917873912050082
432,11,X,Y,J,1,0.5016752221924148,0.75,0.5521643095551896,0.4970827989794387
432,12,X,X,D,1,0.495119225575666,0.748008190430089,0.5414787294966139,0.4983210577462976
432,13,X,X,D,0,0.49659223537877023,0.75,0.5630678073873617,0.5066402853856767
432,14,X,X,D,1,0.5238995757502998,0.7363209422241214,0.5800290499614325,0.5317812030340343
432,15,X,X,D,0,0.5312745632254089,0.7430579929084785,0.5501151314401821,0.5334835122320526
432,16,X,X,D,0,0.5620583327715493,0.7494636425903475,0.5403792719868512,0.4837233607156659
432,17,X,X,D,0,0.5627126186153637,0.75,0.5423507637371132,0.49402372542441975
432,18,X,X,D,0,0.5116066152299646,0.75,0.5592050939898451,0.4910012720350886
432,19,X,X,D,0,0.5179924504743865,0.7334622577607398,0.5440586364675679,0.5365151616357768
433,0,X,X,D,0,0.3720100579072461,0.4122155825216812,0.2654962826435389,0.25532489446322426
433,1,Y,X,F,0,0.382658603217596,0.3724465036846324,0.25,0.2812572666927965
433,2,X,X,D,0,0.3594267847294127,0.3643104487849417,0.27959374927689606,0.3022448207200402
433,3,X,X,D,1,0.4009821992755918,0.3148827950133194,0.29236880096347173,0.2971261323344852
433,4,X,X,D,1,0.4054120805805207,0.29186122019658345,0.2969234454887173,0.27473617687107665
433,5,X,X,D,1,0.36462540340770977,0.26777196417154797,0.28361522634971853,0.2943222795407267
433,6,X,X,D,1,0.3512089130113942,0.27866824959992453,0.284176748123725,0.28605552822837405
433,7,X,Y,J,0,0.33363832836164453,0.25,0.2792238040698217,0.26435625987115013
433,8,X,X,D,1,0.32297570721724844,0.25,0.2792043211737603,0.2932955085713683
433,9,X,X,D,1,0.34793296516979744,0.25,0.280246464830444,0.28540254134797516
433,10,X,Y,J,1,0.3732304892013082,0.27332475479580726,0.2829138491147312,0.2799018383406859
433,11,X,X,D,1,0.349741121146059,0.3132425839801745,0.2964278745176363,0.25
433,12,X,X,D,0,0.3694522360275354,0.32478174513937064,0.30667076924695885,0.25
433,13,X,X,D,0,0.40300179396381763,0.3245117583214134,0.26960927391876177,0.25
433,14,X,X,D,0,0.3732229852874911,0.29143371892309233,0.2521995097009135,0.29027497798043694
433,15,X,Y,J,0,0.3573401797984032,0.3293398175275362,0.26898551755193384,0.2941195383389254
433,16,X,X,D,1,0.41185223199580173,0.3366589223897563,0.2778318373176398,0.31057010942192
433,17,X,X,D,1,0.4463104808456502,0.31604919316255137,0.2843042575199392,0.328079041241682
433,18,X,X,D,0,0.46053840646583016,0.3266426772594825,0.26425682633879705,0.2748847379371192
433,19,X,Y,J,0,0.4717091397564365,0.2946403899319918,0.25,0.2886833889911335
434,0,X,X,D,1,0.7086538575401911,0.44457425562698333,0.6001158812884486,0.5073711140778197
434,1,Y,X,D,1,0.7140611593846005,0.4032461593617199,0.5601517081769959,0.5484321732319032
434,2,X,X,D,0,0.6928620726270769,0.39277724116501206,0.5624242546594674,0.5432969056615995
434,3,X,Y,J,1,0.651583677933297,0.3788821536594012,0.5873091930888522,0.5536844282159035
434,4,X,X,D,1,0.6619897233854195,0.3860270252252699,0.5592189821743968,0.5816860055564338
434,5,X,X,D,0,0.6520367511437986,0.3953927888232615,0.5723147644157071,0.5850790654756174
434,6,X,X,D,1,0.6433227479312419,0.40375292627425596,0.5762237678929326,0.5834936861951898
434,7,X,Y,J,0,0.5951675566476643,0.3953347571536295,0.585084210993331,0.6218655815591401
434,8,X,X,D,1,0.6288833256255183,0.3925443323869862,0.5769265163854841,0.6060571352830084
434,9,X,X,D,1,0.6251225867643873,0.4072108221646329,0.545695405900001,0.5977707776392738
434,10,X,Y,J,1,0.6775984376115546,0.39358801373148916,0.5658477155267827,0.6387650304319539
434,11,X,Y,J,1,0.6631314400119942,0.4008465882027167,0.5433770448303605,0.6383892686938102
434,12,X,X,D,1,0.6441928117240334,0.36525629188191955,0.5624089694153169,0.6231734081900409
434,13,X,Y,J,1,0.6083032959039001,0.34288887546121033,0.5574043124548871,0.6785123031696598
434,14,X,X,D,0,0.5972388883149694,0.34410482944061016,0.5343306937089037,0.6799727990143736
434,15,X,X,D,1,0.6222532965076607,0.2899559303532131,0.4993294537137152,0.6573211405289635
434,16,X,X,D,0,0.6295541550495977,0.28608404538309873,0.5176099792777766,0.6195884738852775
434,17,X,Y,J,1,0.655958430301351,0.3052899736389706,0.4789878189941615,0.6153546075207017
434,18,X,X,D,0,0.652837271086089,0.28801779763542734,0.4508533885808848,0.6536248111838897
434,19,X,X,D,0,0.6398659013780174,0.2909093078962649,0.414364127829488,0.6509259527362633
435,0,X,Y,J,0,0.5867186101624288,0.5895638781536121,0.47855829529784644,0.5605993902934401
435,1,Y,Y,J,1,0.5541704547103149,0.5551217772198302,0.4745197886177978,0.5948793284039199
435,2,Y,X,D,1,0.5572315603984381,0.5621700050075619,0.4657145115048064,0.5736271908821076
435,3,Y,X,D,1,0.5535284366653185,0.5802571227191583,0.46545852620182526,0.5862655440110026
435,4,Y,Y,J,0,0.5472675351013878,0.5554675676207544,0.46015134045720696,0.5947893857975469
435,5,Y,Y,J,1,0.5502331452261766,0.5701717566408288,0.4372610099595026,0.5916299544722063
435,6,Y,Y,J,0,0.5689665901647093,0.5426201824932702,0.4271944253148931,0.6359244511802297
435,7,Y,Y,J,1,0.5582550765049531,0.5872006102331012,0.45864789134825434,0.6359403156147584
435,8,Y,X,D,0,0.5491803934559479,0.5791032208422153,0.44479571772167065,0.6249678956610386
435,9,Y,X,D,0,0.525416881012076,0.5633927093768936,0.5086186088950742,0.6184065155185676
435,10,Y,X,D,0,0.5501107435788141,0.56562445100047,0.4649945551416724,0.5945632397820595
435,11,Y,Y,J,0,0.5532103329999662,0.5171661284174361,0.464280899439048,0.5722490952095125
435,12,Y,X,D,1,0.548877873574839,0.4992706559814398,0.5055146957923984,0.549970080268106
435,13,Y,Y,J,0,0.567933805716092,0.45883970489250686,0.47767447010485015,0.5214349820495285
435,14,Y,X,D,1,0.5452496157119362,0.4444613320417212,0.5070201412467844,0.511992946624898
435,15,Y,X,D,0,0.5330723053224512,0.4625533167092494,0.5035887368421941,0.498732831555746
435,16,Y,X,D,0,0.5192147068537658,0.4785026962250392,0.5194751020776999,0.4989109549538168
435,17,X,Y,J,0,0.48366486209965676,0.43565421694296635,0.5177774783295066,0.5315708789037313
435,18,Y,Y,J,0,0.4649560445168768,0.38285163338055456,0.5464324754566352,0.5422928033822761
435,19,Y,X,D,1,0.4925641345909006,0.38880914776049463,0.5787978704220658,0.5331642557059871
436,0,X,X,D,1,0.5397612808922883,0.6567418235362663,0.3921687901333703,0.5819225212666671
436,1,Y,Y,J,0,0.5469811362189506,0.6938527894156101,0.3518107151605157,0.6231886422097198
436,2,X,X,D,0,0.5443482336538854,0.6870344663070302,0.3528158394165267,0.6086461159832277
436,3,X,X,D,0,0.546672322844278,0.7055825605320201,0.34908812219018276,0.6708409976754128
436,4,X,X,D,1,0.5403452508224967,0.6889059868764377,0.35868593338083526,0.691210296872178
436,5,X,X,D,1,0.5548502303730322,0.7162599240188523,0.36609009779668195,0.6453571400947625
436,6,X,X,D,1,0.5219811667918876,0.701120348551993,0.38937733428046895,0.6199664937701524
436,7,X,Y,J,1,0.5368377961875442,0.7058712117748783,0.39010082574715677,0.6216976230988329
436,8,X,X,D,1,0.5577047940143791,0.6808521059623863,0.41747730262238897,0.6080552962880459
436,9,X,X,D,1,0.5044708680743772,0.7054277497403523,0.36163307469675193,0.6245018927337803
436,10,X,X,D,1,0.4781982135573412,0.7003921796999177,0.3634698580620179,0.6114779488669111
436,11,X,X,D,1,0.47883966183644217,0.692445588000009,0.35819291390680225,0.6413188441144783
436,12,X,X,D,0,0.46957495684773465,0.7455261404271846,0.3431363757287983,0.6306286835723478
436,13,X,X,D,1,0.46277633229908516,0.75,0.36652581213097746,0.5696089088691885
436,14,X,X,D,1,0.5033884548189456,0.75,0.4011498831074926,0.534990125186784
436,15,X,X,D,0,0.4653833652683793,0.7490173181518026,0.4086148934672374,0.5100310604029584
436,16,X,X,D,1,0.43293236729311185,0.7278025358736184,0.4499351355384195,0.5025941088507022
436,17,X,X,D,1,0.4525418910085139,0.7441814200112495,0.44787308380490004,0.49410635085588983
436,18,X,X,D,1,0.44301608482152116,0.75,0.43123996364260114,0.5117883208695342
436,19,X,Y,J,1,0.46230886783798053,0.75,0.40269393146824256,0.5229260117525677
437,0,X,X,D,1,0.5130635693235669,0.3325626328739416,0.46116888583481114,0.6320378197432235
437,1,Y,Y,J,0,0.4854641720430616,0.34557900157912147,0.4670584786356682,0.6250995990345867
437,2,X,X,D,0,0.46255661147224497,0.3195248998895612,0.4684076538999651,0.6341944418039464
437,3,X,Y,J,1,0.41431544896004313,0.3533735278573099,0.4950865313610271,0.6393485254459087
437,4,X,X,D,1,0.39733497958609176,0.3623305381916539,0.5210724960135058,0.6460993113743778
437,5,X,Y,J,1,0.4019118280429964,0.34624784810264947,0.530266098769196,0.6494683857102747
437,6,X,X,D,1,0.4023880137063012,0.3535756801596665,0.5408438350633014,0.6003962855879127
437,7,X,X,D,0,0.406842537629079,0.38386279626178466,0.5789615378187863,0.5986951553025193
437,8,X,X,D,1,0.43527906586496823,0.3617888067733021,0.5843693320825627,0.6118584158565165
437,9,X,Y,J,0,0.4215845914201122,0.3400113216683672,0.6271252554177167,0.5857550885696944
437,10,X,Y,J,1,0.42050239108013765,0.28201510375547556,0.6444524226175726,0.6194733592376096
437,11,X,Y,J,1,0.42127981375885964,0.26882482547363823,0.6799586062353865,0.584229235194397
437,12,X,X,D,0,0.45523777368891066,0.25255329614784455,0.7014262134562664,0.5663314510300174
437,13,X,Y,J,1,0.4698460648723304,0.25,0.6801676088824453,0.5390384590146424
437,14,X,X,D,1,0.4181186024578913,0.25,0.6517207498904957,0.5697275870065843
437,15,X,X,D,0,0.41677863904577706,0.25,0.644627935286632,0.5680653585026794
437,16,X,X,D,1,0.4076671475825578,0.2500295493183198,0.6157683094482833,0.581225883189813
437,17,X,Y,J,0,0.3906541072771881,0.25,0.6222249572494944,0.5703497982613787
437,18,X,X,D,0,0.3761993622485831,0.2624375668690943,0.6069466464859375,0.5916932038815973
437,19,X,X,D,0,0.3543381904225872,0.2924331277040931,0.61494958659549,0.5884897742670532
438,0,X,X,D,0,0.4051482269817902,0.5124300177310883,0.5427228790709631,0.47749618346307876
438,1,Y,X,F,0,0.4105360902999351,0.4932923349734536,0.5829608104849314,0.4949118710857992
438,2,X,X,D,0,0.4327564567795503,0.485793720915605,0.5747920039911242,0.49251597068116365
438,3,X,Y,J,0,0.43195374733464703,0.4945540663654473,0.5983024420279498,0.5183847248641957
438,4,X,X,D,1,0.4122979512813357,0.5220888191756945,0.6001470765186703,0.5624484790717388
438,5,X,X,D,0,0.43554171783079104,0.4976413132662193,0.5887549680921198,0.5057086594417024
438,6,X,X,D,0,0.426463268001736,0.5020738854925203,0.579578006348781,0.4714710524572686
438,7,X,X,D,0,0.46931129286691997,0.4793160170945587,0.555029102990891,0.484497430547789
438,8,X,X,D,1,0.4746702162177176,0.47460472809180626,0.5761295702209885,0.4956495690891467
438,9,X,X,D,0,0.49005382336574366,0.4606837696446972,0.5814411852584984,0.47290761503693035
438,10,X,X,D,0,0.48926884625522404,0.45968868138030944,0.5991998474525743,0.4918826434127171
438,11,X,X,D,0,0.482802190719214,0.48223107073836974,0.6108655126075878,0.44943892377757055
438,12,X,X,D,0,0.49472689424725025,0.493807833161284,0.5801435599773533,0.40348531730090026
438,13,X,X,D,0,0.4542853674758641,0.503362354737831,0.5995424498338998,0.38132642857243615
438,14,X,Y,J,1,0.48321969997808817,0.4550886038628831,0.5908603247990287,0.3586961587087855
438,15,X,Y,J,1,0.5222881613557262,0.4521180608740339,0.554477704175858,0.3493326210607885
438,16,X,X,D,1,0.5158172660247288,0.4477724236270638,0.5782560735210329,0.37195073505759974
438,17,X,X,D,1,0.5495598403997025,0.4146866211917647,0.5617475474236457,0.36655000949651456
438,18,X,X,D,1,0.5349885589249233,0.4216514071493867,0.5387884830962848,0.3594849295391595
438,19,X,X,D,0,0.5213370462938803,0.40986878033052065,0.546831872224239,0.3477930350064279
439,0,X,X,D,1,0.388110811260283,0.6086206269649785,0.5917405709729913,0.3227886397945391
439,1,Y,Y,J,1,0.40381464936051126,0.6033589788153383,0.5772501028724938,0.3188636271726496
439,2,X,Y,J,1,0.4002145628085462,0.588319266393096,0.6075153874176475,0.3332289596063097
439,3,X,Y,J,1,0.40075293070346113,0.6160941161128543,0.5989869408677359,0.3380750418575445
439,4,X,X,D,0,0.36204465772746874,0.6041407274439092,0.5729218851013402,0.27947613209417826
439,5,X,X,D,0,0.3772759008462724,0.6038070736167911,0.5795978271808252,0.2989405020379405
439,6,X,X,D,0,0.3576400931442485,0.5990551093402308,0.6030912748677685,0.27011104796428614
439,7,X,Y,J,0,0.3537514472299075,0.5417568076302024,0.6007360057262702,0.30036048377101743
439,8,X,X,D,0,0.3674931005040713,0.5492570466192024,0.6005786490768869,0.29847820368523376
439,9,X,X,D,0,0.36952063479067543,0.5184239951947544,0.6090518225638217,0.30927677128342856
439,10,X,X,D,0,0.3823624539717272,0.5291314543200117,0.5995571485419959,0.39405151754008966
439,11,X,Y,J,1,0.3889423803037239,0.5815688035483836,0.598329847859925,0.38304062938046957
439,12,X,Y,J,1,0.3936192131838247,0.5539565471969164,0.6205153855844735,0.3949499222670808
439,13,X,X,D,0,0.4029139089070606,0.5710674256306556,0.6153088452477883,0.3848292205535949
439,14,X,X,D,1,0.40839568643125074,0.5540917506212519,0.6394757789806657,0.39973921947523394
439,15,X,X,D,1,0.39734649157010654,0.5548167104679279,0.6865918097084326,0.4043910915361478
439,16,X,X,D,0,0.3911153936405329,0.5623038646212405,0.6758300577801787,0.35945059165100574
439,17,X,X,D,0,0.42427017315727067,0.5807063654298508,0.6717869617957776,0.39753781027769247
439,18,X,X,D,0,0.40861271207079564,0.541483973324903,0.6511879606785547,0.39994300954717904
439,19,X,X,D,0,0.3854142850202217,0.5297443349834559,0.6853323114356821,0.3931457336789283
440,0,X,X,D,1,0.46963460872023116,0.6302034803125205,0.5302290537354646,0.5619149143175257
440,1,Y,X,D,1,0.4802689498340746,0.6576228557737713,0.5173506254783159,0.5326755251483305
440,2,X,X,D,1,0.48909658991039134,0.6598287725405364,0.5207906037664112,0.5540991407147725
440,3,X,X,D,0,0.4726802105855413,0.6713094724118523,0.5358132868106368,0.5356447160549137
440,4,Y,X,D,1,0.49977354294923615,0.6171062030934302,0.5483901209828711,0.5534949360412402
440,5,X,X,D,1,0.5421166179358616,0.6536690018155016,0.5430889013357556,0.5452626216064645
440,6,X,X,D,1,0.548959977925487,0.6936763281825888,0.5600162096872736,0.5150168174103481
440,7,X,Y,J,1,0.579600261707066,0.6893943113943121,0.5319477266107084,0.5289311850391711
440,8,X,Y,J,0,0.5726500842783069,0.6810117188713019,0.5210974008201268,0.508970038229283
440,9,X,X,D,1,0.5645329652995651,0.7355573065580793,0.5523184373870031,0.5054933184716043
440,10,X,Y,J,1,0.56820723950739,0.75,0.5697642225619515,0.47968304310533616
440,11,X,Y,J,1,0.5680057000697034,0.75,0.6024961617336951,0.5037822530561415
440,12,X,X,D,0,0.5940457216315423,0.75,0.6381848011375822,0.5168507619704826
440,13,X,X,D,0,0.5630691956111723,0.726727625009481,0.6345346088344651,0.49184488449752517
440,14,X,X,D,1,0.5671969153439484,0.7113754269529704,0.6134680582349117,0.5232010650439044
440,15,X,X,D,1,0.588267489246355,0.7024329844619057,0.5944825849459018,0.5300897250728914
440,16,X,X,D,1,0.5674104707390232,0.6541061993363089,0.6039386292817365,0.5048943568208302
440,17,X,X,D,1,0.5679818544996045,0.6665617191981934,0.595163085482146,0.503324531604063
440,18,X,X,D,0,0.5233711469510794,0.6670971154122504,0.5995283779004719,0.5318966531372201
440,19,X,X,D,0,0.5119467048800767,0.6463623799742841,0.5988405712375435,0.5173795762744969
441,0,X,Y,J,0,0.4864775187393866,0.6447655605217355,0.6577838142358097,0.5551188031802574
441,1,Y,X,D,0,0.5274377298761865,0.6573618368412472,0.668090841826614,0.5466349116506469
441,2,X,X,D,1,0.5457833686610307,0.6462928465849808,0.6860137109221878,0.5297349470734338
441,3,X,X,D,0,0.5284998812816384,0.6731615651966696,0.6869388139585909,0.4959132297483357
441,4,X,X,D,0,0.5223410842448949,0.6856410499236182,0.6986843102147176,0.4860747403729095
441,5,X,Y,J,1,0.5429513675952159,0.6830132694246611,0.7108377872444723,0.4921194910037384
441,6,X,X,D,0,0.5379039043910505,0.670210051598871,0.6863405875856907,0.4648153704625669
441,7,X,X,D,0,0.5579529029590631,0.6614787198791653,0.6444945483903131,0.46412399949346533
441,8,X,X,D,1,0.5182379918636016,0.6949908532228213,0.6425752859001624,0.4825952933712397
441,9,X,X,D,0,0.46209949656037225,0.6850380454623726,0.6182294210725692,0.5277228872338651
441,10,X,X,D,0,0.46676613939847583,0.682823367937258,0.6207213004855683,0.5395237968015618
441,11,X,X,D,0,0.45638617410530646,0.679820550068374,0.6619145502943337,0.5055085762096048
441,12,X,X,D,0,0.4473450336170326,0.7184994567236302,0.6779031174055787,0.4685879209359691
441,13,X,X,D,1,0.4456760910404072,0.7091206452405868,0.6555630480317508,0.4138504259764433
441,14,X,X,D,1,0.4499176536162228,0.7111077826834137,0.6392394127482749,0.3928563345474231
441,15,X,X,D,1,0.4549400982283734,0.6941027008341533,0.6269120500401837,0.40980814589768594
441,16,X,X,D,1,0.43218311020364963,0.6979032274365037,0.637683075970674,0.4127185758617849
441,17,X,X,D,1,0.4186805064524454,0.719221847217145,0.6170283268864789,0.4315834490305308
441,18,X,X,D,0,0.40408762600637815,0.6837518334228104,0.6652153076119363,0.38990956722638054
441,19,X,X,D,1,0.4057419808782902,0.7250595747275607,0.6709570458654918,0.36600379490706847
442,0,X,X,D,1,0.7374591365688463,0.6228972198912057,0.5723630359198207,0.3183850519797008
442,1,Y,Y,J,1,0.7134656579923944,0.6139856733596178,0.5692909470074157,0.30543597159391606
442,2,X,Y,J,1,0.69502264568794,0.5798468324261561,0.5961252427061697,0.2814310999269771
442,3,X,X,D,0,0.7013453277435978,0.5564848445894084,0.6305044126237346,0.25
442,4,X,X,D,1,0.6560698635902311,0.5640295305614667,0.6141453765562808,0.2632763982968147
442,5,X,X,D,0,0.6486327787966123,0.5121252858879322,0.612052564355169,0.25
442,6,X,X,D,1,0.673798021896529,0.49604826368980576,0.5617566880227778,0.2642647132416325
442,7,X,X,D,1,0.6481828991678656,0.4983506776465294,0.546438571128241,0.3015546819683644
442,8,X,X,D,1,0.6626054887299287,0.5257922385480536,0.537376071963468,0.28136133358418575
442,9,X,X,D,1,0.659344683049275,0.5157597232979618,0.5405987053066624,0.26129058005720246
442,10,X,X,D,1,0.6385822044244343,0.5151582801749149,0.544187025876552,0.25
442,11,X,Y,J,0,0.6164092986445996,0.4992367350975468,0.5197179232949791,0.25
442,12,X,X,D,1,0.6596177735279116,0.5104954997553569,0.5438558668488791,0.27671046838674596
442,13,X,X,D,1,0.6294393170263707,0.5082199295962172,0.5489118932616531,0.28129201099819007
442,14,X,X,D,0,0.6253180054476684,0.5219810875922217,0.5590674557389916,0.30000824216745015
442,15,X,X,D,0,0.6425586758603129,0.5146206511683591,0.5229077856262073,0.33456273623880417
442,16,X,X,D,1,0.5844031109684145,0.5511569322838262,0.5622056568962635,0.35824635344371525
442,17,X,X,D,1,0.5703868163381864,0.5721050293500475,0.5706840598915325,0.3164728387756754
442,18,X,Y,J,1,0.6028913643697393,0.5743028571058049,0.5083053181583066,0.31312443031408704
442,19,X,X,D,0,0.5777960316374443,0.5815952422080601,0.5062752527133384,0.3009858994423079
443,0,X,X,D,0,0.49862240267197483,0.43605324655511263,0.35050220821558,0.5076492529043366
443,1,Y,Y,J,0,0.5173436264726491,0.454085048573079,0.3788050252633804,0.5092094768585569
443,2,X,X,D,0,0.5085001141509655,0.4758029367672393,0.3660277573267672,0.5076133169901456
443,3,X,X,D,1,0.4890540285789898,0.467976656980705,0.35531406864520276,0.5257050817592338
443,4,X,X,D,1,0.5343490478100543,0.45515045867374704,0.3906268820815257,0.5740534353968894
443,5,X,X,D,1,0.5165600806436468,0.4573113360480876,0.39381202390648923,0.5529501731849122
443,6,X,X,D,0,0.544157062605659,0.43775550143067155,0.4611584780986962,0.5466325167890834
443,7,X,X,D,0,0.5048949596982717,0.4399923237833548,0.4908837837935873,0.5549285438473431
443,8,X,X,D,0,0.5000902779490676,0.43362937393142903,0.46129783046282713,0.5536515933690289
443,9,X,X,D,1,0.49676311103887405,0.4211800717292763,0.4861013078157035,0.5015588489597493
443,10,X,X,D,0,0.5178163824856534,0.400304078424231,0.4858194707940513,0.5220599608019654
443,11,X,Y,J,0,0.5147229991501137,0.4102239361340978,0.47955437862397,0.5233897022996332
443,12,X,Y,J,1,0.49502794929345717,0.40827313256168457,0.5255488800630124,0.5534029397020194
443,13,X,Y,J,1,0.5080820532679141,0.409518017914533,0.4901401855344183,0.5624433307573576
443,14,X,X,D,0,0.4812511409174105,0.376500378505087,0.4811784532103515,0.5236740180075817
443,15,X,Y,J,0,0.5063152231380615,0.36649456457491103,0.45972454767015936,0.5410748093367655
443,16,X,Y,J,1,0.5169070448272066,0.3775963918993974,0.4419695892813204,0.5322024401179929
443,17,X,X,D,1,0.4734656744486223,0.36701408259280316,0.4079615559644018,0.5473206054135649
443,18,X,X,D,0,0.4745380093886775,0.3990134929502707,0.4050486957236132,0.5435819284438755
443,19,X,X,D,0,0.46024404310292016,0.36243941461788104,0.4262058137654342,0.5164218699558316
444,0,X,X,D,1,0.6179951039142588,0.4471056741220725,0.6819004515465725,0.6338661583352652
444,1,Y,Y,J,0,0.6202724499695261,0.4185531512474862,0.6951814865797287,0.6580381850673341
444,2,X,Y,J,0,0.6356058967150892,0.38229507179311145,0.7377975937232631,0.6626596355150812
444,3,X,Y,J,1,0.6777913151767769,0.4219754851745451,0.7200464325254456,0.6493046478304494
444,4,X,X,D,1,0.7118569509491364,0.4388537658927609,0.7143568923769885,0.6380021985166344
444,5,X,X,D,1,0.6673655349971169,0.45272906135283336,0.6996500763196859,0.6449300105998244
444,6,X,Y,J,1,0.6782710127829861,0.4827702157577609,0.7265099905455031,0.6435140889483293
444,7,X,X,D,0,0.6868322354265264,0.4707528333807176,0.727168524934423,0.6129119458882619
444,8,X,Y,J,1,0.680865363415577,0.4687547156640257,0.75,0.6209373736737464
444,9,X,X,D,1,0.6853777855392933,0.48302106857714555,0.75,0.6178367062093827
444,10,X,X,D,1,0.7030239134877045,0.4449578522564508,0.7241658718257217,0.6412321042945156
444,11,X,X,D,0,0.6563810754504391,0.4457905448613576,0.74707744944639,0.6296665063010157
444,12,X,X,D,0,0.6755433115092041,0.4350382744212761,0.7293526844689339,0.6705619987795378
444,13,X,X,D,0,0.6511345401349286,0.4754204714336232,0.73387944333908,0.7031958321582243
444,14,X,X,D,1,0.6979442476724598,0.45507335580552943,0.7268711766399063,0.7037290413505186
444,15,X,X,D,0,0.680124251067398,0.4304202436061652,0.7066393319270664,0.75
444,16,X,X,D,1,0.6844565585468252,0.4018260991496582,0.6845205680714251,0.75
444,17,X,Y,J,1,0.7011613601286439,0.4125111237701597,0.7472249045669637,0.7175290909968913
444,18,X,Y,J,1,0.6690853956071705,0.40163015253938866,0.75,0.75
444,19,X,Y,J,0,0.6349559914838185,0.3993968109346677,0.75,0.75
445,0,X,Y,J,1,0.3811456766127711,0.38360105195868993,0.5566482504440462,0.6557186790630117
445,1,Y,Y,J,0,0.3928228931619154,0.34600634282118375,0.5481429633636917,0.7014321270713268
445,2,X,Y,J,0,0.4053074981240453,0.3208080142213014,0.5212539114647247,0.6782505388704734
445,3,X,X,D,1,0.4267511874790001,0.25647121145351087,0.49150864702381397,0.634645263257929
445,4,X,Y,J,1,0.4388171895038998,0.2673531866293047,0.5349442766797948,0.608185914076355
445,5,X,Y,J,1,0.4115053171310217,0.2677545263895395,0.46873198955484163,0.6072180720673188
445,6,X,X,D,0,0.4148724571208349,0.2936416962573343,0.41980212818521934,0.6109753356236204
445,7,X,X,D,0,0.3972941581330693,0.2998395554856957,0.4564841240070662,0.6109002637529348
445,8,X,X,D,1,0.3996111235204233,0.2820488690834945,0.4650432467818494,0.6176458743182777
445,9,X,Y,J,0,0.4052092331474439,0.27581002373784297,0.5006511881081877,0.6436697519579127
445,10,X,X,D,0,0.4045964243384941,0.29881309309514903,0.5000270302424564,0.6710272599718956
445,11,X,X,D,0,0.44251194330300153,0.3113340749123299,0.48989766318625394,0.685297820739892
445,12,X,Y,J,0,0.4382002562490793,0.3204870624583143,0.4952752536152691,0.6659023364919453
445,13,X,X,D,1,0.3965807460472974,0.3074728188087109,0.5304348386344901,0.6794849762884075
445,14,X,X,D,1,0.42133649978719195,0.33666658093160784,0.5414550313381123,0.6610766356371086
445,15,X,Y,J,1,0.4422925590467002,0.3540478678436378,0.5829577519585196,0.6883552707215775
445,16,X,Y,J,0,0.45241100154648006,0.32769580927061104,0.5934417467446692,0.6891922386562962
445,17,X,X,D,0,0.4146965877956922,0.35804183205108003,0.5997509934631595,0.7304333691676792
445,18,X,X,D,1,0.389347114015981,0.36290892638665156,0.5899008483532303,0.75
445,19,X,Y,J,1,0.3980134615565734,0.3297506957057882,0.5900702539319096,0.75
446,0,X,X,D,1,0.27404632878699375,0.5539148469779034,0.5741437935782421,0.6588968410559976
446,1,Y,Y,J,0,0.290590719635003,0.548542487056518,0.5895598034827906,0.7088636756416706
446,2,X,X,D,0,0.3076675081068015,0.5260557005017349,0.6147784895084065,0.6788186550988605
446,3,X,X,D,1,0.28023489886454916,0.51361517564015,0.6418272185366672,0.6695560250126124
446,4,X,Y,J,1,0.2915007529384843,0.5442798536937647,0.6299755734462924,0.6885956885383702
446,5,X,X,D,0,0.28959933314258274,0.5544287582036507,0.6300943776273372,0.7073449259145055
446,6,X,X,D,0,0.31512536332194746,0.5894708619836135,0.6660044474356949,0.6883641116665252
446,7,X,Y,J,1,0.33320567775543447,0.606131868413395,0.6255106090535701,0.6747234962858227
446,8,X,X,D,1,0.3419309861089593,0.6044833443437392,0.5982707654557918,0.6660623805961577
446,9,X,X,D,0,0.3192217147257533,0.6611073729163124,0.6146435596391789,0.672271536822648
446,10,X,X,D,0,0.32632794610367305,0.7011567242803824,0.634950734363356,0.6873643056505596
446,11,X,X,D,1,0.32670618166403625,0.6740803437193887,0.5997395273760129,0.6902548385862894
446,12,X,X,D,1,0.3383840777012099,0.6831740027775125,0.6094590090349783,0.7038033036817362
446,13,X,X,D,0,0.3367089680210063,0.6907655112373619,0.6407155095452989,0.7208723241804358
446,14,X,X,D,0,0.3556473202854392,0.6703489260579444,0.6672534143979315,0.7023801513560236
446,15,X,X,D,1,0.3750815848081123,0.6556327872857997,0.6707001955225269,0.7380452901023102
446,16,X,Y,J,1,0.4080390114220302,0.6262417134071766,0.6513710656945745,0.7486135104807938
446,17,X,X,D,1,0.39591996134751933,0.6137531811005745,0.6201386734982526,0.75
446,18,X,Y,J,1,0.36830471349836424,0.5913125003619821,0.6339483919934896,0.75
446,19,X,Y,J,0,0.4114029776420198,0.5981078359623674,0.6128650566317155,0.7444749256390528
447,0,X,X,D,1,0.5916365853605997,0.6498126131061117,0.39195366253237657,0.3983584361162239
447,1,Y,Y,J,1,0.5888267478009779,0.6535719693438418,0.3930055091179952,0.4000525552198972
447,2,X,X,D,0,0.5893369748412374,0.6095461433575917,0.38096023406239726,0.41761837574690513
447,3,X,X,D,0,0.5964729220238363,0.615248038565169,0.3649340578299653,0.453331337430132
447,4,X,X,D,0,0.5913355616809205,0.5781115779031343,0.37110687680072124,0.46106184206621376
447,5,X,Y,J,1,0.5876711729850123,0.5683219689352547,0.3230774369986016,0.46382921200022115
447,6,X,X,D,1,0.5791786939149254,0.5828361092429738,0.326658072794535,0.46761514886255146
447,7,X,X,D,1,0.5845447006622471,0.6004652204606686,0.35769355353718973,0.47598284616128456
447,8,X,X,D,1,0.5921659900530922,0.599861594851138,0.35281344700069567,0.508889488786767
447,9,X,X,D,1,0.6163458391024161,0.6055336397200854,0.379046839054786,0.5000606418873763
447,10,X,Y,J,0,0.6076477647611884,0.6111578690854099,0.379360551983865,0.49690105523652434
447,11,X,Y,J,0,0.5961512038388378,0.6377853733317917,0.4295280527554481,0.48037203840019155
447,12,X,Y,J,1,0.6215494843419086,0.645202376397584,0.49712249120819596,0.47773422490496115
447,13,X,X,D,0,0.6262911456491137,0.6541815805609432,0.5126203429921604,0.5070212517830864
447,14,X,Y,J,1,0.6155777187982429,0.6451054116646571,0.4973379725163027,0.49681483634357726
447,15,X,X,D,0,0.6133270552935983,0.6380330642906926,0.49634013677557565,0.45335538165085154
447,16,X,Y,J,0,0.6233943927561799,0.6068080725229483,0.4424606008647278,0.470520786298706
447,17,X,X,D,1,0.6347024847851389,0.6225475662354778,0.42591597217855026,0.4558023407529206
447,18,X,X,D,1,0.6335454803122207,0.6313399017898021,0.4541180957814427,0.43956767120208484
447,19,X,X,D,0,0.5808609577255943,0.6790217013859798,0.4460003300045661,0.39788354231166895
448,0,X,Y,J,0,0.5666855255431613,0.3591504398394838,0.29419755686953725,0.44557455937176976
448,1,Y,Y,J,0,0.5240290565682554,0.34207867268093467,0.267258490942922,0.465261238546989
448,2,X,X,D,1,0.49408729974226234,0.30079794686045735,0.2697446786796686,0.45111483677344777
448,3,X,X,D,1,0.5231270059821408,0.3223014581937749,0.25,0.4887975916240638
448,4,X,X,D,1,0.4963022262005551,0.31692358040152463,0.2847534790866529,0.4774143727473368
448,5,X,Y,J,0,0.5144402689941263,0.3689411067219027,0.2767597820797409,0.4757111843570877
448,6,X,X,D,0,0.4871197054781142,0.3927294775767733,0.2585159421558501,0.47408321171699036
448,7,X,X,D,0,0.5008318736659182,0.36612891326731095,0.26385645101894223,0.43418354935810144
448,8,X,Y,J,0,0.5419478843417327,0.3378443461949567,0.25,0.4040335382699684
448,9,X,X,D,1,0.5342754775509454,0.34454055290979685,0.29069843288288566,0.4693205269704904
448,10,X,X,D,1,0.5084874477768005,0.3072166487209112,0.27137041616092267,0.5117900168706848
448,11,X,X,D,0,0.5412903240036924,0.3684797956063972,0.2794461525517597,0.4779266604590572
448,12,X,X,D,1,0.5268844455090347,0.3623063698985789,0.2769087734056984,0.48755374972928794
448,13,X,X,D,1,0.5560932596308151,0.3416361466297634,0.2579436899255069,0.5115605850677432
448,14,X,X,D,0,0.5373651695098135,0.3187150514632982,0.28058329452049097,0.5133130425369865
448,15,X,X,D,0,0.5521460042208841,0.31348483335487565,0.2838999134025641,0.4784910687606002
448,16,X,X,D,1,0.5452168927933365,0.35364485965223985,0.2885655175602223,0.4861194157746214
448,17,X,X,D,1,0.57102590082651,0.30810302623145913,0.3042223664130828,0.5340112635339441
448,18,X,Y,J,1,0.5955625676737222,0.26451607245109493,0.2929568436084722,0.5515797357267906
448,19,X,X,D,0,0.5888918405673814,0.2541394498160569,0.2774820927065452,0.5291599567781932
449,0,X,X,D,0,0.715896843721293,0.6163051228495886,0.6233549182592445,0.44394732294627975
449,1,Y,Y,J,1,0.6894833074795825,0.6353664486480827,0.6143854312809335,0.4203436063243333
449,2,Y,Y,J,1,0.6630991218137299,0.648921841520597,0.5882517873655575,0.4468827869587402
449,3,Y,X,D,0,0.6940430783825204,0.6513060189492815,0.59700125491944,0.4700697843117501
449,4,Y,Y,J,1,0.6966962120558938,0.6225526214735972,0.5832481579837274,0.4173043904694903
449,5,Y,Y,J,1,0.7019442986739183,0.5765305726854498,0.5771929734360222,0.4401580282264596
449,6,Y,X,D,1,0.6999060575963253,0.534264860620021,0.565379982267843,0.4794589029873298
449,7,Y,Y,J,1,0.6868157294917925,0.5197031947335155,0.571795807030178,0.4651620336737748
449,8,Y,Y,J,0,0.7046854370644811,0.45394218390806407,0.5974439306285512,0.4749994153545503
449,9,Y,X,D,1,0.6962959598476527,0.44279886765707005,0.5988627582708119,0.503958464842888
449,10,Y,Y,J,1,0.6649925668865106,0.43085894846706396,0.5979302909579343,0.4820939807002659
449,11,Y,Y,J,0,0.6773933540986024,0.40923187996212634,0.5504710199913702,0.45811254553139563
449,12,Y,Y,J,0,0.6682747574102444,0.37196059140785737,0.5453083344516146,0.463404114986777
449,13,Y,Y,J,0,0.624391165341373,0.39227708481794643,0.5867248519311652,0.47505864740641407
449,14,Y,Y,J,1,0.6392141900322265,0.4006694570447855,0.5587566216129904,0.46274836068336955
449,15,Y,Y,J,1,0.6652520087337567,0.4114497030801616,0.5710608900960602,0.4645616795096851
449,16,Y,Y,J,1,0.6453049714522003,0.39872633754708536,0.5602584338503535,0.4354091907873207
449,17,Y,Y,J,1,0.6431310030969523,0.3958656276191448,0.5872934969682304,0.4179049984233093
449,18,Y,Y,J,1,0.6754386593952596,0.39248599978988885,0.5834077435068282,0.4159150723117967
449,19,Y,Y,J,1,0.6180897669848069,0.4090579946308013,0.5929126255174444,0.4361505011194396
450,0,X,X,D,1,0.6567527022803158,0.5783161545361066,0.6217516030257628,0.6277660148886399
450,1,Y,Y,J,0,0.6388270330435921,0.561471422706953,0.5970492107109596,0.6138829528909413
450,2,X,X,D,0,0.6456336326855889,0.5729427549398048,0.5948148367365245,0.5933429981303576
450,3,X,Y,J,1,0.6428318434449883,0.5835643877288543,0.5792324272156872,0.6101120897803467
450,4,X,X,D,1,0.6460209813698223,0.5768499426486284,0.6100805819456102,0.5937511042472585
450,5,X,X,D,0,0.6506062213164852,0.5988090307869364,0.6423444777082213,0.592663630062373
450,6,X,Y,J,1,0.6650419714451681,0.5666618998726132,0.7049218395737858,0.5865232001706447
450,7,X,X,D,1,0.6835324349492934,0.5010407962873844,0.7387851341534216,0.5567743444551609
450,8,X,X,D,0,0.6494422522797411,0.4703629409028132,0.7225073767208656,0.5639278486714498
450,9,X,Y,J,1,0.6372032673375834,0.49306346560889414,0.6946047261143702,0.5610372755769496
450,10,X,X,D,1,0.6458649914254624,0.49064108049698457,0.7326127130641478,0.5825549374285698
450,11,X,X,D,1,0.6067230961248814,0.4858895738125183,0.7404364886411766,0.6073653108753382
450,12,X,X,D,1,0.6188650367543903,0.5139258919081596,0.75,0.5546485850263329
450,13,X,X,D,1,0.6011123001534567,0.5190675416697177,0.75,0.517627580326677
450,14,X,X,D,1,0.599412422432017,0.5183019835880127,0.7260924197904514,0.5378158555794217
450,15,X,Y,J,0,0.6639287677431703,0.542279120063068,0.6864210998329007,0.5454142751723502
450,16,X,Y,J,1,0.656989245421804,0.5761205260390978,0.6965504411150918,0.535715816077679
450,17,X,X,D,1,0.7013440876771869,0.5664963658776354,0.7016811526048602,0.5104135223567399
450,18,X,Y,J,1,0.6651255486505376,0.5541041784196638,0.7159821958037508,0.4805722245746295
450,19,X,Y,J,1,0.7029023066266119,0.5385474771949805,0.7129675245232298,0.4669394368107656
451,0,X,X,D,1,0.6997349671869726,0.49480793489113684,0.6256893241253352,0.3405559331886874
451,1,Y,Y,J,0,0.7448212165126225,0.48216401910392703,0.6298359902969871,0.3198856430159932
451,2,X,Y,J,1,0.7246054565204545,0.5007309908963347,0.6332854400020949,0.33834367071471994
451,3,X,X,D,0,0.6874900699993031,0.5037151786866997,0.6414442670378043,0.35895047266905883
451,4,X,X,D,1,0.6783396660104025,0.4675080275475489,0.6447078756637007,0.3626752382028142
451,5,X,X,D,1,0.6661949694131284,0.4967495881221867,0.669921251307226,0.39855397323820074
451,6,X,X,D,0,0.6012371248992632,0.5132306298137399,0.6876637288786883,0.40277085572982446
451,7,X,X,D,0,0.5774625873344486,0.4898286893427272,0.6871284155265632,0.44339233386301713
451,8,X,Y,J,1,0.5988305051503635,0.48984927068097656,0.6746778935937995,0.39546462088012363
451,9,X,X,D,1,0.6095905300198851,0.5197828215525334,0.6977228261955002,0.3832131194038126
451,10,X,Y,J,0,0.6007737960195215,0.5055180339134597,0.7309018742787458,0.38431669414164676
451,11,X,X,D,1,0.6131823827661876,0.5418285544937862,0.7258061967758236,0.3407741058692278
451,12,X,X,D,1,0.6070467598103101,0.5718647692280531,0.75,0.35562036450937323
451,13,X,X,D,0,0.6228040264724315,0.5606996629624337,0.75,0.343377687526317
451,14,X,X,D,1,0.6223268761008474,0.5460001864379228,0.7267368949426125,0.344435833578309
451,15,X,X,D,1,0.6302322030932574,0.5301156187342423,0.75,0.3000676994583329
451,16,X,Y,J,1,0.659040466878226,0.5051261422333385,0.75,0.25268641291309424
451,17,X,X,D,1,0.6688937697989782,0.4814503095353583,0.75,0.27023206016972223
451,18,X,Y,J,1,0.6596408763581083,0.49055617209432095,0.75,0.28294674495013367
451,19,X,Y,J,1,0.6687738368621446,0.5379603764794171,0.75,0.29582214790662315
452,0,X,Y,J,0,0.4327511567765843,0.3997655754367685,0.3458931370588554,0.28842719940996275
452,1,Y,Y,J,0,0.46048398780759253,0.4242706838403519,0.34216089595991794,0.2614882142094658
452,2,X,Y,J,0,0.48011176153423524,0.40486265966166735,0.31766271633002785,0.2675429886866058
452,3,X,X,D,1,0.46844500250578835,0.45552474825398687,0.31931848155268633,0.29780326257742984
452,4,X,X,D,1,0.43199120638676053,0.43479826717731385,0.3012576571588165,0.30006140809445764
452,5,X,X,D,1,0.47327496259985574,0.4826349403721825,0.25755389447853927,0.3282030026303383
452,6,X,X,D,0,0.48126529459959483,0.5003250784963211,0.26081038801024525,0.3240917037429667
452,7,X,Y,J,0,0.4542422986647634,0.5205879920781652,0.2635444576946598,0.33218874811944143
452,8,X,X,D,1,0.44371961944689303,0.5386447009594103,0.29208326924016226,0.32005143604936676
452,9,X,X,D,1,0.4498985220500775,0.5519459128411619,0.26182412588536735,0.30238786138218793
452,10,X,X,D,0,0.44840160463464435,0.5213184585146057,0.26568958437499657,0.2859175422508787
452,11,X,X,D,0,0.4153230507879285,0.5206108167323605,0.26919749529617176,0.2929824325657112
452,12,X,X,D,1,0.42676226407784495,0.5141395409776024,0.2695909897958232,0.25523130057859994
452,13,X,X,D,1,0.4414844543856893,0.5176852524431063,0.31831749140576,0.25
452,14,X,X,D,1,0.40232895390023304,0.5062118950953721,0.3302190755508871,0.25
452,15,X,X,D,1,0.3455542312054376,0.5225823262372143,0.3106536646093317,0.2859988278172686
452,16,X,X,D,0,0.3452866887880568,0.5208015582370382,0.2925251453361337,0.31052895532158176
452,17,X,Y,J,0,0.3419996376944578,0.5051504853297305,0.2637979972409137,0.32218578271009707
452,18,X,X,D,1,0.33566800958418014,0.49400864869156813,0.2565418934763202,0.3288114345319067
452,19,X,Y,J,0,0.33383729402004464,0.506114083680806,0.25,0.3514888606137981
453,0,X,X,D,0,0.5973394158629879,0.36708341475856077,0.47571376523649694,0.4310160853813276
453,1,Y,Y,J,0,0.5901282882478023,0.3680439401042614,0.49413313757181304,0.40987902857200725
453,2,X,X,D,1,0.5565174004111941,0.34754411601838736,0.46282665301277315,0.4259956685978427
453,3,X,X,D,0,0.5102704282153415,0.33109515806079126,0.47882118118778405,0.4562648782664494
453,4,X,Y,J,0,0.527016984378961,0.32440815713220894,0.48548061470314,0.41193914080986943
453,5,X,X,D,1,0.5515801284719947,0.34991217136055236,0.4531315637852041,0.4062966203348361
453,6,X,X,D,0,0.5687745703116616,0.36377174601688456,0.45474140963900456,0.4063171127411518
453,7,X,X,D,1,0.5212042027335076,0.38297286664820823,0.4796625883555396,0.3887587396767895
453,8,X,X,D,0,0.5282944956938522,0.4040179940269081,0.4927289934069604,0.35784588303104553
453,9,X,X,D,1,0.525949233934521,0.3931962311045664,0.4670228568623407,0.38266729412103156
453,10,X,X,D,0,0.49856820591479534,0.37453166116811093,0.4821057126234312,0.35746966598583413
453,11,X,Y,J,0,0.5048443454696145,0.3138366126757822,0.47365995158986113,0.3848161098141915
453,12,X,X,D,1,0.5069668816518379,0.2973797387381252,0.49436615536033374,0.3793312835747367
453,13,X,X,D,1,0.5166160911142827,0.26012406451465764,0.48048865388191697,0.3583185622350529
453,14,X,X,D,1,0.48903884800522185,0.25,0.44312653707021077,0.3074277045060513
453,15,X,Y,J,0,0.46804913257718317,0.2700359479091129,0.4527123251670216,0.29808556493935146
453,16,X,X,D,0,0.44892228460080563,0.29872941359720906,0.41375501535548165,0.30442797500271096
453,17,X,X,D,1,0.43939485565353237,0.32219119154873727,0.4104664270846253,0.25782698141740373
453,18,X,Y,J,0,0.4936763101677197,0.2966298438375178,0.3982737922313053,0.29570751714979915
453,19,X,X,D,1,0.47329513446383237,0.3335287732024911,0.3733832256196149,0.2919197156568692
454,0,X,X,D,1,0.7005842642604793,0.40044499515750165,0.30621103779419817,0.6194984382868343
454,1,Y,Y,J,0,0.734842133228132,0.4412842553020595,0.3314112842794485,0.6287261475943944
454,2,X,X,D,0,0.75,0.42244677316997475,0.3344274635191795,0.6440499172224947
454,3,X,X,D,1,0.7371484478368554,0.3843906390837887,0.3046460538127506,0.6006447937154505
454,4,X,X,D,1,0.7169586991440273,0.38731951241220003,0.2897353261198385,0.6430154149675453
454,5,X,Y,J,1,0.6756061253328298,0.3465683180667406,0.2837832049160646,0.6716188565534983
454,6,X,X,D,0,0.7199382335164896,0.3224171979632127,0.27713979857369114,0.710424678121124
454,7,X,X,D,0,0.710316163600387,0.2849066999963461,0.26526446559913525,0.7155159247762228
454,8,X,X,D,1,0.6989774646887698,0.2630743265782146,0.2794705186874361,0.6778511309673259
454,9,X,X,D,1,0.7018244525875591,0.2805061515439638,0.27968739890339583,0.6487328677556701
454,10,X,X,D,1,0.7347692453266309,0.32205438426637206,0.28858951558866525,0.6525073259869295
454,11,X,Y,J,1,0.7055920641213449,0.3580805062267621,0.3327932202025035,0.6965507855129899
454,12,X,X,D,0,0.6838698541979622,0.36173308214892425,0.35487071374136053,0.7379408235990917
454,13,X,Y,J,0,0.7044219551602613,0.37904786770390153,0.33436661119150823,0.75
454,14,X,X,D,1,0.7455970673684781,0.3681810808273543,0.30716848421192566,0.7126787435761229
454,15,X,X,D,1,0.75,0.39178311984778375,0.33740654422297894,0.7454234187493893
454,16,X,X,D,0,0.7251189286905538,0.36132791506908435,0.3088254764836392,0.75
454,17,X,X,D,0,0.726026950577662,0.33984915932782345,0.31582422985751807,0.7432171381237489
454,18,X,X,D,1,0.7025308284613963,0.3106712936054643,0.2963146687832342,0.7490988449808526
454,19,X,Y,J,0,0.6909191277915907,0.29008689163398865,0.3396269552094324,0.7350701050541081
455,0,X,X,D,1,0.48533709916502865,0.5509752096116787,0.6671209555018509,0.5640590393904652
455,1,Y,Y,J,1,0.44640431835491634,0.5560331047508524,0.6447105308618483,0.5674012211020346
455,2,X,X,D,1,0.4704908757616715,0.5549480693081855,0.6476631523095686,0.5693413497158478
455,3,X,X,D,1,0.49119933013064304,0.5707232529235399,0.6010029110758337,0.55784331628903
455,4,X,X,D,1,0.5136324594610746,0.5436649847315987,0.597518117805305,0.5169348996670434
455,5,X,X,D,1,0.45717381603127455,0.49846922888562106,0.5855316618447942,0.5461885280795139
455,6,X,X,D,0,0.4441703993627187,0.5083273701798793,0.5522188635892368,0.5350779905245148
455,7,X,Y,J,0,0.44214939918161517,0.5120541586023821,0.5364681591014743,0.5274554955273378
455,8,X,X,D,1,0.4533663964678266,0.4764578984090581,0.5536461439825835,0.5129493084205874
455,9,X,X,D,1,0.45927128594123373,0.4927168288821015,0.5304856371678495,0.5137870221162438
455,10,X,Y,J,0,0.44433829207714626,0.4674084803498794,0.5181365962892568,0.5433281069790671
455,11,X,Y,J,1,0.4739333370348138,0.46948741412503636,0.5515761132938042,0.5457893463934362
455,12,X,X,D,1,0.4648690262610187,0.5073105163925197,0.5630076807179271,0.5516415099517408
455,13,X,X,D,0,0.43650058051423496,0.5501114832955277,0.5781582873405806,0.542415588528259
455,14,X,X,D,1,0.4752462406614826,0.5080447290247855,0.5676985880086853,0.5488263573510087
455,15,X,X,D,1,0.4791771535257637,0.481299395600537,0.5534042043693379,0.5336562619389044
455,16,X,X,D,0,0.45754995799088605,0.4843370333815983,0.5602203296294503,0.5955902290564298
455,17,X,X,D,1,0.4958482765178952,0.44767546179027895,0.5551358309542472,0.5850419717134494
455,18,X,X,D,0,0.4811465984285587,0.457056654940776,0.5320759993937795,0.5587779322273947
455,19,X,X,D,1,0.432431320437591,0.4159283224585577,0.546332682717347,0.523350419121693
456,0,X,X,D,0,0.7181314240733498,0.7322803607601598,0.6632031646686453,0.4623033745407695
456,1,Y,X,F,1,0.7494781180174226,0.75,0.6757114799073319,0.4311304485673743
456,2,Y,Y,J,1,0.7252282158965148,0.75,0.6797750215915458,0.45566327791998157
456,3,Y,X,F,1,0.731895950424801,0.75,0.6512504851786497,0.4386131999286505
456,4,Y,Y,J,1,0.6962522364243982,0.75,0.6883869459506875,0.4701871768901781
456,5,Y,Y,J,1,0.6548920810412255,0.7497012695777492,0.6846231799591375,0.43712358303729687
456,6,Y,Y,J,1,0.6207376970254315,0.7141298406194981,0.6903590077322053,0.38754995448720314
456,7,Y,Y,J,1,0.6236144969067304,0.7229993502366319,0.680357570497178,0.3736994719068894
456,8,Y,X,F,1,0.5836715801539613,0.7439743362739734,0.6579973119744369,0.35159900411322464
456,9,Y,Y,J,0,0.624871572411464,0.75,0.6602542328044013,0.34438349625291276
456,10,Y,X,F,1,0.6043244823374779,0.7395694658217996,0.6677074103564845,0.3431324343292222
456,11,Y,Y,J,1,0.6573788593116574,0.7006537779393036,0.6997018268695269,0.33511680253078474
456,12,Y,Y,J,0,0.6378180234349207,0.7084268721302968,0.6955129915546701,0.40095948669498394
456,13,Y,Y,J,1,0.6333939633942919,0.6454816805724511,0.6794376867788036,0.36802224075680967
456,14,Y,X,F,0,0.6050924646087069,0.6539767382574062,0.6756854731743871,0.33734193641199944
456,15,Y,X,F,0,0.6226639534211457,0.6418602286842224,0.60082518824399,0.32009878488322124
456,16,Y,Y,J,0,0.6352630239181588,0.6132870954194777,0.5700568326989253,0.3241904024661436
456,17,Y,X,F,0,0.6168091799395286,0.6384830362462858,0.562375074149705,0.33076731471478277
456,18,Y,Y,J,1,0.6045788384894656,0.6403030395862853,0.5350754376212157,0.36029433839821046
456,19,Y,X,F,1,0.6031313897907777,0.6295572045474489,0.500812603025608,0.326860394625691
457,0,X,Y,J,0,0.5127096014747383,0.3422124029866738,0.600784629039895,0.4885401020239461
457,1,Y,Y,J,1,0.5126801020102643,0.31661942570570706,0.6330669053162891,0.4862759196573124
457,2,Y,Y,J,1,0.4906764434514471,0.3393655138531161,0.6334199772815571,0.4915971536398858
457,3,Y,X,D,0,0.4964909744183388,0.3375896919880034,0.6490305729472907,0.5113928359439938
457,4,Y,Y,J,1,0.4874063451897498,0.3662071420891937,0.667602263650331,0.5045371239726545
457,5,Y,Y,J,1,0.47739523118350313,0.340628258321636,0.6559821603297904,0.531314972599627
457,6,Y,Y,J,1,0.46636869245559753,0.3381351865960304,0.6507595653755095,0.5251976896133296
457,7,Y,Y,J,0,0.4844189151054699,0.3740467238431299,0.6454775161236184,0.5204809191363848
457,8,Y,Y,J,0,0.46504314174438754,0.3844098541981953,0.6612384681056651,0.5253769704080348
457,9,Y,Y,J,1,0.44932362348082316,0.35452721056934006,0.6441358731793175,0.4972335997116332
457,10,Y,X,D,0,0.47982982541289854,0.3577360364079319,0.6322800185195783,0.549325197708137
457,11,Y,Y,J,0,0.49345821806767687,0.34882895714637424,0.634064026155887,0.5576418683675562
457,12,Y,Y,J,1,0.4901673146344751,0.29093830068815574,0.6753101459582855,0.5494594231147842
457,13,Y,Y,J,1,0.5072654819979423,0.2865724064233914,0.6630081492225209,0.5729048787499631
457,14,Y,X,D,0,0.501460027256572,0.28093280359296907,0.6450066148385498,0.6042636887111402
457,15,Y,X,D,1,0.4687430946792073,0.2640335260006501,0.6594158791972652,0.566210873044913
457,16,Y,Y,J,0,0.4605551729718738,0.26004281556313635,0.6677350363557595,0.5715769636030741
457,17,Y,Y,J,0,0.4632707896037663,0.26572498053200855,0.6980092811166946,0.5696739588267118
457,18,Y,X,D,0,0.48736978385097024,0.2808597420163946,0.7288838708865362,0.5846320215621312
457,19,Y,Y,J,0,0.44168114611133535,0.2511522587432817,0.6978358407975825,0.5811082339676721
458,0,X,X,D,1,0.3548646964596606,0.3827068867564665,0.26917979426869404,0.5460009392912144
458,1,Y,Y,J,0,0.38050730827396184,0.3710928023436615,0.2807889977287616,0.5365010693184262
458,2,X,X,D,0,0.38678686576075877,0.38753502576640936,0.25,0.5257163665484063
458,3,X,X,D,0,0.4306101661264413,0.40725548278966917,0.26780887372142875,0.5330315380090136
458,4,X,X,D,0,0.45374219427314827,0.4466243229741918,0.25866432984492216,0.46500114453671465
458,5,X,X,D,0,0.4571491361800283,0.4831794444405382,0.25,0.4344718061453859
458,6,X,Y,J,0,0.4348742411159582,0.5031171386549044,0.25,0.4476393907659246
458,7,X,X,D,0,0.41721650868813315,0.5422314645150351,0.2617785056823786,0.41323687616581983
458,8,X,X,D,1,0.37906991411483126,0.5178444113819295,0.2565235240915906,0.3954784868703388
458,9,X,X,D,1,0.40512259913856935,0.5048046770788515,0.25420901943526913,0.40126667264366045
458,10,X,X,D,1,0.4623417500483428,0.4942257045849294,0.25,0.3976359458421965
458,11,X,X,D,1,0.49361894415460406,0.4997537025308102,0.25,0.419548701397434
458,12,X,Y,J,1,0.5125702581157812,0.5404182763087803,0.25,0.37140531633515184
458,13,X,Y,J,0,0.5507791531865386,0.5667597375024129,0.25,0.3366620979757296
458,14,X,X,D,1,0.5853579455179245,0.5663103841187014,0.2569209433692844,0.33901105827583566
458,15,X,X,D,0,0.557161099903795,0.5896450305303232,0.25,0.3092159172419142
458,16,X,X,D,1,0.5626327380149282,0.5772423154863083,0.26609714224508857,0.34926736131223335
458,17,X,Y,J,0,0.5885949106094284,0.5838606848519238,0.26350450517020235,0.3635399095014909
458,18,X,X,D,1,0.6008253121164316,0.5470158492101593,0.2744447954321043,0.37589262287427627
458,19,X,Y,J,0,0.6151851972172895,0.5724070109804033,0.276544652786287,0.4391775553034034
459,0,X,Y,J,0,0.4428012020148891,0.7429665126096818,0.4041733274976827,0.616358782343408
459,1,Y,X,D,1,0.4581420102534614,0.747598775282994,0.39668484215926125,0.6553252760590885
459,2,X,Y,J,0,0.4613929623058504,0.7303950533861782,0.387255063995595,0.6813809548830562
459,3,X,X,D,0,0.44266314899455894,0.7363489174243608,0.43827293519307164,0.7086946342134276
459,4,X,X,D,0,0.41394091489220486,0.7346103084139269,0.40401117878911885,0.70135125013649
459,5,X,X,D,0,0.47411777940445127,0.6762672501357326,0.39590815108218536,0.6308276440237595
459,6,X,X,D,1,0.48234997922339795,0.6528066044035695,0.3881662652213117,0.6306886592617161
459,7,X,Y,J,0,0.4911893927516856,0.6305961550478792,0.3775407230482201,0.617423237930163
459,8,X,X,D,0,0.5063565796426682,0.6453748435373476,0.3929980702466046,0.651117781336439
459,9,X,Y,J,1,0.4932195235152232,0.6385358268312225,0.39522090332622245,0.6862594359953766
459,10,X,X,D,0,0.457126817949502,0.6563278731782767,0.40300363033343234,0.6645852885819761
459,11,X,X,D,0,0.4542416299107014,0.6751955712802057,0.3621266820514347,0.6586367510843116
459,12,X,Y,J,0,0.4485834797231621,0.6539776486191097,0.3471504920397973,0.680186382576762
459,13,X,X,D,0,0.46613435310746076,0.6151162099666289,0.3838780284579003,0.7150130966107767
459,14,X,Y,J,1,0.49219810536360775,0.5784194334187535,0.41465180560095116,0.7185669972147632
459,15,X,X,D,0,0.44517631532204804,0.6018403197258796,0.40448828916987956,0.6988751961246848
459,16,X,X,D,0,0.4212058954449494,0.5517271407790691,0.4012884545585679,0.713826011388486
459,17,X,X,D,1,0.4548368474422306,0.5014586584541668,0.380174696223719,0.6662346547425291
459,18,X,X,D,0,0.4208364889702014,0.5085388647016915,0.38812486290473097,0.6788344123986128
459,19,X,X,D,0,0.3545988873835251,0.5215125954043706,0.35551213303368545,0.7152431315323559
460,0,X,X,D,1,0.2516903927283227,0.5103736602978411,0.5697114348923746,0.6571631931904905
460,1,Y,Y,J,1,0.25,0.4974013402112661,0.5841225110802183,0.6580712891567331
460,2,X,X,D,1,0.25,0.5121842267274541,0.6038196477437227,0.6627727896403445
460,3,X,X,D,0,0.25,0.4954633331379644,0.578692647821314,0.6584109834226568
460,4,X,X,D,0,0.25,0.47934106662296355,0.5840154556848003,0.6471846198097215
460,5,X,X,D,0,0.2710016385369571,0.46366608587611063,0.5735137915189508,0.6566540056498726
460,6,X,X,D,1,0.29992718002479724,0.45884714384795083,0.58439646351502,0.6795846069868955
460,7,X,Y,J,0,0.33172362859921134,0.4377305962653071,0.5970564602582056,0.7091539804574776
460,8,X,X,D,1,0.319802922561236,0.47873947535734573,0.5871692978623219,0.6787437563649333
460,9,X,Y,J,1,0.28793892116133357,0.46479461338981565,0.5826183657712973,0.6736835002401642
460,10,X,X,D,0,0.31321311245091954,0.48721464801546316,0.6081689212780187,0.6759621458488088
460,11,X,X,D,0,0.29745545700880965,0.4659745684881825,0.5867343337693443,0.6595164003890832
460,12,X,X,D,0,0.30010020805477094,0.47239740742908837,0.5652335786318189,0.6833704377893368
460,13,X,Y,J,1,0.3306585517628022,0.4704367081984402,0.5626088787408631,0.6940137027219743
460,14,X,X,D,1,0.32476907947009387,0.44527618639940136,0.6012244735105676,0.6480388279679629
460,15,X,Y,J,1,0.3505356456196811,0.49310852789592213,0.5576483155120291,0.6373508819758427
460,16,X,Y,J,1,0.33412803306259403,0.48881934061774923,0.5629917669412845,0.6595543206976926
460,17,X,X,D,0,0.3697512102600278,0.43626222241538387,0.5574552487370401,0.6831091744382634
460,18,X,X,D,0,0.3404255452678123,0.3932863837269988,0.5602336227411977,0.7041693121145044
460,19,X,X,D,0,0.30039146611503764,0.3585821054813468,0.5464827590801271,0.6924281194672002
461,0,X,X,D,1,0.7247860917236439,0.6235421160797796,0.3875624125708469,0.6572545702902968
461,1,Y,Y,J,1,0.7455680918199493,0.6558736084224784,0.37161981726086646,0.7010269882011138
461,2,X,X,D,1,0.716153389719539,0.6858116103706005,0.326864890813491,0.7405818262337213
461,3,X,X,D,1,0.7231547700573457,0.6705245619307834,0.3367102645844359,0.7331210161743361
461,4,X,Y,J,1,0.7029401851126211,0.6302946046461009,0.2983242149669649,0.7218814922777329
461,5,X,X,D,1,0.6684907741386794,0.6339133901510396,0.28066828214021244,0.672676217327575
461,6,X,X,D,0,0.6671632570578191,0.6252016584781549,0.32780706957052186,0.6619431549735253
461,7,X,X,D,1,0.6423221525958133,0.6400737417685606,0.28504270866135717,0.6620258320486447
461,8,X,X,D,1,0.6490247279578288,0.6340916432570133,0.2784831752331947,0.6307983384127883
461,9,X,X,D,1,0.6764831187171657,0.6549295600387147,0.2925719242314147,0.6012032372313839
461,10,X,X,D,0,0.6504830374750512,0.6306479157099478,0.26111860285707467,0.591574662389621
461,11,X,X,D,1,0.6926376920117493,0.6094229646281093,0.26423395767717345,0.5934582738485488
461,12,X,X,D,1,0.7001945678264987,0.6325360560771428,0.25038913445799565,0.6194664428545693
461,13,X,Y,J,0,0.7152659977191156,0.646104189998883,0.28183910463807427,0.60824525602494
461,14,X,X,D,1,0.72744319980804,0.6103704721871159,0.26005244395973426,0.6391818592899403
461,15,X,X,D,1,0.7026651546096565,0.6019295947273479,0.25,0.6725942749919512
461,16,X,X,D,1,0.6714318370425516,0.6393789681398524,0.25,0.6784371820411
461,17,X,X,D,0,0.6760918778060361,0.6777758277578907,0.28422967717658254,0.6756031742620817
461,18,X,X,D,0,0.6550592545975517,0.6620569218331402,0.31782378240453707,0.6563097961062336
461,19,X,Y,J,0,0.6445803508378518,0.6938030063149879,0.32087280551965947,0.6911904668649033
462,0,X,X,D,0,0.6427504237750025,0.5013929817887356,0.5691313472133488,0.43530598322773806
462,1,Y,Y,J,0,0.6561406866421544,0.47977819398116095,0.5017811147193878,0.40234304807637855
462,2,X,X,D,1,0.6571425806733044,0.4824489103717226,0.4874957246691602,0.43743388047707815
462,3,X,X,D,1,0.6584057723419646,0.4882290005684815,0.5066599519158582,0.4421441301846384
462,4,X,X,D,1,0.6739927426993397,0.502080678125106,0.48321912522157284,0.44527282982274635
462,5,X,Y,J,1,0.7074693996466668,0.49587643232648587,0.5383284473455667,0.46090553820282876
462,6,X,Y,J,0,0.7228796837697865,0.4907379758832771,0.511159630877873,0.4734694703834582
462,7,X,X,D,1,0.707581802939511,0.47242467248429615,0.4968905025544752,0.4726347967760404
462,8,X,X,D,1,0.7026618658317283,0.4463973122163526,0.46716797426223605,0.45861109143030765
462,9,X,Y,J,0,0.7077670475955745,0.4169201182896436,0.42731239409255906,0.49799748735925714
462,10,X,X,D,1,0.75,0.42672145339433604,0.4483344506819776,0.49967009094771714
462,11,X,X,D,1,0.75,0.3743798838005066,0.44284627131389825,0.4900163730704426
462,12,X,Y,J,0,0.75,0.40648802248417476,0.445845155666781,0.5250332529129038
462,13,X,X,D,0,0.7421868166267214,0.4031978842206467,0.4928620916324614,0.5091887535465612
462,14,X,X,D,1,0.7223740046654644,0.41352698058770987,0.4753614560400791,0.5209786613784653
462,15,X,X,D,1,0.6884843037459719,0.42366700752987424,0.46654844991692573,0.5156981045826041
462,16,X,X,D,1,0.7292807936323114,0.40527251507764733,0.454279243701989,0.49751631051204437
462,17,X,X,D,1,0.7389312215388083,0.37183166071279294,0.4192607881605859,0.4885373672495521
462,18,X,Y,J,0,0.7425676131408241,0.3441713998762801,0.42132587358988105,0.5410521210351683
462,19,X,X,D,0,0.75,0.37235361913902865,0.4174964429452345,0.5331363638956385
463,0,X,X,D,0,0.31896450526871223,0.3315412700785918,0.39659237457325625,0.562504490693205
463,1,Y,Y,J,0,0.31231756748566303,0.36556051034693027,0.3930772094553993,0.5387653539054542
463,2,X,Y,J,0,0.2930977373782382,0.41873884028839176,0.3939030468493323,0.5444307514516924
463,3,X,Y,J,0,0.31012404593568954,0.3767884304970134,0.36279464840721043,0.5345168541645431
463,4,X,Y,J,0,0.26173251709874024,0.36644756005624973,0.3803724330033451,0.5438427694780735
463,5,X,X,D,1,0.25,0.37088067620365145,0.39040876496331695,0.6035131002259158
463,6,X,Y,J,1,0.25,0.3801859250161177,0.371198562991425,0.6297440128953584
463,7,X,Y,J,1,0.25,0.3518989500782427,0.3746464602141292,0.5887260390222201
463,8,X,X,D,0,0.25,0.33042871917569805,0.4177928171550454,0.5790387420263021
463,9,X,X,D,1,0.2610131441626996,0.35689524158415126,0.4048629650276114,0.5376374942806437
463,10,X,Y,J,0,0.3113413749636028,0.3674412874025415,0.4171803014885531,0.5212486820576934
463,11,X,X,D,0,0.292376389903803,0.3719436757536053,0.39096357330346926,0.4894727069164382
463,12,X,X,D,0,0.31899540936419113,0.3565342103911119,0.38232994685139515,0.5298183833727849
463,13,X,X,D,0,0.3138533450653714,0.3245772022769999,0.4022924676743534,0.5769695348479649
463,14,X,Y,J,0,0.30699302330942313,0.3310369982394208,0.4118428071602635,0.624515018766983
463,15,X,Y,J,1,0.33503651515594074,0.3504653410249958,0.44481457549449555,0.6115096395406461
463,16,X,Y,J,1,0.3773283682271569,0.35375397543084475,0.39865492527477775,0.6132410243951707
463,17,X,X,D,1,0.4076089519908711,0.3688816145614467,0.3776879923886605,0.6063007441987044
463,18,X,X,D,0,0.3561963535976301,0.389422026475468,0.38110455925637293,0.5809856851861441
463,19,X,X,D,1,0.36700244061966464,0.41694906677137866,0.4178045264436041,0.5916143578338368
464,0,X,X,D,0,0.3519605409142455,0.3019393083984089,0.3581882410344219,0.27662923021247465
464,1,Y,Y,J,0,0.3538560627869644,0.282833417727119,0.34966303171483987,0.2758129840703323
464,2,X,Y,J,1,0.358332023937615,0.27588253429350496,0.3549485099492384,0.2605055678443128
464,3,X,X,D,0,0.3521143962882849,0.2622295518288924,0.38270625483349513,0.26421213726150905
464,4,X,X,D,0,0.33596802488279953,0.25469632816196563,0.39890639995145893,0.2778552834867714
464,5,X,X,D,0,0.3521506348150251,0.259152834555434,0.39174095648645646,0.2861226326031865
464,6,X,X,D,1,0.3640579073738906,0.2743851458877514,0.4383393288124246,0.25239663310047344
464,7,X,X,D,1,0.36169571998115446,0.25,0.44938491974255074,0.25
464,8,X,X,D,1,0.40177016807380084,0.25,0.4361353997405379,0.25
464,9,X,Y,J,0,0.3746166875743804,0.25,0.4129836662891113,0.2560893932143363
464,10,X,Y,J,1,0.3454830741821322,0.2706363467110662,0.4036230407758964,0.2659479726867279
464,11,X,X,D,0,0.3452786482805157,0.27359771552765605,0.3615334857799515,0.25
464,12,X,X,D,0,0.31573248870295006,0.2516732042536457,0.3436467768974517,0.25
464,13,X,Y,J,1,0.31094905476897516,0.261879140114103,0.320648221700816,0.28602308758904027
464,14,X,X,D,0,0.2994026856254464,0.2862809012263338,0.3296579197685916,0.2763716106829079
464,15,X,X,D,0,0.28690875854920944,0.25,0.2787009537765945,0.3118407840378802
464,16,X,X,D,0,0.2687089863276575,0.25,0.2787050308703756,0.31157898793511635
464,17,X,X,D,0,0.2970792823790716,0.25,0.270913634197194,0.2807042794646435
464,18,X,X,D,0,0.3500703575081705,0.25,0.26273208801332015,0.2612113196811595
464,19,X,Y,J,1,0.3170094784080766,0.25,0.27459311766041655,0.27575349999005905
465,0,X,X,D,1,0.6582039923895291,0.39964197243615307,0.6896992637461374,0.4337610196070007
465,1,Y,X,D,0,0.6421042340919243,0.36572441991660004,0.6646241386762402,0.4811761031695787
465,2,X,X,D,1,0.6708168863914257,0.3980600244967888,0.654000173713892,0.519775442671143
465,3,X,Y,J,0,0.6462308691681252,0.39427309800445726,0.6585118265139075,0.4895101575825072
465,4,X,X,D,1,0.6328526466807329,0.31596004871734756,0.6337972653158356,0.5081904882660748
465,5,X,X,D,1,0.6513704294580295,0.3214442490934238,0.6398927035935298,0.5095863379133605
465,6,X,Y,J,0,0.6447870409874935,0.2928221115087351,0.6846754746458148,0.47263299609643683
465,7,X,X,D,1,0.6376513280156776,0.30994337896752494,0.6443058658159139,0.47400577069657734
465,8,X,X,D,1,0.5997822927481128,0.31937339484077776,0.6649374875877171,0.46520487758193
465,9,X,Y,J,1,0.536128966494926,0.31893633631892504,0.6792305765194806,0.5065227236468306
465,10,X,X,D,1,0.5282309670986827,0.29057332741040376,0.6976172644769771,0.5186161116790501
465,11,X,Y,J,1,0.5408481749649365,0.29616875957649214,0.7361066492906148,0.5146982293701337
465,12,X,X,D,0,0.5180709853041906,0.32144427470342757,0.75,0.5003305208483069
465,13,X,X,D,1,0.527877844101285,0.3477416095215091,0.75,0.5304802653185453
465,14,X,Y,J,0,0.5431728520595597,0.3723422187438684,0.7343679034602107,0.5350666470605382
465,15,X,X,D,0,0.6052484818452883,0.39517263057707147,0.727607787208936,0.5480707377806642
465,16,X,Y,J,1,0.6165049628444034,0.4107179896336198,0.6932342065023508,0.5479783217356213
465,17,X,X,D,0,0.6127668635933029,0.4112374487172199,0.6975906098759466,0.5748560560855184
465,18,X,Y,J,1,0.5767089491961885,0.4072505015647405,0.6657897937818369,0.58958570485682
465,19,X,X,D,1,0.5797408505999965,0.4152027088967758,0.652704773706944,0.5657905445446041
466,0,X,Y,J,0,0.7482972543606785,0.6492973802602688,0.46822779114960605,0.5755173957379602
466,1,Y,Y,J,0,0.7269758610677236,0.6221009420824029,0.45101567585053537,0.618065690065039
466,2,X,X,D,1,0.75,0.6256766286894175,0.4130475741726558,0.6423987508207634
466,3,X,X,D,1,0.7059476371259767,0.6223620220953955,0.4041843584216082,0.6152780838705334
466,4,X,X,D,0,0.6872994713681494,0.5738447740877449,0.4093253089263399,0.6280362114344546
466,5,X,Y,J,1,0.6943049514989474,0.5547372974540343,0.4170945544178654,0.6004639556686504
466,6,X,X,D,0,0.676871564108902,0.49442424676587343,0.4379537475922571,0.5873191805051072
466,7,X,X,D,0,0.7107138504113721,0.4836872794983345,0.41036112829388727,0.6203933891899388
466,8,X,Y,J,0,0.6956609739370647,0.4476625092350683,0.42116482496260677,0.6339777501383278
466,9,X,Y,J,0,0.6865599197340793,0.4524020495342917,0.40106617816896334,0.6575748453487935
466,10,X,X,D,0,0.685851982703299,0.45409292647255445,0.36470292897021783,0.6808537888767504
466,11,X,X,D,1,0.680956396426367,0.4377953760368336,0.382184577849586,0.7026044866553032
466,12,X,X,D,0,0.6895988666870606,0.4705779812611562,0.380104461098334,0.6844094086303614
466,13,X,X,D,0,0.6987571193191193,0.48575180530320644,0.39898717343174095,0.6458499894516911
466,14,X,X,D,1,0.6956162727185159,0.49265434615842957,0.42445677771433843,0.5946625230888528
466,15,X,Y,J,0,0.7248671626071599,0.4580810790921023,0.4257715129716971,0.5829509312520857
466,16,X,X,D,1,0.6902492984522501,0.4830276558013922,0.39980273540691674,0.575038331263133
466,17,X,X,D,1,0.7066321392610754,0.5046140166142065,0.3832000340207255,0.5536238559964215
466,18,X,X,D,1,0.6704779744397867,0.5366222485567118,0.3655357255725517,0.5606071253603029
466,19,X,X,D,1,0.6507170051731684,0.5168845980714073,0.33512094752502297,0.5723967100800413
467,0,X,Y,J,1,0.36697199688927384,0.4801991211920832,0.4010618920614171,0.4275439176663308
467,1,Y,Y,J,0,0.31613556280376004,0.5059585769193419,0.4338797749577033,0.41592466924729343
467,2,X,X,D,1,0.31126027711466386,0.5083949641389932,0.39651372022307557,0.4272440393997357
467,3,X,Y,J,0,0.34147800430202574,0.5335580778069375,0.3917895109500268,0.4281683034548341
467,4,X,X,D,0,0.35104338145353897,0.5142457008844552,0.39288412560431496,0.4583376505350258
467,5,X,X,D,0,0.390397580990735,0.5356870610227763,0.42212298691689704,0.43142433126595536
467,6,X,Y,J,0,0.38187928824885253,0.5091160697573727,0.3726531648767594,0.4224623882526263
467,7,X,X,D,0,0.3417828450381209,0.49113723239364687,0.39548498127864445,0.43242206801745686
467,8,X,Y,J,0,0.37235593660229177,0.47510788286631156,0.39282341184581715,0.4030046422028935
467,9,X,X,D,0,0.37890960079856645,0.4709175083381702,0.4201665019659649,0.3714524892840544
467,10,X,X,D,0,0.3773737174550633,0.4620258655529577,0.4429861203052904,0.364665903506502
467,11,X,X,D,0,0.3426086450989267,0.46791271998029005,0.4225590842321683,0.3895405085902321
467,12,X,X,D,1,0.3919025750452046,0.4600575760084041,0.44793724195445084,0.3039270897345371
467,13,X,X,D,0,0.36172287542971887,0.44465006572164273,0.40327619748502824,0.30013255953812745
467,14,X,X,D,0,0.40100046973475195,0.4676519412842785,0.3917130467005174,0.28746814372733276
467,15,X,Y,J,0,0.4330850517049247,0.4770217677812062,0.4044333978334336,0.25
467,16,X,X,D,1,0.46535883972914494,0.4776464979467476,0.3781028562783851,0.2781949183325837
467,17,X,X,D,0,0.4460296585345503,0.4764231099705493,0.3358542434524764,0.2670151168480403
467,18,X,Y,J,1,0.4447798250123391,0.4571669859789396,0.32843253874336986,0.25
467,19,X,Y,J,0,0.4533820600893062,0.44760573787772967,0.3060738475764143,0.25
468,0,X,X,D,1,0.5941825939032561,0.3694053523463394,0.6262478319948148,0.46142912735450453
468,1,Y,X,D,0,0.5911277591989905,0.3718490272717101,0.6157734643309563,0.4590910650570813
468,2,X,Y,J,1,0.5801732005305493,0.32766215015597155,0.616286299301177,0.4409478955275776
468,3,X,Y,J,1,0.6366509627669351,0.33045675237293626,0.5900166592141539,0.44483662270162877
468,4,X,X,D,1,0.6197231545016592,0.339695496077386,0.6285894921902572,0.44013153046918063
468,5,X,X,D,0,0.6056191170846422,0.3324084311562627,0.6574323482451989,0.4543522390519536
468,6,X,X,D,1,0.5518790479297153,0.29248535756195304,0.6241031276760373,0.4485375717015768
468,7,X,X,D,0,0.5490589261756305,0.30393053712608187,0.649538738804315,0.42425206112484887
468,8,X,Y,J,0,0.5105879931980285,0.299461920084755,0.6339806124452871,0.3632000042697529
468,9,X,Y,J,1,0.5151636540455057,0.26818439334150285,0.6519431225359171,0.364819713872466
468,10,X,X,D,0,0.49374443422478026,0.25,0.6528231884510078,0.3389853942078722
468,11,X,X,D,0,0.5272011836066438,0.25,0.6883284761627474,0.35785453388269706
468,12,X,X,D,0,0.48194755074502593,0.26597216950705277,0.6961408146255584,0.3712156711934161
468,13,X,X,D,0,0.46218063942176774,0.25,0.7198618702469386,0.38590734783483
468,14,X,Y,J,1,0.43129838186663066,0.25885160756586,0.7062606035615586,0.4247476838678549
468,15,X,Y,J,0,0.37354028208204776,0.25,0.6933887174767239,0.4373865676129312
468,16,X,Y,J,0,0.366547726655924,0.2795038018915715,0.6903817921254671,0.43606511511241075
468,17,X,Y,J,1,0.34743514090352257,0.289433121512099,0.7105744307310846,0.4174258412194259
468,18,X,X,D,0,0.36452943348024336,0.27842878959294504,0.75,0.4311628615269609
468,19,X,X,D,1,0.3906617083145446,0.262347117673033,0.75,0.43194941390546154
469,0,X,X,D,0,0.46027036113736064,0.689619346192168,0.4556586368658247,0.3033446427994191
469,1,Y,Y,J,1,0.404911629360308,0.6620160858840565,0.49661773194286063,0.27212060952432865
469,2,Y,X,D,1,0.40881198806463653,0.643707881885412,0.4992700305092073,0.25
469,3,Y,Y,J,0,0.4008580260710608,0.6008365514273745,0.4970792111107806,0.25
469,4,Y,X,D,0,0.3940503281739416,0.5915981843145005,0.4680526790896274,0.2559787090778572
469,5,Y,Y,J,1,0.3879092119116295,0.5853611380235926,0.5263539128888011,0.25
469,6,Y,Y,J,0,0.40938133659618925,0.6098003879777015,0.5300408590933049,0.2697466647362279
469,7,Y,Y,J,0,0.38478685444603955,0.5850696048889439,0.5319726745800959,0.25
469,8,Y,X,D,1,0.34681662531687724,0.5428136189544233,0.5501042410786416,0.3128155140891734
469,9,Y,Y,J,1,0.34599953240917414,0.5553437221516304,0.538872533278295,0.2986095437442288
469,10,Y,Y,J,1,0.32846433744924497,0.5174827210146216,0.5083220197679676,0.2848932689363611
469,11,Y,X,D,1,0.3359343549026085,0.5446252868559652,0.5228182036790131,0.3190845813763741
469,12,Y,Y,J,1,0.3353813564191954,0.537552139595456,0.49875860839037295,0.29721659520001065
469,13,Y,Y,J,1,0.3380893088450192,0.5175750381461941,0.5053806428409927,0.25408296967966554
469,14,Y,Y,J,0,0.32489063321305967,0.5033232031883732,0.4946555904605223,0.25
469,15,Y,Y,J,1,0.3412844379733703,0.5040092003189054,0.5317168401433452,0.26314790953326944
469,16,Y,Y,J,0,0.32572860761343825,0.5365778551782627,0.5696830398206322,0.28509415416257267
469,17,Y,Y,J,1,0.3265074597875482,0.5325533670915746,0.584204665268443,0.30247975114881454
469,18,Y,Y,J,0,0.3417395195857175,0.5176207667807287,0.5921152776269017,0.30229691151610943
469,19,Y,Y,J,0,0.3323444071375533,0.5372104084898479,0.5783788548935045,0.2872814364054544
470,0,X,Y,J,0,0.38001845946392054,0.5158092143178061,0.5073008868262059,0.2540696549245428
470,1,Y,X,D,1,0.4401943873510892,0.5042806328099255,0.5291054309588032,0.27259515846190596
470,2,X,X,D,1,0.514012869574591,0.49232624435142874,0.5264521191663737,0.25720259995841266
470,3,X,X,D,0,0.49381965675277867,0.511222825291495,0.5104641559111871,0.2534311447999936
470,4,Y,X,D,0,0.4605942495137313,0.5117618276791247,0.5538166743408045,0.25
470,5,X,Y,J,0,0.4642544793640985,0.513850848464611,0.5507918676389015,0.26106394920679366
470,6,X,Y,J,0,0.42736749084606473,0.5461042176566683,0.5195225791659186,0.25
470,7,X,Y,J,1,0.4614357957556625,0.5134360485464845,0.46864193412138716,0.2619082707813492
470,8,X,X,D,1,0.44213091098542995,0.5303884877551198,0.49229388224734966,0.2570051831084902
470,9,X,X,D,1,0.4270977385777242,0.5359821261830124,0.52232096744594,0.25
470,10,X,X,D,0,0.4209152095794523,0.5188928125132801,0.5226572712619054,0.28607121742393027
470,11,X,X,D,1,0.4092317248395009,0.5562126055713577,0.5256585037857533,0.29835754599643355
470,12,X,X,D,0,0.4660520907267398,0.5579939504057172,0.5114219602003311,0.2915304141213006
470,13,X,Y,J,1,0.40521564602432447,0.5513037807292728,0.508914387637516,0.2996556940635481
470,14,X,X,D,1,0.4515740626900637,0.5087314618839711,0.5129066278136769,0.30145296417383816
470,15,X,Y,J,1,0.4135308757758988,0.5297974012807178,0.5104555691796849,0.30481558912617873
470,16,X,X,D,1,0.45824865068781845,0.5081739755550013,0.4607698809389362,0.32996717635922157
470,17,X,X,D,0,0.4233018589892781,0.5221558065884746,0.4137283619390411,0.3696848340463931
470,18,X,X,D,0,0.43553702295933217,0.5061504200638385,0.39153153440710636,0.3332164196421493
470,19,X,Y,J,1,0.4429232790170636,0.49757695904190924,0.42252262909324323,0.31904338164220286
471,0,X,X,D,1,0.44632594211774124,0.32795744544137656,0.60233006993028,0.6688692948221382
471,1,Y,Y,J,1,0.44381863577197983,0.32759367011417045,0.6193975941515346,0.6203898685083539
471,2,X,X,D,1,0.49030680518233977,0.4071320472320985,0.5898244330769551,0.6014426962652597
471,3,X,X,D,1,0.46146000910315765,0.3973417531709314,0.5888964476128854,0.6288860649248085
471,4,X,X,D,0,0.44309981436448864,0.3662549708896478,0.5973693833162094,0.6139912413614222
471,5,X,X,D,1,0.452303268588031,0.3587932132222611,0.5664382366182974,0.5985771317530248
471,6,X,Y,J,0,0.42125829693075206,0.35139749544601667,0.5667179554231033,0.5969515722537895
471,7,X,X,D,0,0.41501656705241174,0.39566654695720005,0.5547716591911379,0.6029150578503731
471,8,X,X,D,1,0.4268955691844983,0.42862044402072697,0.5716646503085315,0.64202811183091
471,9,X,X,D,1,0.42443989052096676,0.4270246065044909,0.5620108834531561,0.6333772583060608
471,10,X,X,D,1,0.42390004548527793,0.43221667185272206,0.5564838936221281,0.6183215382937125
471,11,X,X,D,1,0.43085451118141294,0.4304507929172373,0.5996807303382189,0.6654930766659768
471,12,X,X,D,0,0.4609734862108848,0.4462928969349468,0.6109782926273076,0.701858781230562
471,13,X,Y,J,1,0.4667499845604732,0.43592069206237005,0.6338488559464329,0.6971590544853561
471,14,X,Y,J,1,0.45089308196136835,0.3824256747564971,0.6716890877977059,0.6889271534692715
471,15,X,X,D,0,0.4586118972478305,0.3606594160624076,0.6539192961781911,0.6785915579484633
471,16,X,X,D,1,0.460383065315773,0.34196856309865586,0.6341722053151901,0.6021475227252568
471,17,X,X,D,1,0.4617470640010426,0.3198469719714492,0.6807102033918759,0.5654703271234142
471,18,X,X,D,0,0.45076978624250125,0.3496115982193367,0.672022165278139,0.5969988066004989
471,19,X,X,D,0,0.40943801570471733,0.39340701360785424,0.682739042865149,0.5846270459428944
472,0,X,X,D,0,0.2812079025526699,0.3666234637817095,0.6520802571152831,0.6801603244358472
472,1,Y,Y,J,1,0.27505736909349454,0.3655643887530149,0.6478187823414643,0.6975621363886131
472,2,Y,Y,J,1,0.28930582290033896,0.35126597994203546,0.6688483702973139,0.6438592400207888
472,3,Y,Y,J,1,0.28413614654572356,0.36801672780190386,0.6782248842894093,0.6490915618205477
472,4,Y,Y,J,1,0.29679342808274833,0.3980141058151584,0.665084754299591,0.6440149056387577
472,5,Y,Y,J,0,0.3061036084682947,0.40962162456382173,0.6659936711081179,0.6722263968066133
472,6,Y,Y,J,0,0.34347042770094843,0.4332012005736719,0.621317915643279,0.677840961113821
472,7,Y,Y,J,1,0.28610764466191785,0.4392289194726805,0.5999687091717139,0.6400660590934882
472,8,Y,Y,J,1,0.28795524887085794,0.46110963959601303,0.5896173446514051,0.6736879389606473
472,9,Y,Y,J,1,0.29761315942351574,0.5080788868444304,0.5844502587685875,0.6560020912224306
472,10,Y,Y,J,1,0.30417450211780256,0.5492840114667998,0.5427243000937213,0.7019164568958316
472,11,Y,X,D,0,0.3237081611251784,0.5596578403104487,0.5487086970353776,0.7161562832924846
472,12,Y,Y,J,0,0.28971440053964,0.5847479571643694,0.5169379271867177,0.7289358207403469
472,13,Y,Y,J,1,0.3322010979529267,0.5069608709031329,0.5352733028648945,0.7152781117404593
472,14,Y,Y,J,1,0.37132892565815534,0.5478376646408772,0.5484740612815955,0.7098051530501196
472,15,Y,Y,J,1,0.37337799259956533,0.5435072403342059,0.5617381707220285,0.6508199859458614
472,16,Y,X,D,1,0.378609401198694,0.49935459908845836,0.5679577940169019,0.6994756307080341
472,17,Y,Y,J,1,0.38818338150415094,0.485703207042396,0.5982139392885131,0.677820547226555
472,18,Y,Y,J,0,0.4085647375489269,0.5247771434376857,0.5912130120451027,0.6823147890511144
472,19,Y,Y,J,1,0.39417871063504184,0.5288469641504061,0.5688145615603472,0.7104891879177562
473,0,X,X,D,0,0.5833436938285341,0.42112032748989137,0.4827701359421536,0.49478508749935474
473,1,Y,Y,J,0,0.5998988197564047,0.41315308131574013,0.5027560919748307,0.5096210842656151
473,2,X,X,D,1,0.6121114598514685,0.404589522772264,0.5316788764647723,0.5336208317962406
473,3,X,Y,J,0,0.646939741687527,0.3531209987283506,0.52574670114683,0.5117902067518816
473,4,X,Y,J,0,0.611790669122122,0.34613782204891524,0.5227825169058778,0.512689423766758
473,5,X,X,D,1,0.5856990309165574,0.3477375941964931,0.5571415174474114,0.5151091795976062
473,6,X,X,D,1,0.5928246687398915,0.36238129267700014,0.5191160774496196,0.5291643674795622
473,7,X,X,D,1,0.6108112594667555,0.3572707344058653,0.542948816116682,0.5505033877301297
473,8,X,X,D,1,0.6193742401433778,0.3416802882875856,0.6017769895820436,0.5341250046191275
473,9,X,X,D,0,0.6116863921082898,0.34856698589694063,0.5879364098534282,0.5568978572171008
473,10,X,Y,J,0,0.5928163657665185,0.32178931840790737,0.5803603657956159,0.5528007922410015
473,11,X,X,D,1,0.5570856722136377,0.3342544237746359,0.6010464816480093,0.5002741354569481
473,12,X,X,D,0,0.5321123396504046,0.2960665329879567,0.5922591314957129,0.548790944520378
473,13,X,X,D,1,0.4914223358359304,0.3114445790062149,0.5973654668623913,0.544306409355066
473,14,X,X,D,0,0.4302118243654965,0.2830901956958503,0.5907203874670925,0.5481503686523292
473,15,X,X,D,0,0.4390614883729907,0.30606713282664416,0.6006159295830121,0.5133813665990367
473,16,X,X,D,1,0.46610318189525357,0.25021299396736213,0.5949571105997383,0.5348157014786926
473,17,X,Y,J,0,0.4654698963284745,0.25,0.6151969850986926,0.5317006899681428
473,18,X,X,D,1,0.4387374575355193,0.25,0.5821367600640449,0.4987811869897908
473,19,X,X,D,1,0.4045142570947634,0.25,0.5266646236668716,0.5141992232109573
474,0,X,Y,J,0,0.7440049400313417,0.49625068373161835,0.6365351271052495,0.4423219587218573
474,1,Y,Y,J,1,0.7250135478104358,0.498346592769193,0.6019912627188604,0.43585749371611066
474,2,Y,X,D,1,0.7386214866525778,0.5298556021918513,0.6084954119793342,0.45189195375089153
474,3,Y,Y,J,0,0.7231751963308481,0.5406052386572555,0.5908206649635409,0.46403506852734505
474,4,Y,Y,J,1,0.75,0.5488125075944448,0.5978746304383101,0.45933133335431897
474,5,Y,Y,J,1,0.7441825104952348,0.5840089216412458,0.5706636649569087,0.46449250630950334
474,6,Y,Y,J,1,0.7307730545695421,0.5942996530088266,0.5847871737894479,0.4408671163752228
474,7,Y,X,D,0,0.7350405519856118,0.6254922824002864,0.5710431182395846,0.43229781405547996
474,8,Y,X,D,1,0.715045179587205,0.6441758866511891,0.5619050256132142,0.4432988747438613
474,9,Y,X,D,0,0.7219462111805983,0.6314300577703545,0.5683328667151335,0.45435713313782483
474,10,Y,Y,J,1,0.7243210668034864,0.6771188591479818,0.5538071378492472,0.5139519660666778
474,11,Y,Y,J,1,0.6853795534456667,0.6507913055304965,0.5661756944672449,0.496179872292662
474,12,Y,Y,J,1,0.6940849567456867,0.6519430080334462,0.6113714985266225,0.4663430240667442
474,13,Y,Y,J,1,0.7065804516273193,0.6809063493749363,0.6257309688012115,0.49743949501952633
474,14,Y,Y,J,1,0.7274831494061862,0.7058748966695294,0.6240958888926641,0.5012525400760715
474,15,Y,Y,J,1,0.7402905369460334,0.7315950205900111,0.6377743270505485,0.4939224826340401
474,16,Y,Y,J,0,0.7215990417597167,0.710254738504638,0.6295253141717841,0.5097635747587079
474,17,Y,X,D,1,0.75,0.69553694989284,0.6135140247703771,0.4990831614340339
474,18,Y,Y,J,0,0.719569192548272,0.6954522544089096,0.6198236712038478,0.4719743011511667
474,19,Y,X,D,1,0.7348218211412635,0.6929794520187008,0.624188172561516,0.4189015240268136
475,0,X,X,D,1,0.5593529247447024,0.3386424669077068,0.6112825331499978,0.312177322025728
475,1,Y,Y,J,1,0.5886069252307824,0.3239420184502844,0.617555154115454,0.3195744436961534
475,2,X,Y,J,1,0.5955338506548984,0.318060773919847,0.6129191720429976,0.3140009875800779
475,3,X,X,D,1,0.5824745514076093,0.3097296798537146,0.6303871824333,0.3254809033387619
475,4,X,X,D,1,0.603894633952528,0.3154028003229842,0.6458694342559456,0.34450159301664274
475,5,X,Y,J,0,0.6074278972509778,0.3221099859138479,0.6709609100692793,0.3684915214775498
475,6,X,Y,J,1,0.602627437431194,0.33980215862466767,0.6587604338298448,0.368979546569007
475,7,X,X,D,1,0.6233056917566107,0.3368238312788979,0.6590532321789038,0.3859179494569254
475,8,X,X,D,1,0.6539833249719679,0.3183254956440122,0.6333885278564864,0.3896276894806377
475,9,X,X,D,1,0.7243464695736008,0.30266875014596994,0.6474982821420858,0.37709994421893855
475,10,X,Y,J,0,0.7366829354604012,0.32488186409394715,0.631092236145017,0.37707545635275813
475,11,X,X,D,1,0.6904626345940568,0.3385013515104909,0.5858011737640401,0.38878673875513503
475,12,X,X,D,1,0.6516544628951684,0.3016133972370649,0.5992709246928711,0.37921900859246643
475,13,X,X,D,1,0.6271417033733224,0.27329483820234174,0.6053345920403278,0.35640270763691856
475,14,X,Y,J,1,0.5954910272804096,0.2722844321664323,0.5913515917811946,0.4022597226946337
475,15,X,X,D,1,0.6133021048626655,0.25,0.6301268012127004,0.43911846607505267
475,16,X,X,D,0,0.5325834966063088,0.25,0.6325481899185983,0.4336210444130417
475,17,X,X,D,0,0.5073799348560024,0.29990009756781294,0.6347910023908983,0.44714929581052354
475,18,X,Y,J,1,0.5264516795001317,0.29519053122675504,0.6597468715852179,0.3923853166139455
475,19,X,X,D,0,0.5245232027677719,0.29266905894357137,0.6537878661989619,0.36319917425116255
476,0,X,X,D,1,0.676585871834281,0.333300151910052,0.2729827641640607,0.2847399396307198
476,1,Y,X,D,1,0.7048953899003783,0.3073954495736547,0.2671026361098668,0.2834561174990765
476,2,X,Y,J,0,0.7038083496375834,0.2788102903181151,0.31641286461221385,0.3034699170240498
476,3,X,Y,J,0,0.7136129068776293,0.2875148970683865,0.3192530041232208,0.3109571633796313
476,4,X,X,D,0,0.697168490158508,0.29972581425163397,0.2863906827075752,0.3025325960340618
476,5,X,Y,J,0,0.7423438393908618,0.3081468070344337,0.31726148528057463,0.29725801330948654
476,6,X,X,D,1,0.75,0.32904273071533935,0.31599732063420966,0.28869286052971105
476,7,X,X,D,1,0.7060004513603096,0.3371260596521768,0.2618753551246381,0.28467122382138527
476,8,X,X,D,1,0.7286414003807299,0.35199431942438236,0.2525015036412237,0.32881140999400416
476,9,X,X,D,0,0.7038550940288731,0.3312429212559542,0.25,0.303538097076164
476,10,X,X,D,0,0.7420369305295365,0.3594098803397899,0.2813155160834609,0.2983055848872282
476,11,X,X,D,1,0.75,0.3534609726110064,0.306514302418986,0.2975081732265877
476,12,X,X,D,0,0.75,0.312453141430859,0.3394479807830228,0.3109577768471859
476,13,X,X,D,1,0.7345004698248058,0.33498986962053373,0.3442353990286057,0.25044084857118204
476,14,X,X,D,1,0.7316906191883665,0.34666443098936245,0.3881076810109593,0.25
476,15,X,X,D,1,0.7176674006575109,0.353640155094979,0.3489656786509586,0.2834539605705342
476,16,X,X,D,1,0.7260451783382528,0.33444106554662245,0.37296792766568154,0.30023449192061025
476,17,X,X,D,1,0.7123681787615787,0.3292744286814544,0.41831545304366363,0.33211589436101924
476,18,X,X,D,0,0.7359368191130231,0.29888557284301187,0.4472330265036075,0.3416156330823114
476,19,X,Y,J,0,0.7380665112497332,0.3137375152844876,0.4454148377052236,0.3565607425614464
477,0,X,Y,J,1,0.5238788234139841,0.46262858954706093,0.4693385674571698,0.6933028066921413
477,1,Y,Y,J,1,0.5286491159469405,0.4670090648100292,0.501997511762989,0.6799240217661587
477,2,X,X,D,0,0.5368045740314978,0.47451861341739104,0.49240146234797194,0.6709014578258
477,3,X,X,D,1,0.5634930838512985,0.45208979844777064,0.4915173614975462,0.6628794792447097
477,4,X,X,D,1,0.5749226923726054,0.457453237423615,0.4905487282915628,0.633618743748203
477,5,X,X,D,0,0.6155087435505717,0.4574842558053172,0.5210787705753475,0.6188782319739402
477,6,X,Y,J,0,0.5894235201402929,0.46494447025741276,0.5123161825360555,0.60626235931332
477,7,X,X,D,0,0.5935948189551568,0.46096989971440905,0.4967996601838354,0.6203517340365637
477,8,X,X,D,1,0.5683500613162735,0.471781751500892,0.433084680457393,0.5892546751044099
477,9,X,X,D,1,0.5562585944820929,0.4790999713236495,0.43667023580302516,0.5608952530363916
477,10,X,Y,J,0,0.5728598277983614,0.4920750715906324,0.4238897359872128,0.5507054813504404
477,11,X,X,D,1,0.5404967520646147,0.4755689055813585,0.41802533304488315,0.5596518573430015
477,12,X,Y,J,0,0.5327856067240971,0.44368810771091954,0.40943462979888057,0.5991441048965255
477,13,X,X,D,1,0.5673481979985009,0.45823377475887683,0.4023251289663093,0.57133008969411
477,14,X,X,D,1,0.612661536098027,0.47017897791208385,0.4079732095140467,0.5742212854196245
477,15,X,X,D,1,0.6076198717847693,0.49498269894929237,0.3807050017698978,0.5596842291625328
477,16,X,X,D,1,0.5877604595141601,0.4848479838381591,0.3751368571588751,0.5567128422456287
477,17,X,X,D,0,0.5806480402145975,0.43192224358538445,0.405258442635125,0.5871855403452066
477,18,X,Y,J,0,0.6107403193391193,0.4216860896264711,0.3910889782188084,0.5877525405357474
477,19,X,Y,J,1,0.6197991977146331,0.37798480329868017,0.3784406588174869,0.5520899407741162
478,0,X,X,D,1,0.6810410974095287,0.5119723154193612,0.40707775176538863,0.43365719478995285
478,1,Y,Y,J,0,0.6923853780045558,0.5443543181644415,0.3827035174232955,0.4255419532209926
478,2,X,X,D,1,0.6325613654138552,0.522061620937401,0.37773464488413083,0.3956874855874054
478,3,X,Y,J,0,0.6354071709414827,0.48635068800728154,0.3629158655380065,0.404236212057207
478,4,X,Y,J,0,0.6231012267302359,0.4818997254881353,0.38096489110416365,0.4335118408374936
478,5,X,Y,J,0,0.5930197618697667,0.48098640518745794,0.3390564233638017,0.44584938556153386
478,6,X,X,D,1,0.5990753857026768,0.46536457678544607,0.37082409303968644,0.4254946707423472
478,7,X,Y,J,1,0.612738590379391,0.4548168183198687,0.3468868791368989,0.3881092684289071
478,8,X,X,D,0,0.6019908294281912,0.45991149900537154,0.3468577542848054,0.39671033356066915
478,9,X,X,D,0,0.6024823278174788,0.48450726311363024,0.36734166691298786,0.3806060112631887
478,10,X,X,D,0,0.6022780785604126,0.46605269795087256,0.38822184469861687,0.3426168620197874
478,11,X,X,D,0,0.5750678552523162,0.4731481666079804,0.39457930457249,0.34200830318409675
478,12,X,X,D,0,0.5883521794781849,0.4827460176336113,0.38656682718689556,0.3102775433732477
478,13,X,Y,J,0,0.6201562340704947,0.4967152183134838,0.39242794426846306,0.25
478,14,X,X,D,0,0.632362189531555,0.5064343432971233,0.4219089865682469,0.252189725761696
478,15,X,Y,J,1,0.6470291004973792,0.549315845875942,0.41286659334108045,0.25
478,16,X,X,D,0,0.6146765449292122,0.5281190707123593,0.425491973534444,0.2515240156699074
478,17,X,X,D,1,0.5527008973762461,0.5165908156940934,0.42313590750315716,0.25
478,18,X,X,D,0,0.5508174707909891,0.47754720080094226,0.4297220201838737,0.28062524265720923
478,19,X,Y,J,1,0.5698081502308008,0.4977608468939192,0.44416239958032266,0.26588271395807717
479,0,X,X,D,1,0.4842601003645409,0.5353173295642539,0.7263122099824334,0.7026552751119857
479,1,Y,X,D,1,0.4764875488861781,0.5574251312341969,0.7100053597346782,0.7025292145541352
479,2,X,X,D,0,0.5046467326573651,0.5914280049932426,0.7073499182394799,0.6898978807110465
479,3,X,X,D,0,0.5071385048721321,0.5580088146304011,0.6901437936416808,0.6773474267629324
479,4,Y,Y,J,1,0.5104007341774068,0.5934760497739765,0.6547738566801342,0.6846320733242307
479,5,X,X,D,0,0.5234958218113602,0.6089451430832246,0.651793394382236,0.6695374608156994
479,6,X,X,D,0,0.512944246563921,0.6315262247562795,0.6033250236463595,0.6633119051136698
479,7,X,X,D,1,0.5569718982081932,0.610288243099457,0.5709720980590796,0.6369247199827863
479,8,X,X,D,1,0.5584169573616525,0.6152720265407524,0.5373383891060681,0.614773022489128
479,9,X,X,D,1,0.5669519638166379,0.6433725177647173,0.5501496913959987,0.6408703034555954
479,10,X,Y,J,0,0.5688944377864317,0.6000672224477485,0.52399835476581,0.6271861263471167
479,11,X,X,D,1,0.5694447959262736,0.5980903203047714,0.5451638121752798,0.6049085050684965
479,12,X,X,D,1,0.5576476943864964,0.5976543770167528,0.5103110068118,0.5930847363572088
479,13,X,Y,J,1,0.5758768342981507,0.6176218318152291,0.5441586032500926,0.5701548938451458
479,14,X,Y,J,0,0.5697193838065783,0.6132122515452754,0.4937624280083336,0.5741703605084915
479,15,X,Y,J,1,0.5820334887290953,0.6140305487448569,0.502499779966092,0.5443336572635388
479,16,X,X,D,0,0.6004631966740546,0.6282060959666713,0.5000092339870938,0.599083362164377
479,17,X,X,D,1,0.6044834116675007,0.5963548851510604,0.5475879800276731,0.5930506256605107
479,18,X,X,D,0,0.5689005422446514,0.5788712769762905,0.5386484824618047,0.5689053031373628
479,19,X,X,D,0,0.5592538157138576,0.5536543851379929,0.528969802017795,0.557455632108464
480,0,X,Y,J,0,0.4375306402124268,0.37580077493367814,0.6109885112481779,0.28955655016775417
480,1,Y,Y,J,0,0.42167220356162044,0.35245356298698166,0.6075341314427039,0.275071304067013
480,2,X,X,D,1,0.409804772021946,0.38329249084439165,0.6576074060635639,0.2856019634845445
480,3,X,X,D,1,0.417689005860176,0.3563672017288838,0.671199340603546,0.31152205954609535
480,4,X,X,D,0,0.4543709924517822,0.3994188863267456,0.6383277617512458,0.3222930712069037
480,5,X,Y,J,1,0.4679142152942843,0.38306943039881014,0.6122226127817445,0.31185559953366554
480,6,X,Y,J,1,0.45026598967451725,0.3704675667539875,0.638008612817334,0.3173214689010379
480,7,X,X,D,1,0.4471189811014269,0.3888147665042194,0.6061967928908676,0.31560034925563324
480,8,X,Y,J,1,0.4977389009665818,0.3620736764970167,0.5872698940435437,0.2976072409062956
480,9,X,Y,J,1,0.5340822516789838,0.32995890077529216,0.597259331667337,0.32210337393021354
480,10,X,X,D,0,0.5274398124161876,0.36300730103944334,0.5952923496056186,0.29000595954315267
480,11,X,X,D,0,0.5195648474195744,0.30089751478336735,0.5992989300240258,0.3389422597801365
480,12,X,X,D,0,0.5432382084878504,0.297412316392364,0.6121805509847521,0.34142390045955073
480,13,X,Y,J,0,0.5604647157280429,0.2789241174425905,0.5999306177027757,0.3809347122810697
480,14,X,Y,J,1,0.6034820557212823,0.3038020796073504,0.556796484899149,0.4488157066307245
480,15,X,Y,J,0,0.5773151132460852,0.2840896868660488,0.5129047985120483,0.44292143439222104
480,16,X,X,D,1,0.5628272906039343,0.29060060769088125,0.5101878718363375,0.4215713572730527
480,17,X,Y,J,1,0.5515532664315826,0.25671266791833947,0.5081808663216512,0.3859120210721777
480,18,X,X,D,1,0.5812717755179331,0.25,0.5493899286532459,0.39499920773682956
480,19,X,X,D,0,0.5937270437262561,0.2935038717619251,0.5557993127943914,0.3354075248744911
481,0,X,X,D,1,0.5391482940102128,0.7277582965644733,0.5408082403440987,0.42279021926485555
481,1,Y,X,D,0,0.5535256788303893,0.7257634697082039,0.5347871376742143,0.430790656624309
481,2,X,X,D,1,0.540850327220273,0.7049346240551501,0.5536361606208187,0.4164771468520498
481,3,X,X,D,1,0.5796892213525502,0.7119364963400154,0.5674940615364369,0.41155472806428717
481,4,X,Y,J,0,0.5854917570339393,0.7048721846887815,0.5772859566862164,0.39375028695863684
481,5,X,X,D,1,0.5313421912444856,0.6729994707480116,0.5626346404888155,0.41201070050956645
481,6,X,X,D,0,0.5610124687575737,0.6631328476605116,0.5518411056898533,0.3955065539975332
481,7,X,Y,J,0,0.5544511931340118,0.7121730628131303,0.5533120035496878,0.394529760610458
481,8,X,X,D,1,0.5800920221965142,0.6694948022455103,0.5221469769286332,0.37719592849182676
481,9,X,X,D,0,0.6180691092353285,0.6675495008144391,0.5203127900715029,0.37255183155601423
481,10,X,X,D,1,0.6226145046461706,0.668282683651802,0.5599453456475898,0.3738207882206306
481,11,X,Y,J,1,0.624866262149976,0.6777620399542724,0.5551820141652551,0.3768707349480004
481,12,X,X,D,1,0.6094648273647292,0.6881443769570641,0.48283587526410676,0.3263586350977984
481,13,X,X,D,1,0.6067589233966566,0.681196348525286,0.4196476041114302,0.28614376119331486
481,14,X,X,D,1,0.6002223066172988,0.6771271190626302,0.3942214250338183,0.3339042406605979
481,15,X,X,D,1,0.5728146295841252,0.646987206779135,0.3769073462046246,0.36686851804627424
481,16,X,X,D,0,0.5524500597297177,0.6682903630150916,0.4014689870663459,0.35176452873094666
481,17,X,Y,J,0,0.5437340156402127,0.6776115587249227,0.3618110018497198,0.35055453544897636
481,18,X,X,D,0,0.4966096858904784,0.6448812779347612,0.35663307783036513,0.3511958819626444
481,19,X,X,D,0,0.5129947775051695,0.6394478468169594,0.38181721639666755,0.35790626677423265
482,0,X,Y,J,0,0.6040764306834483,0.6073617785224327,0.486991756618666,0.6988240316248631
482,1,Y,Y,J,0,0.5688724288324415,0.5756312325012042,0.45086553933355655,0.7412448289964433
482,2,X,Y,J,0,0.5806785544513429,0.5393929206551205,0.42737577261666637,0.75
482,3,X,X,D,1,0.5999199023223969,0.5343635897460755,0.3892224317022527,0.7115798657241998
482,4,X,Y,J,1,0.5629507905917446,0.5134994242904337,0.40785010783935566,0.6848803441738335
482,5,X,X,D,0,0.5585816164013684,0.5004218115052939,0.42487874529654707,0.6942958242445754
482,6,X,X,D,1,0.5007988965033772,0.5498378377943108,0.4146296459280062,0.7171852246635495
482,7,X,X,D,0,0.48119950621474367,0.555858085134773,0.47695685762237916,0.7280113381308726
482,8,X,X,D,0,0.44659363518770767,0.5753283155892269,0.5125674928858838,0.75
482,9,X,X,D,0,0.4893039199888031,0.5691325970249007,0.49437603552075965,0.75
482,10,X,Y,J,0,0.49431836602136003,0.559652672212949,0.4776556786643348,0.75
482,11,X,Y,J,0,0.5110509954939825,0.545606663827456,0.43737217026878644,0.734703595190771
482,12,X,Y,J,0,0.5226233481171546,0.5247027151488629,0.4467740321113897,0.75
482,13,X,Y,J,0,0.5734147186428101,0.5314547095776407,0.44733291348817444,0.7464328343802944
482,14,X,X,D,1,0.5522862390233245,0.5123363114937144,0.4911887926803943,0.7304825297998331
482,15,X,X,D,0,0.537184974677344,0.5038560361118912,0.4916674037160244,0.720772238331686
482,16,X,X,D,1,0.5315266490511024,0.488328145558461,0.5201751513422166,0.7277383743958369
482,17,X,X,D,1,0.5094938911915996,0.5152074027927214,0.5060836109736394,0.7484047345685456
482,18,X,X,D,0,0.5462050130091597,0.49599529473391785,0.4961106798891023,0.75
482,19,X,X,D,0,0.5597109519018231,0.4952995292574791,0.4798295282059455,0.75
483,0,X,Y,J,0,0.6976369888869468,0.3556436009066085,0.3422361582028611,0.5710996287470043
483,1,Y,Y,J,0,0.6967847579801036,0.4235126345192336,0.3243352734230076,0.568783298286203
483,2,X,X,D,0,0.6870154200934917,0.47913324064709567,0.32687101785020506,0.5902744893475197
483,3,X,Y,J,0,0.6617409172604566,0.4799942861830602,0.31956907056071243,0.5728128512478277
483,4,X,X,D,0,0.6448341149950425,0.5311038241034592,0.3049747963670977,0.5609548390417568
483,5,X,X,D,0,0.6090257428438222,0.515605965331985,0.30566771644472585,0.5044123860964828
483,6,X,X,D,0,0.6496343774627613,0.5301401756316997,0.2764731000706387,0.4983438875803854
483,7,X,X,D,0,0.6562190968519906,0.5097621565542784,0.295404065639087,0.5091981651697842
483,8,X,X,D,1,0.6303040526063329,0.5253818021006924,0.3067725432151654,0.4636592993133852
483,9,X,X,D,1,0.6242941886019048,0.5082586669799076,0.3228577186916934,0.4784419895223504
483,10,X,X,D,1,0.613308842835504,0.503133819798696,0.31222023958777123,0.4809323946798831
483,11,X,X,D,1,0.6655640880997872,0.49946892414848076,0.29793193344925756,0.48343209364843875
483,12,X,X,D,0,0.6841524722721868,0.4710366316590143,0.2838790183310047,0.43952213640115806
483,13,X,Y,J,0,0.7232364323887364,0.44930075143348563,0.28029251791021703,0.43117490771739525
483,14,X,X,D,0,0.7260744596022066,0.42735848140081545,0.2883925051934206,0.4122196612862293
483,15,X,X,D,0,0.6798687867235348,0.44359173611739877,0.28716525498021717,0.40564671501907495
483,16,X,X,D,0,0.6533648748842572,0.45913327488498257,0.31149450260729966,0.3913324551661392
483,17,X,X,D,0,0.6492882035479138,0.46970298435731345,0.30117956789794104,0.41463899007163474
483,18,X,X,D,1,0.6812027369462546,0.5196250756624532,0.2599223544664345,0.3855660908998805
483,19,X,X,D,1,0.7142528297787339,0.48791394681517036,0.25,0.41273188047076664
484,0,X,X,D,1,0.5969745113058225,0.6802397109545969,0.3753787075598186,0.6071214723206912
484,1,Y,Y,J,0,0.6207284184746336,0.674666803310779,0.34814995005196303,0.6064228118243553
484,2,X,X,D,1,0.5751763492519691,0.7036888445530002,0.338229402305053,0.6153187880350606
484,3,X,Y,J,1,0.5531488505746992,0.6744683929896542,0.3330757992293958,0.6035777978902848
484,4,X,X,D,1,0.6165047480821807,0.683766145409432,0.34259354702292455,0.6502505867160626
484,5,X,X,D,0,0.6349874460453365,0.6966203197908484,0.33963058882172825,0.6301215585786093
484,6,X,X,D,0,0.6450831326405458,0.7291303960917418,0.33490972252551343,0.6312405701456477
484,7,X,X,D,0,0.6090931859587408,0.75,0.36586996255661963,0.6003805177196254
484,8,X,X,D,1,0.6216320445743941,0.7248360265700127,0.35571574529160443,0.5930874355545228
484,9,X,Y,J,0,0.5971247321427385,0.7024879418125918,0.3054214781654409,0.568154250250738
484,10,X,X,D,1,0.6249506591134019,0.7052755694312349,0.3394093001327185,0.5787644675506892
484,11,X,X,D,1,0.6094048661675217,0.6872479275823592,0.3483600681924507,0.6074004326126795
484,12,X,X,D,0,0.587931398639858,0.6665496847223059,0.34381797282830934,0.6027924891152293
484,13,X,X,D,0,0.5925120855379458,0.6200434356046924,0.4319924085911624,0.5727521748276845
484,14,X,X,D,1,0.6324745685543334,0.5967898322176337,0.4417436183966953,0.5434170806460192
484,15,X,X,D,0,0.6117948891188388,0.610582285213159,0.4420793166567483,0.5638780000663935
484,16,X,X,D,1,0.6041269553616366,0.5734261134726891,0.42487414795800693,0.5899900069189067
484,17,X,Y,J,1,0.6231135530204757,0.5472146068707548,0.46643589683018205,0.6100231296761963
484,18,X,Y,J,1,0.599770259594935,0.5467454644365705,0.47105567721880015,0.636247660416699
484,19,X,Y,J,1,0.5719930954505043,0.5686470464261865,0.415321018053841,0.6462041567112127
485,0,X,X,D,1,0.7426412627053856,0.7192090111953859,0.3137170606511,0.4810471280491214
485,1,Y,Y,J,0,0.75,0.7148856066718339,0.31704585425992426,0.45784161838996656
485,2,X,Y,J,0,0.75,0.7393251953628818,0.33302456263715585,0.4281289796176499
485,3,X,Y,J,0,0.737054730632664,0.7358520447999709,0.2891998862945633,0.39166889639397484
485,4,X,X,D,0,0.730410125416556,0.75,0.3163802698182761,0.3964126148709605
485,5,X,X,D,0,0.7186714453186361,0.75,0.3481493645699862,0.39738407717324037
485,6,X,X,D,1,0.75,0.75,0.3519532441559167,0.37465518516847285
485,7,X,X,D,1,0.7492010399949373,0.75,0.3864227590418644,0.3747954838205687
485,8,X,X,D,1,0.75,0.75,0.39069138527053343,0.3581210395267838
485,9,X,Y,J,0,0.75,0.75,0.40134801873939724,0.37283675207176364
485,10,X,Y,J,1,0.75,0.7383554425506808,0.4254368678814338,0.38506024660417393
485,11,X,Y,J,0,0.7480817653045401,0.75,0.4044217627512195,0.3909983250333574
485,12,X,Y,J,0,0.6984579857494615,0.75,0.35463762473252514,0.36652308974591163
485,13,X,X,D,1,0.693027022763178,0.7390565691319769,0.3067143677615705,0.34446860551329067
485,14,X,X,D,1,0.6768896875988153,0.6966047565084466,0.2757025202726974,0.36538248857009825
485,15,X,X,D,0,0.6612271632467267,0.6953905954161089,0.3036266785975531,0.32857134393284965
485,16,X,X,D,1,0.6678181561658273,0.6549469097647294,0.27444140520060767,0.3137104943037142
485,17,X,X,D,1,0.6123157133439222,0.6371121252245658,0.2664349716296056,0.2856798849317126
485,18,X,X,D,1,0.5929060166080551,0.6465063750371398,0.25,0.25
485,19,X,X,D,1,0.6051560968971078,0.6150616290963797,0.2827115895669015,0.25
486,0,X,X,D,1,0.2811461180434219,0.3913615274212687,0.48988076025501387,0.27030703666461303
486,1,Y,Y,J,1,0.25,0.4022628703487048,0.5043768455172357,0.2650165848211766
486,2,X,X,D,0,0.25552609064940496,0.39748715479241176,0.4730343197526219,0.2683916917950501
486,3,X,X,D,0,0.25582074919792114,0.38770901892253135,0.4436544503612986,0.25
486,4,X,X,D,0,0.25,0.39038331824396943,0.4416976193287167,0.25
486,5,X,X,D,0,0.25,0.3983707828278556,0.46400069657894816,0.25
486,6,X,X,D,1,0.2937800582348653,0.43201688996917625,0.47826894752046206,0.25
486,7,X,Y,J,1,0.29895971367796603,0.4258295322247092,0.486466258037036,0.27167150247421373
486,8,X,X,D,1,0.2907111927322139,0.3686580179404962,0.46877821311933854,0.299867588458984
486,9,X,Y,J,1,0.2846633473431398,0.36948053851217255,0.4950717750244513,0.2750965687064594
486,10,X,X,D,1,0.26981298813260274,0.3760089624772485,0.49201113035393573,0.2514527353021832
486,11,X,Y,J,1,0.28209948301763466,0.3889300411710194,0.47575059341210596,0.2835959255011464
486,12,X,X,D,0,0.25,0.3910085336383181,0.4846125500571314,0.3189359176568952
486,13,X,Y,J,1,0.25592702181305577,0.4018288017628736,0.494090506237163,0.32516862579735123
486,14,X,X,D,0,0.25,0.39440766041179925,0.4739807937010142,0.3759702869550397
486,15,X,X,D,0,0.25996072813854026,0.4218246608210505,0.4417765229224107,0.4096200050669987
486,16,X,Y,J,1,0.25,0.4245188246217757,0.3669820279553854,0.3982559527061345
486,17,X,X,D,0,0.27834683772602836,0.46768866206019605,0.3316382814254763,0.4225746089800313
486,18,X,Y,J,0,0.2839530952147085,0.46203778478943025,0.3032484166896345,0.4120175835954625
486,19,X,X,D,1,0.32310930190078674,0.43844284209292245,0.31428980273389084,0.39432834475899997
487,0,X,X,D,0,0.28242292783809225,0.3669250997486404,0.49540636647486563,0.6733163632492946
487,1,Y,Y,J,1,0.25,0.39034147368740846,0.49666105645965314,0.6793420057708637
487,2,Y,Y,J,0,0.25,0.42009698907602755,0.5186310747379387,0.6641104538895136
487,3,Y,Y,J,1,0.25,0.41903464645277244,0.49319403503929665,0.6697078423900135
487,4,Y,Y,J,0,0.2821771673516757,0.41031069235988454,0.5158900130972607,0.674405970016471
487,5,Y,Y,J,1,0.29190526218175983,0.39265591864005844,0.517385615668927,0.6821307293111184
487,6,Y,Y,J,1,0.2727334401212177,0.43319931817464735,0.509563842885474,0.6841400660382948
487,7,Y,X,D,1,0.25,0.44993211500151264,0.5440105129775498,0.7140750818114683
487,8,Y,Y,J,1,0.27147485843471963,0.43479992795960276,0.5641606987907211,0.725145866809539
487,9,Y,Y,J,1,0.2786621180108804,0.4192644062110085,0.5395502941608837,0.7498244127590586
487,10,Y,Y,J,0,0.27594317395577,0.42590102594689383,0.5736374015547874,0.75
487,11,Y,Y,J,1,0.29303929511228505,0.40615072323824036,0.5789323683412485,0.7204875434189746
487,12,Y,Y,J,1,0.310338024716009,0.41327948736178166,0.5849799684643895,0.75
487,13,Y,Y,J,1,0.2814827685041728,0.3925032249333073,0.5706135661202152,0.7379560658073555
487,14,Y,Y,J,1,0.25578547858480677,0.437118087483059,0.5551590195051431,0.75
487,15,Y,Y,J,1,0.27294448956589284,0.41791989762578546,0.5626992698187003,0.75
487,16,Y,Y,J,1,0.26468363219780633,0.4621083032673337,0.5682874195035997,0.75
487,17,Y,X,D,0,0.26405415987926995,0.46649090343816835,0.6165848912067395,0.75
487,18,Y,X,D,0,0.25,0.4511192609077024,0.6140534975767623,0.7371123218361803
487,19,Y,X,D,0,0.29350927491138756,0.4498959061027164,0.6054140663526774,0.7498049047159887
488,0,X,X,D,1,0.5988118126013273,0.3386186048659554,0.7371327144063922,0.649019783875505
488,1,Y,Y,J,0,0.5957458176658982,0.35681324720047153,0.7428439636354893,0.6467546046931374
488,2,X,Y,J,1,0.5735866912598406,0.31290085648660776,0.7211188679261382,0.6226462265363093
488,3,X,Y,J,1,0.5642786804958839,0.3189962183278527,0.7050041418224962,0.6325526526058964
488,4,X,Y,J,0,0.5694470617974698,0.33312395772119996,0.694332482410987,0.6610798197961837
488,5,X,X,D,1,0.5501225245943198,0.37503326855998187,0.6725628512428995,0.6713664473734166
488,6,X,X,D,0,0.5413478688878509,0.3480359926163144,0.6947498828564338,0.6769018354314613
488,7,X,X,D,1,0.513373250587387,0.36228865092837137,0.6808533245496766,0.6985059318277314
488,8,X,X,D,1,0.5182700052039257,0.3476326238855385,0.6892084068246866,0.6999317081492852
488,9,X,Y,J,0,0.5237142270744627,0.3300327565963129,0.6752057540595163,0.7046865293456854
488,10,X,X,D,0,0.5207895043778085,0.31456664640681686,0.6830667351024583,0.6922307488057577
488,11,X,Y,J,0,0.5606527262305774,0.3038553180957662,0.7078798960407415,0.6631873208313577
488,12,X,X,D,1,0.5769487386174829,0.2893243480799515,0.75,0.667057892883948
488,13,X,X,D,0,0.5434347900955144,0.2759922035378235,0.7462163385649945,0.6426800586065101
488,14,X,Y,J,1,0.5676378244907747,0.2879299525304551,0.7130331381269238,0.6233480282726929
488,15,X,Y,J,1,0.5491667237659941,0.29764953504209346,0.6911669577858696,0.6221350262263077
488,16,X,Y,J,1,0.5354511721941351,0.25771813199545934,0.6487413770277797,0.6372457535024587
488,17,X,Y,J,1,0.5736024600815567,0.25,0.6441751204573669,0.6876605940982076
488,18,X,Y,J,1,0.5904258890292857,0.25,0.6250155289066864,0.7208094743370075
488,19,X,X,D,0,0.5403127873728397,0.25,0.6206113616867162,0.6816508567157579
489,0,X,X,D,0,0.275476902653462,0.35591455033253083,0.7065994415698333,0.7412023486637243
489,1,Y,Y,J,1,0.28956588768937985,0.3058932357685354,0.7157290306732841,0.75
489,2,Y,Y,J,1,0.2928030913886039,0.31701345963018335,0.7243059594170523,0.7467817322142447
489,3,Y,X,D,0,0.28804251685734583,0.32672144517730806,0.7001415589770703,0.75
489,4,Y,X,D,0,0.3221396952413567,0.32219007162454943,0.7061509793365871,0.75
489,5,Y,Y,J,1,0.3367919731759259,0.2948964446426927,0.7003418850438605,0.7242780978702258
489,6,Y,Y,J,1,0.336956813354587,0.32214970471803805,0.6754729693828532,0.6913529274506983
489,7,Y,Y,J,1,0.3107885141919372,0.2709926871247172,0.6521918940490687,0.6694722993710218
489,8,Y,Y,J,0,0.2979613012006418,0.25,0.6398506350785692,0.691709901110687
489,9,Y,X,D,0,0.31356031208517154,0.25,0.6497815067560962,0.7223425494474315
489,10,Y,Y,J,1,0.3292076066915439,0.2603194988267502,0.6328847649080538,0.6876506295617992
489,11,Y,X,D,0,0.37357942541778616,0.25,0.6594577001167241,0.7050496112421337
489,12,Y,Y,J,0,0.40305605925211163,0.25,0.6329233497554483,0.724259334241594
489,13,Y,X,D,1,0.4197205788488393,0.25,0.6105943449692102,0.7174689820768294
489,14,Y,X,D,0,0.38713495599719566,0.25,0.6075595926978977,0.7261050962597142
489,15,Y,Y,J,1,0.38805640039727834,0.2643430569053659,0.611321232988344,0.7155109988879973
489,16,Y,Y,J,0,0.33854147465465206,0.27946721556484655,0.6422206917383186,0.7179706161378616
489,17,Y,X,D,0,0.31303074450685403,0.25,0.6204904481810468,0.6925196787263229
489,18,Y,Y,J,1,0.35105323981015424,0.25,0.569137383126695,0.7146721464038043
489,19,Y,Y,J,0,0.34866677397058665,0.27872503773375323,0.5513492167838996,0.7331305211771215
490,0,X,X,D,0,0.7404202154119697,0.5039982121776856,0.5078723550297971,0.3355519673053223
490,1,Y,Y,J,1,0.7179245551282503,0.4903604530716951,0.5054062318603609,0.34669780785461135
490,2,Y,Y,J,0,0.6919944826373764,0.4946449375414297,0.5121922875443238,0.321804492293678
490,3,Y,Y,J,1,0.714096430219347,0.5074967494290555,0.5198884115949899,0.3506537938931901
490,4,Y,Y,J,0,0.6994898775140611,0.4946988245567292,0.48720694231531364,0.32354265886479683
490,5,Y,Y,J,0,0.6901478809900602,0.502284110885873,0.5010376683564017,0.2877363314862779
490,6,Y,Y,J,0,0.7428063904291088,0.5091757473414487,0.4778611127434368,0.27826565436232475
490,7,Y,Y,J,0,0.7359802683237978,0.4902884031535648,0.5060320795277703,0.3276081088710378
490,8,Y,X,D,1,0.7341309570514984,0.5062659383475314,0.4568144761066172,0.33826138262753597
490,9,Y,X,D,1,0.7457563756159353,0.49231857826825853,0.4752090800807468,0.3376967385213364
490,10,X,Y,J,1,0.75,0.4722191663988677,0.4896474030653588,0.333661465949912
490,11,X,Y,J,1,0.75,0.4803453474181833,0.5186020366058716,0.33590489984573757
490,12,X,X,D,1,0.7334895221728198,0.48849233517213797,0.5032304453269333,0.31132179339628047
490,13,X,Y,J,0,0.7396014035736143,0.5022113483056502,0.5164454959403778,0.3544616557256552
490,14,X,Y,J,1,0.75,0.49507258846045343,0.5149259149087348,0.3604128177383967
490,15,X,Y,J,0,0.75,0.5584632347106124,0.47847397552659243,0.3523165092845147
490,16,X,X,D,0,0.7397999354683819,0.5379041091211829,0.48508538364013465,0.32710443334762507
490,17,X,Y,J,1,0.75,0.5449115686712096,0.4856651353126189,0.33317258901718666
490,18,X,X,D,1,0.75,0.581210417860961,0.45583522795360065,0.3657021963004712
490,19,X,Y,J,1,0.75,0.5934576725177112,0.430604278043545,0.3476193492441444
491,0,X,Y,J,0,0.6325614082487413,0.49880991508587785,0.6765199057234814,0.3547586938294265
491,1,Y,Y,J,0,0.6237178120908717,0.5013564577934885,0.6720400400327966,0.36731789508646917
491,2,X,X,D,0,0.6005501219684465,0.5143021306681045,0.6768773678916485,0.36437015207162066
491,3,X,X,D,1,0.600737542138271,0.5039041241964597,0.6819465029393691,0.40298672021243837
491,4,X,X,D,0,0.5516169040141772,0.5078810597203383,0.6771155426040514,0.3671043336072812
491,5,X,Y,J,1,0.557175638222913,0.4936258216046909,0.6648522643373072,0.36291507660207806
491,6,X,X,D,1,0.5596488048574435,0.481141292016511,0.6210279420808168,0.32284887558089215
491,7,X,X,D,1,0.5701420285602655,0.47328343066313566,0.6045269358189828,0.33235053415139076
491,8,X,X,D,1,0.5611813335948596,0.48091388124549234,0.6182097088238052,0.2937644585090424
491,9,X,Y,J,1,0.5422132427395564,0.5139017628050747,0.6076256686833997,0.317865710759475
491,10,X,X,D,0,0.5390307760620093,0.5188901511378141,0.6341214634102181,0.3235770316662191
491,11,X,Y,J,0,0.5338703026158674,0.48905990186451864,0.6316874546103733,0.334848587460034
491,12,X,X,D,0,0.5163963154358316,0.5030736175750163,0.6132904032844552,0.3239350978438279
491,13,X,X,D,1,0.5120395256385817,0.49738389505355696,0.621618289756098,0.32561363465212806
491,14,X,Y,J,1,0.5261502888403365,0.46296086393217767,0.6813995858493486,0.2871654883385123
491,15,X,Y,J,0,0.5007467763385333,0.47105868348490065,0.6768903790333832,0.28464499441542196
491,16,X,X,D,1,0.5038506524014215,0.460660504300361,0.6965732382513357,0.28060148580731575
491,17,X,X,D,0,0.5182437212859481,0.45547662148266904,0.6964262544789804,0.25
491,18,X,X,D,1,0.5608670107642937,0.42627924707550163,0.7077927855329719,0.27762769923198066
491,19,X,X,D,0,0.5224897037871915,0.3754078524032986,0.6708294095043134,0.2908742827825961
492,0,X,Y,J,1,0.31034648632332196,0.7214329155197681,0.33704140990735104,0.279164206854001
492,1,Y,Y,J,0,0.34256730151118026,0.7303060892417923,0.38144173533770365,0.28899381040596656
492,2,X,X,D,0,0.3531392962605568,0.75,0.40959119304822683,0.306815217839163
492,3,X,Y,J,1,0.33553733982615963,0.75,0.4026991060911378,0.3112001090975247
492,4,X,X,D,1,0.34312877837431116,0.7194848536159453,0.3620454251369073,0.29614200953778097
492,5,X,X,D,1,0.32368894814221033,0.7453766726959634,0.3638443209157192,0.29827008808439814
492,6,X,X,D,0,0.277266419383325,0.7462376362312227,0.33964260129500157,0.2701929005603745
492,7,X,X,D,0,0.26839276537048923,0.719369407126033,0.3688446351381912,0.2695575227274494
492,8,X,Y,J,1,0.27711539384281525,0.7160544198746501,0.39660480712796053,0.25
492,9,X,Y,J,1,0.3026742631355497,0.7472625050708972,0.4116868255365558,0.25
492,10,X,X,D,0,0.3448384968034154,0.75,0.3575780532566364,0.25
492,11,X,X,D,0,0.3589106864873492,0.7408053243795405,0.3381514268308064,0.2638653148976017
492,12,X,X,D,0,0.3701931935838391,0.7241552590176186,0.3312554030225909,0.29779810953915864
492,13,X,X,D,0,0.34110632515147676,0.7471039664532784,0.32321411965237845,0.28052810978606874
492,14,X,X,D,0,0.3198079664205676,0.7491779978355982,0.3325273687129258,0.3021467935983287
492,15,X,X,D,0,0.3530153985691924,0.75,0.3368970120679405,0.3107804322323455
492,16,X,X,D,0,0.34363301467146534,0.75,0.29962741666860293,0.28004449642078433
492,17,X,X,D,0,0.32804741319272734,0.75,0.3031642813878956,0.28721276162506426
492,18,X,Y,J,0,0.34879812884697314,0.7131197336148423,0.29667212936084075,0.2718756127718556
492,19,X,Y,J,0,0.3654703984723952,0.703897853519509,0.2677814421084909,0.25
493,0,X,X,D,0,0.5391564583528713,0.3934526514293402,0.6637867329006946,0.4440923975387776
493,1,Y,Y,J,1,0.5967132121787336,0.3823269432703987,0.6649137362225601,0.4145615700813609
493,2,Y,X,D,1,0.6126953090037138,0.36143065427315274,0.6438783352128267,0.41221817693164525
493,3,Y,Y,J,1,0.6240298068888681,0.3922572093062265,0.6780228170388306,0.41560667431210596
493,4,Y,Y,J,0,0.6176115610277803,0.38622005622099564,0.6932263683043123,0.44167322927805397
493,5,Y,Y,J,1,0.6002062539944326,0.39798044221694373,0.6575245022514739,0.41989858773411126
493,6,Y,Y,J,0,0.5807772792337691,0.422687973537167,0.6412741044131796,0.4388079222719941
493,7,Y,Y,J,1,0.5996053286743473,0.41063213287448097,0.6264381709574809,0.42919722484603934
493,8,Y,X,D,0,0.5628536466414681,0.4475561101872098,0.6108309904368276,0.4145729283246689
493,9,Y,Y,J,1,0.5479923132785989,0.41495020166342733,0.5728716353171346,0.4090719831863694
493,10,Y,Y,J,1,0.5062824625248458,0.41079276375927176,0.5453940659664901,0.38901958140955756
493,11,Y,Y,J,0,0.4332554076856497,0.3814549794844384,0.5643682978348679,0.3906969383150723
493,12,Y,Y,J,0,0.3865055503387389,0.3784620048300856,0.5469882787960432,0.4128879572929736
493,13,Y,Y,J,1,0.37247744020768064,0.3723659793171102,0.5570085804623996,0.4458589028558968
493,14,Y,Y,J,0,0.3564210018021169,0.3939886550110278,0.6116066992941953,0.45988444475222
493,15,Y,Y,J,0,0.30838830590998956,0.38833360811317574,0.5949091120965455,0.43303469629291436
493,16,Y,X,D,0,0.27091258563539916,0.3664242066566029,0.6570252990476753,0.41477420513807967
493,17,Y,X,D,0,0.29461630311736375,0.35054947536528214,0.6505693228806603,0.43267382937883075
493,18,Y,Y,J,1,0.31006137930695965,0.3469064444413951,0.6296221009067898,0.4598510544705554
493,19,Y,X,D,0,0.3125518464842327,0.32648944182245976,0.6552749543623405,0.41853527524791584
494,0,X,X,D,0,0.5118046089886215,0.4714518771052887,0.525865864513392,0.4875903765615182
494,1,Y,Y,J,0,0.47271323813279315,0.49727755627998776,0.5139222996758975,0.4881810007934697
494,2,X,X,D,1,0.48732702069666756,0.488703378844028,0.5135459595045644,0.47142226950587357
494,3,X,Y,J,0,0.4990066163420857,0.5109548901618108,0.5312343987862221,0.5448554947980535
494,4,X,X,D,1,0.45290882068865645,0.5498818132808612,0.5432131957578741,0.5483262025991564
494,5,X,X,D,1,0.4477040947552752,0.5685163259468157,0.5078789274337958,0.5511309767314309
494,6,X,X,D,1,0.44335273185285834,0.5250688869571383,0.5449866513007655,0.5312759066520543
494,7,X,X,D,0,0.3896919276290501,0.47570769000931207,0.5741473518308499,0.5333572003178821
494,8,X,X,D,0,0.37581718273018155,0.46257197459949095,0.6030952214088058,0.5074999983085188
494,9,X,X,D,0,0.3646907566531098,0.4370049170358925,0.6243517819418645,0.5194578924223867
494,10,X,X,D,0,0.34825926564412046,0.4448482646630004,0.5858673954309729,0.5332466056809732
494,11,X,X,D,0,0.34781725724704565,0.43431633791325325,0.5982484093045247,0.5742566226531218
494,12,X,Y,J,1,0.3634928055900149,0.3890770876738445,0.5788230190312433,0.5997940822217126
494,13,X,X,D,1,0.353488901569725,0.40448083975375426,0.5959399269463397,0.5914489832980299
494,14,X,Y,J,0,0.32605154786545404,0.41639843958487327,0.5817924354314922,0.5983428606930407
494,15,X,X,D,1,0.29591017242271633,0.4248440129910085,0.5805088374846209,0.6191714232776303
494,16,X,X,D,1,0.30559359705393224,0.42175676263859724,0.5823966571247795,0.6771101505698954
494,17,X,Y,J,0,0.3374488881390416,0.39555323568379014,0.5821901816598773,0.6335210100459898
494,18,X,Y,J,1,0.36457981838896203,0.38872953217523953,0.5849037591825061,0.6539880317901415
494,19,X,Y,J,1,0.34849672117234093,0.371062818836583,0.5757820126370321,0.6674374054147052
495,0,X,Y,J,0,0.5632286898101451,0.40838699796080613,0.7487340211507261,0.32985690150573876
495,1,Y,Y,J,1,0.5272161363780631,0.45367208288374533,0.7184626830430543,0.3127152204662283
495,2,Y,X,D,0,0.49321020188745096,0.42667786560780296,0.6863195466855161,0.34485540800449693
495,3,Y,Y,J,1,0.4588667775889069,0.4145315953700531,0.6603212914834148,0.3394929706782349
495,4,Y,Y,J,1,0.4611683050015747,0.41656901025805,0.6450625623863586,0.3237197977929693
495,5,Y,Y,J,1,0.4996575592029036,0.39891316681419814,0.6758827086604111,0.34120049225339305
495,6,Y,Y,J,0,0.49605918797288007,0.4067978999713633,0.6862005315698193,0.3622743184933632
495,7,Y,Y,J,1,0.4803219599357769,0.4290349360697528,0.69488077984515,0.3207228304742258
495,8,Y,Y,J,1,0.5218202950447287,0.3902962728995082,0.7037340168074872,0.3085727744297653
495,9,Y,Y,J,1,0.5282592035211396,0.40936102248704853,0.7453833072275942,0.25
495,10,Y,Y,J,1,0.5042413017384381,0.4700962711065139,0.75,0.25
495,11,Y,X,D,0,0.5605356342958066,0.4452917616363974,0.705930189431132,0.25
495,12,Y,Y,J,1,0.5277062387860233,0.41514532128443676,0.6975635864750879,0.25
495,13,Y,Y,J,1,0.5115152440424499,0.4707454252341611,0.7448845338619914,0.25
495,14,Y,X,D,1,0.5342556006563242,0.45834067654433763,0.75,0.25
495,15,Y,Y,J,0,0.5405075550050124,0.45525622184057996,0.75,0.27056165034934804
495,16,Y,Y,J,1,0.5566215433619884,0.4186900044826497,0.75,0.25642206678175716
495,17,Y,Y,J,0,0.5695108317922556,0.40202933237721383,0.75,0.27154719637188474
495,18,Y,Y,J,1,0.5752854161013846,0.45371601727450683,0.75,0.25146075802298684
495,19,Y,Y,J,1,0.5500013105841587,0.4803498610648871,0.7419787337878173,0.25
496,0,X,X,D,1,0.35992759151794007,0.316565397341831,0.5141363383190898,0.7342780665507503
496,1,Y,Y,J,0,0.3474884333393414,0.3164068648691764,0.49932965887169745,0.75
496,2,X,X,D,1,0.35395845191914665,0.29210284083439375,0.49219435442819237,0.7359196531355273
496,3,X,X,D,0,0.3592097737299933,0.2864925385253749,0.4545538629349386,0.7285337859122989
496,4,X,X,D,0,0.3948008559760181,0.2892198895645798,0.47181816680370736,0.7251354615617261
496,5,X,X,D,1,0.3906975177684895,0.28199555108370195,0.43617209551948827,0.6992806699079155
496,6,X,Y,J,0,0.3867840526028435,0.2655545910465376,0.4517172639700625,0.6684246697230026
496,7,X,X,D,1,0.4134243545558094,0.25,0.43038069517541255,0.6595161715331962
496,8,X,X,D,0,0.4312855354439253,0.25920186010553614,0.44160086850827784,0.6118814028571324
496,9,X,X,D,0,0.43955264599307137,0.27719448542284597,0.4626517824321564,0.6550618240496286
496,10,X,X,D,0,0.417767768200247,0.2571404494028797,0.44478471539561704,0.6454359779922345
496,11,X,X,D,0,0.37996773709607745,0.2531266581525889,0.49561580962189167,0.6371202088021494
496,12,X,X,D,1,0.3715966502033561,0.25,0.46027397878902965,0.644945061005884
496,13,X,X,D,0,0.3695544803235482,0.25,0.4304050605175087,0.6383409558563462
496,14,X,Y,J,0,0.3611530823620414,0.29390584380351226,0.4185827784383026,0.6253400519706458
496,15,X,X,D,0,0.345063910555188,0.3013833759081142,0.43101254282115864,0.5873070563692505
496,16,X,X,D,1,0.3583519219049459,0.3346797335900162,0.4157551886220879,0.590232985653702
496,17,X,X,D,1,0.3573386398342353,0.3366718698695681,0.429065033945353,0.5746626737718226
496,18,X,X,D,1,0.3112381291822437,0.3663648145862914,0.4494618135760302,0.5609628822398898
496,19,X,Y,J,0,0.28485658196276475,0.36587170063548324,0.4338005240107796,0.5873217708134062
497,0,X,X,D,0,0.6548190323616035,0.5756393947177134,0.5339695545312886,0.4035801395400324
497,1,Y,Y,J,0,0.6831049625835632,0.5941411983971815,0.538039070765303,0.3575042769592973
497,2,X,X,D,0,0.6763807015547906,0.5763768348840985,0.5473181792684961,0.3481248079750461
497,3,X,X,D,1,0.7014271996487456,0.6173586404971834,0.5674410407494875,0.32235255349281416
497,4,X,X,D,1,0.7081961462606365,0.6509924202575664,0.5649752249940324,0.3150441062988632
497,5,X,Y,J,0,0.6788297656337754,0.6186649377534061,0.5636754034615866,0.2772375906571389
497,6,X,X,D,0,0.6441565353152061,0.6051682548161906,0.5639545329426853,0.25569556112006553
497,7,X,X,D,0,0.6878785801792234,0.6072114655216803,0.5785986315334952,0.29813845094063673
497,8,X,X,D,0,0.6969915996864663,0.5885693233644463,0.5865230579852881,0.30632257092776505
497,9,X,Y,J,1,0.6731696376694428,0.592250870601581,0.5807853923275932,0.3004603707209688
497,10,X,Y,J,1,0.711901272054063,0.602934292469757,0.5851001866637746,0.29985119765124585
497,11,X,X,D,1,0.7278363685940797,0.6182379418471353,0.6345546507050518,0.2960621701501651
497,12,X,Y,J,1,0.75,0.6297714071285702,0.6349401160045831,0.287086554229757
497,13,X,X,D,0,0.7245556283737956,0.637207903798343,0.6467567248646022,0.318425443369454
497,14,X,X,D,1,0.6889675256046812,0.662716546232228,0.6310840257464415,0.32469389828016354
497,15,X,X,D,0,0.7212442991689063,0.6606922225553647,0.6399566341793477,0.3065323409670346
497,16,X,X,D,0,0.75,0.6624099283661817,0.6795126270197474,0.2911082803252137
497,17,X,X,D,1,0.7111571704331225,0.634173729619375,0.674759067041368,0.25241249864715987
497,18,X,X,D,1,0.7326599007569414,0.6331493787469875,0.6925067393406066,0.25
497,19,X,Y,J,1,0.75,0.640610769193499,0.7403407852554844,0.25904792894025624
498,0,X,Y,J,1,0.4132959191479588,0.273324082565906,0.48879016553784616,0.29117451659364374
498,1,Y,Y,J,1,0.42631753863399385,0.25,0.4812856317884122,0.30892394757199193
498,2,X,Y,J,1,0.44320737664437004,0.2557175627303874,0.45796771478645903,0.3342262190875458
498,3,X,X,D,0,0.44947891162024445,0.27932606873421395,0.4536626731180689,0.3261807077671665
498,4,X,X,D,1,0.44576816194967916,0.29651588744743324,0.40598523836898315,0.3515083902844127
498,5,X,X,D,0,0.4533934188908166,0.2987160090663302,0.370894793579673,0.3432456246507981
498,6,X,Y,J,0,0.46771651677916937,0.3138065043087132,0.354433010545265,0.3394568799627657
498,7,X,X,D,1,0.47578530667817526,0.32913197703529823,0.3825119116367518,0.3265815525780416
498,8,X,Y,J,0,0.47033610922682395,0.3254676250899101,0.364796952499938,0.36737889637033905
498,9,X,X,D,1,0.4651750732033422,0.3318506221886381,0.3591462171804115,0.3850979624011906
498,10,X,Y,J,0,0.4739235590930067,0.3384053440994404,0.3454467991516031,0.42183705269481114
498,11,X,X,D,1,0.4615220338211883,0.37305095494089074,0.2916958955899452,0.4230578729919134
498,12,X,X,D,0,0.47629559538786526,0.4017770032163604,0.2518760897831137,0.4299365203476897
498,13,X,X,D,0,0.4595939298854103,0.44204123382358074,0.25,0.442536162586254
498,14,X,X,D,1,0.475060775861163,0.4179402756815516,0.29961646341029186,0.4865580688783287
498,15,X,Y,J,1,0.4535966443389579,0.38942426811514175,0.31138680228607696,0.47673599021078167
498,16,X,Y,J,0,0.5044578310546209,0.3844053040759534,0.3380218943134225,0.5193454093632218
498,17,X,Y,J,1,0.4797549472491445,0.38739681058556064,0.3429584419267575,0.5283778162074763
498,18,X,X,D,0,0.434476094850278,0.3311296705941821,0.3376637194057632,0.5348728347313276
498,19,X,Y,J,0,0.44995151311925063,0.3363141791470761,0.3092321502860844,0.5447328560367948
499,0,X,X,D,1,0.49725843858441493,0.47396630504433984,0.5680294676699865,0.25045370936267247
499,1,Y,Y,J,0,0.47786326368148535,0.4736391761819487,0.5594119644432822,0.25
499,2,X,X,D,1,0.4990940862307316,0.43917434469906536,0.5811839880182516,0.26128166940499764
499,3,X,X,D,1,0.4800512468886098,0.3958694293284059,0.5807880747211734,0.28287470058678327
499,4,X,X,D,1,0.51126811488213,0.374733040607047,0.5602060150704974,0.2917750127821932
499,5,X,X,D,1,0.509646715141104,0.3757224990334371,0.570153058053858,0.295471357498597
499,6,X,X,D,0,0.5520514198902958,0.37506631140750085,0.5815812613543343,0.2768790993623436
499,7,X,X,D,1,0.5352927925982416,0.3305116928111791,0.5766809434638108,0.2594924121434738
499,8,X,X,D,1,0.5386844021337813,0.32206222429056935,0.5897968007137645,0.2902206964897659
499,9,X,X,D,1,0.5291972363979006,0.3185236657203682,0.5901372904780482,0.30218346527856543
499,10,X,X,D,0,0.539967081564065,0.35857175231377497,0.5941771354820422,0.3059195297554648
499,11,X,X,D,0,0.543622317844967,0.3670193137278139,0.5781235977916895,0.27881129439565866
499,12,X,X,D,0,0.5119493771148985,0.34057041675954364,0.5793529759416055,0.26608330229363764
499,13,X,X,D,0,0.4882031094830854,0.32885288717873684,0.5779449272362064,0.26965908628635904
499,14,X,Y,J,0,0.5203546742339953,0.3599260951916538,0.5713039508417248,0.2884351892701851
499,15,X,Y,J,1,0.5470729817325569,0.36966138578733754,0.5382438766743266,0.25
499,16,X,Y,J,1,0.5497251897524489,0.3846675576898878,0.5329647170490703,0.25759941255122254
499,17,X,X,D,0,0.5808831813633397,0.42295143134693736,0.5305704033729445,0.25
499,18,X,Y,J,1,0.6057652143214546,0.40910318720936706,0.5435392838178229,0.25
499,19,X,X,D,1,0.6433812637398487,0.41666615333325446,0.5610252150703954,0.25
500,0,X,Y,J,0,0.6644371819712253,0.5202700823148043,0.486873055049461,0.5950287144608273
500,1,Y,Y,J,1,0.6509341292366031,0.5354360637923257,0.5254083607564363,0.5617954019686593
500,2,Y,Y,J,0,0.6792000898158668,0.536232610108973,0.5439233297090419,0.5301032546952478
500,3,Y,Y,J,0,0.6762573214480614,0.5497643216532837,0.6033357747887683,0.45608397886636254
500,4,Y,Y,J,1,0.6470152839153619,0.5611624209243679,0.6342497608091356,0.4648520589462334
500,5,Y,X,D,1,0.6480412645391834,0.5678053151254551,0.6476212898799644,0.4643878565352097
500,6,Y,Y,J,1,0.6936378194690987,0.5754985986223089,0.6023062694199405,0.4716801423266719
500,7,Y,X,D,1,0.6635223823440096,0.5537255733397348,0.5960735554445628,0.4758336146922268
500,8,Y,Y,J,0,0.653946376485521,0.5844743492967445,0.5671182340895412,0.4822051361941449
500,9,Y,Y,J,0,0.6719079346671276,0.5807167097376914,0.5191041042949351,0.48396400248075944
500,10,Y,Y,J,0,0.6752287511542354,0.5652011622787476,0.5060029846808997,0.4833969096701664
500,11,Y,Y,J,1,0.6633653910152773,0.5544810004325488,0.5097965529456673,0.477917194691092
500,12,Y,Y,J,0,0.6866300336827709,0.510489311381257,0.5230968036115196,0.46032408689531457
500,13,Y,Y,J,0,0.6701760130332831,0.5023981150042095,0.5214488712561757,0.47775179832744835
500,14,Y,Y,J,1,0.7253757988476476,0.45772556511973006,0.5614134916599469,0.4872379201248048
500,15,Y,X,D,0,0.75,0.44616091483156006,0.5842387734576089,0.5216775714150067
500,16,Y,Y,J,1,0.7314979331088874,0.46463603182232577,0.5608019076088656,0.5459916471840759
500,17,Y,Y,J,1,0.75,0.4971597191810361,0.5456938331980441,0.5437696187636766
500,18,Y,Y,J,1,0.75,0.4889246966055236,0.5091846819627115,0.5344930831039402
500,19,Y,X,D,1,0.7144444006431057,0.5078636526998772,0.5016818479007674,0.539704080803245
501,0,X,X,D,0,0.6690967553516595,0.7270638065919044,0.38816369619413316,0.36983109678152126
501,1,Y,Y,J,1,0.6629017974724815,0.6781699512659731,0.3534291582331862,0.3730997438021708
501,2,Y,X,D,1,0.6409424131786965,0.647548534170207,0.3458028368865683,0.3738420522886017
501,3,Y,Y,J,1,0.6528198142486324,0.6127121474005495,0.37822840516498274,0.4057844387799074
501,4,Y,Y,J,1,0.6177249492258928,0.6263152679352164,0.37845100561384354,0.4023344187202976
501,5,Y,Y,J,1,0.6635192509347463,0.6049036455090626,0.34413260719573385,0.43322014333915476
501,6,Y,Y,J,0,0.687920825556391,0.6166172198662532,0.33408538901832885,0.4596149102414218
501,7,Y,Y,J,0,0.6772965370250691,0.643013722573296,0.25640326057419804,0.43966935540585167
501,8,Y,X,D,1,0.6517740593658066,0.6615511448069978,0.25078162933784964,0.45632492737754865
501,9,Y,Y,J,0,0.648827396176577,0.7173986760951364,0.25,0.4482685655284858
501,10,Y,Y,J,0,0.6716283575173639,0.709321252978039,0.28753746426142673,0.4741515259636438
501,11,Y,X,D,0,0.6505912838480828,0.7148965142197712,0.25743213664573716,0.5315557428294799
501,12,Y,Y,J,1,0.6693096725486912,0.7483670212617075,0.2688332851838395,0.5759839656406316
501,13,Y,Y,J,0,0.6345899013820178,0.7423927399347291,0.25,0.5552212934065129
501,14,Y,Y,J,1,0.6300488357403115,0.6977496746866443,0.25,0.5193887561254733
501,15,Y,Y,J,0,0.6056818180697311,0.6952549414187122,0.25,0.5935886080058104
501,16,Y,Y,J,0,0.6309118308890787,0.7248999798671081,0.25,0.6105349483713783
501,17,Y,Y,J,0,0.623318412081575,0.75,0.25,0.5757653434899215
501,18,Y,X,D,0,0.6907186413956886,0.742049967888125,0.27648328790716514,0.5566463182330192
501,19,Y,Y,J,0,0.679721060112055,0.7142348977772249,0.29035067976021106,0.5221038348193542
502,0,X,Y,J,0,0.48311064669752307,0.48666351640237615,0.2916808127647138,0.432821840941473
502,1,Y,Y,J,0,0.4742884951013772,0.4906268689251179,0.2704595976944259,0.4227857188938907
502,2,X,Y,J,0,0.4540447643359797,0.49483011920715014,0.28897961914001713,0.3925123631777072
502,3,X,X,D,1,0.49114086095238335,0.47919297056246,0.30253430534984144,0.4014153880679922
502,4,X,X,D,1,0.4820550834673174,0.4909440560495507,0.25,0.40871077624132957
502,5,X,X,D,1,0.48065843266452246,0.5031734959295567,0.2504744578343884,0.3866927222291247
502,6,X,X,D,0,0.4587025256114239,0.4901362140456132,0.2624917548626913,0.44327878851256414
502,7,X,X,D,0,0.40139079110910797,0.47861579061543624,0.2586233095646802,0.4871756597667208
502,8,X,X,D,0,0.40965520709048736,0.48969557838944733,0.2612292754107235,0.47486500349531674
502,9,X,Y,J,0,0.37403861936535804,0.5056135786893098,0.25767580067862383,0.45096385474078254
502,10,X,X,D,1,0.4036904122133237,0.4904836041580675,0.25,0.47655973964486786
502,11,X,Y,J,0,0.41312738042217156,0.5097682759070918,0.25,0.48881156388502595
502,12,X,X,D,0,0.44556918531558454,0.5205699249343516,0.2738243415948201,0.4898868561899752
502,13,X,X,D,1,0.45854159516973825,0.5133330479233881,0.25,0.4814151272277569
502,14,X,X,D,1,0.49011419771738635,0.5302869765106081,0.2779440894966834,0.493430102786606
502,15,X,X,D,1,0.49369904102042717,0.5506920347452042,0.3077790934696764,0.47827568162252254
502,16,X,Y,J,1,0.49255043433969947,0.5408636864821058,0.3214707019440768,0.4882217536933658
502,17,X,X,D,0,0.47719878521474624,0.5308828674649084,0.362014724500767,0.507896379576672
502,18,X,Y,J,1,0.4595249390952168,0.5251346957862487,0.3378266761074024,0.508610851636095
502,19,X,Y,J,0,0.4590703036690751,0.5310334426012908,0.38727968270477403,0.4813035624114225
503,0,X,X,D,1,0.4472694729256128,0.689202454706177,0.5955117959306224,0.5472232819198306
503,1,Y,Y,J,1,0.4454027221916134,0.6760340270999813,0.5733074623504977,0.5428576340390916
503,2,X,X,D,1,0.44836245494286187,0.746640329620591,0.5403941457574961,0.516849216074909
503,3,X,X,D,0,0.47061024918814953,0.75,0.56027443112969,0.5326774080342733
503,4,X,Y,J,1,0.5240817652248412,0.75,0.5768376717192838,0.5100636048845139
503,5,X,X,D,1,0.48060896519473917,0.75,0.561806933512764,0.504197189876138
503,6,X,Y,J,1,0.46933312850725467,0.7250136563970089,0.5370263386346695,0.5146934841050251
503,7,X,X,D,0,0.4710178117593806,0.6708354714417701,0.5255328871342505,0.5142072392246821
503,8,X,Y,J,1,0.4881335676703636,0.6444526277185684,0.54895108033852,0.49007873401229535
503,9,X,X,D,1,0.4791680401361054,0.6365333223528743,0.5817064183658133,0.46801715570477725
503,10,X,Y,J,0,0.5104453856907211,0.6530613190332424,0.6305711222995359,0.4787348428191931
503,11,X,X,D,0,0.4943654967955873,0.6237431206889601,0.6250530530358606,0.4802719081600405
503,12,X,X,D,0,0.4785223320395881,0.6095018289404994,0.6360220786362712,0.5061162221392435
503,13,X,X,D,0,0.4517564281232635,0.5910057895418321,0.6697009856698614,0.5549077031552582
503,14,X,X,D,1,0.4595374717103489,0.590779238903699,0.6717013754106687,0.5218152902691086
503,15,X,X,D,0,0.483390824954903,0.5952901740895107,0.6831210046215455,0.5416175474001692
503,16,X,X,D,0,0.49946368387500956,0.5736492823548948,0.6525859015927612,0.5774136930605609
503,17,X,X,D,1,0.5005947982446926,0.602320841737362,0.6237876079712037,0.6123807000877252
503,18,X,X,D,0,0.5283079415028006,0.5930933541136248,0.6259394413148562,0.6487923968146074
503,19,X,X,D,1,0.5339878377285479,0.5836331558689278,0.6227586013362046,0.6451979347683658
504,0,X,X,D,0,0.7133061949970887,0.6405147731932943,0.6317533118126872,0.7010611896281884
504,1,Y,X,F,1,0.6545663878538219,0.6384717804560539,0.63746744514402,0.7080800449099425
504,2,Y,X,F,0,0.6414500807287945,0.6961802355879307,0.6551132647595076,0.6722980605668852
504,3,Y,Y,J,1,0.6208584312955118,0.682492447771827,0.636550843199511,0.69293958222467
504,4,Y,Y,J,1,0.6398367272996927,0.6897148151307108,0.6304691122297155,0.6856132658856715
504,5,Y,Y,J,1,0.6824188498390743,0.7391786214708227,0.6405594499024727,0.6884099480695925
504,6,Y,Y,J,1,0.673783550571969,0.75,0.6774517574876782,0.6513618555177282
504,7,Y,Y,J,1,0.7173615627009577,0.7468225590726856,0.6691248740692799,0.6368616604357996
504,8,Y,X,F,1,0.75,0.7473204608078003,0.6484380044083258,0.6487788022885469
504,9,Y,Y,J,0,0.7458703197100197,0.75,0.6313290280784151,0.607439881693012
504,10,Y,Y,J,0,0.75,0.7349935831487636,0.6923804164622902,0.6189600903910787
504,11,Y,X,F,1,0.75,0.7304146232017893,0.6439973812299792,0.6694111286924647
504,12,Y,Y,J,1,0.75,0.7061696605095916,0.6238481579474923,0.6426552218805854
504,13,Y,Y,J,0,0.75,0.6970719707891461,0.6169163115683435,0.6105648471143031
504,14,Y,Y,J,0,0.7440526126428667,0.7149736343149583,0.6232307908174501,0.5930648369152187
504,15,Y,X,F,0,0.7385572733816855,0.7092791974645012,0.6314709414915245,0.6206018550361982
504,16,Y,Y,J,1,0.7366326867175701,0.7018095096029382,0.6215852209034017,0.6304799859402404
504,17,Y,Y,J,1,0.7273885550946579,0.7079744745692397,0.6128652812886133,0.6594351384708892
504,18,Y,Y,J,1,0.75,0.7111778928696334,0.6200142283155663,0.6543477392141226
504,19,Y,Y,J,1,0.75,0.719740263101797,0.5859633242038965,0.6339013332364378
505,0,X,X,D,1,0.6733182890600384,0.6520400663625172,0.3148951615552455,0.7161722748820953
505,1,Y,Y,J,0,0.6660847334578992,0.6413003665831003,0.3124889952054511,0.735175304284737
505,2,X,X,D,1,0.6784341945089775,0.6236999632021215,0.2814055220484735,0.6906466237895588
505,3,X,X,D,1,0.6783121397898112,0.6023917356920201,0.31609383121419526,0.6838405122457297
505,4,X,Y,J,0,0.6859456639318966,0.5891290685860786,0.3124287723673456,0.7132906984612202
505,5,X,X,D,1,0.6806947411652581,0.5675451320057388,0.3194740321070628,0.7283583010162662
505,6,X,X,D,1,0.6742415817528861,0.5466194269493523,0.2898237294081378,0.75
505,7,X,Y,J,0,0.7026441868320877,0.5629249283886264,0.2883758653266044,0.75
505,8,X,X,D,0,0.7224863920240101,0.5763442061753223,0.3124710004433527,0.75
505,9,X,Y,J,0,0.7448977107046479,0.6001075057524811,0.30754370948671794,0.7499800120110791
505,10,X,X,D,1,0.75,0.5524038075073122,0.3459710996199398,0.7430501963286542
505,11,X,X,D,1,0.75,0.5190239955824341,0.3170096694420249,0.7251264959170616
505,12,X,Y,J,0,0.7486426659619453,0.520543378066041,0.3078080258194019,0.6920773694113701
505,13,X,X,D,1,0.748658240363881,0.5398016621718589,0.2963498098326436,0.6509329463601938
505,14,X,X,D,0,0.7147077317735882,0.5271072953415219,0.2862531827499669,0.647439992127374
505,15,X,X,D,1,0.7120921564321456,0.5299365730651686,0.31546330876614803,0.660593797026375
505,16,X,Y,J,1,0.6843947421173,0.5103738463142531,0.28679663041110587,0.6852937512999688
505,17,X,Y,J,0,0.686744642113264,0.5227356840024799,0.31249729627046197,0.7247852402439562
505,18,X,X,D,1,0.6996782319049232,0.5396203768538071,0.2975790489849494,0.737798338903401
505,19,X,X,D,0,0.6446254104738055,0.5631651760774754,0.302528870148208,0.731360875611589
506,0,X,Y,J,0,0.2921636869530489,0.41996585037052564,0.5100716713029858,0.25478108260373195
506,1,Y,X,D,1,0.2956416943132746,0.39125497415501853,0.5152971684158789,0.25
506,2,X,Y,J,1,0.2883730525758755,0.35630796541882237,0.5251018502545961,0.2737843916428171
506,3,X,X,D,0,0.2986013349212382,0.33548615164718515,0.5223410851267273,0.25843814378357083
506,4,Y,Y,J,1,0.2866683267697017,0.3281785790435307,0.5185344845060658,0.2744930032019286
506,5,X,X,D,0,0.3874382670312415,0.34673353762766956,0.490751121605517,0.25
506,6,X,X,D,0,0.370265636636916,0.35051969403797195,0.4535499521173691,0.25
506,7,X,X,D,1,0.3953216756513699,0.32756670739464017,0.4578330064830293,0.25
506,8,X,X,D,1,0.415284472255811,0.3270690800332587,0.4978945254299251,0.28527224548443225
506,9,X,X,D,0,0.4154616107179792,0.32024797496196233,0.48286644250106237,0.25
506,10,X,X,D,1,0.39969884073626727,0.3261359162631053,0.4396825265749421,0.25
506,11,X,X,D,0,0.3689408474866275,0.33243897556206026,0.4323149602939208,0.25
506,12,X,Y,J,0,0.409212401921456,0.31682388742547457,0.43175149908868315,0.25
506,13,X,X,D,0,0.4332563117327176,0.33013941813915754,0.39885005210842817,0.25
506,14,X,X,D,0,0.4343924754092553,0.3522496966849884,0.41479118212849464,0.25
506,15,X,X,D,0,0.4373726521148215,0.35033585996847183,0.3746306113834679,0.25
506,16,X,Y,J,0,0.4745437011977957,0.35214956899390515,0.35835882984334727,0.25
506,17,X,X,D,0,0.4647671245704533,0.34249360439838816,0.3609618298876715,0.2711043655750319
506,18,X,X,D,0,0.4814569179522514,0.3538790979565352,0.33809545404065977,0.2834415940955837
506,19,X,X,D,1,0.4609192151332937,0.37767549225228775,0.3291737697894902,0.2719290249960505
507,0,X,X,D,0,0.2580454625220543,0.7251517002972354,0.6037500976857271,0.2687716707422136
507,1,Y,Y,J,1,0.25,0.75,0.6306100879416705,0.2528011536051113
507,2,Y,Y,J,1,0.2575918402742502,0.7290914758132896,0.6627033152867022,0.25494751544995053
507,3,Y,Y,J,0,0.2754309413284618,0.7360327540539179,0.6342125836954597,0.26918756612804295
507,4,Y,Y,J,1,0.25,0.6990173705243988,0.6143810411622698,0.2746673979699595
507,5,Y,Y,J,1,0.2858517935575942,0.7200866056598844,0.6235324612954694,0.26827411264910683
507,6,Y,X,D,0,0.2752492552513096,0.6855636384822203,0.6051987001327076,0.25820958055153914
507,7,Y,Y,J,0,0.283112968454659,0.6842693409773263,0.5541235234315922,0.28504636938564715
507,8,Y,Y,J,1,0.2669606085640117,0.6836230180689111,0.6110598093139464,0.2726071757449177
507,9,Y,Y,J,0,0.3124543753230392,0.7022374450106578,0.5832597520083502,0.27508741765898787
507,10,Y,Y,J,0,0.3058503799961767,0.6784797693499999,0.5847816871054641,0.280884415243632
507,11,Y,Y,J,0,0.29431135670229636,0.6617472093898736,0.5570049116613288,0.2926565026406737
507,12,Y,Y,J,0,0.2981473443483528,0.6331190866606509,0.5344313592023862,0.25539244529127614
507,13,Y,Y,J,1,0.298817198078633,0.5748592756260037,0.5322179624511052,0.2564185420812422
507,14,Y,Y,J,0,0.25,0.5768978163031103,0.5622096621938164,0.2832037712606828
507,15,Y,X,D,0,0.25,0.5660529212359731,0.5460633975350669,0.25
507,16,Y,Y,J,0,0.2793665973990618,0.5276867708845517,0.5510824226951315,0.25
507,17,Y,X,D,0,0.27773898231624355,0.49626130417296527,0.542185944950386,0.25
507,18,Y,X,D,1,0.2826266737908932,0.5191161362551047,0.5325172625854784,0.2544489177828029
507,19,Y,Y,J,0,0.25,0.5498488566297731,0.5422024315663653,0.2504493682511181
508,0,X,Y,J,0,0.6633589385912702,0.51968564628745,0.5936394415152437,0.5837233208661746
508,1,Y,Y,J,0,0.7189223184984732,0.5275790530960563,0.5984454068317404,0.6012441635184331
508,2,X,Y,J,0,0.7061144470189129,0.5354257813048766,0.5783245587071321,0.5754528424331575
508,3,X,Y,J,0,0.6974571868250732,0.5401971436827119,0.5687031331744374,0.5648419424829885
508,4,X,Y,J,0,0.709034398763053,0.5401254101641929,0.5767895303287558,0.5695765219198278
508,5,X,X,D,0,0.6852945659182534,0.5502842444226635,0.5880349663333493,0.5904247216111851
508,6,X,X,D,1,0.6984182860694325,0.511756600890513,0.5672136503044628,0.6384673714982396
508,7,X,X,D,1,0.6622650532012435,0.5553430838030147,0.5237187729390178,0.6405002842130171
508,8,X,X,D,1,0.6424812043311764,0.5613901558669449,0.549781252581246,0.6415091969557563
508,9,X,X,D,0,0.6479040033836067,0.5492053681596107,0.5938183840152527,0.6536142635111433
508,10,X,Y,J,1,0.6660468045611383,0.5396265176226774,0.5801780928578875,0.6516638696609852
508,11,X,X,D,0,0.6722094334074795,0.5092453676833318,0.5928431432642872,0.6267924027888787
508,12,X,X,D,1,0.7027557456056944,0.5044409257534952,0.6261272713398577,0.6407300503445984
508,13,X,Y,J,0,0.6917854327108112,0.5261764048214798,0.5991100649428013,0.6619463196901274
508,14,X,X,D,1,0.6915780351040083,0.5266724064772097,0.6036990590481246,0.6660984580662993
508,15,X,X,D,1,0.6838786621705826,0.5443345972513137,0.6227264702230231,0.6769875650433833
508,16,X,Y,J,0,0.7038266130193405,0.50898221268233,0.6548249980793139,0.6702631914073743
508,17,X,X,D,1,0.7142159760001586,0.5412444608307272,0.6362045779936344,0.6475960353542624
508,18,X,X,D,1,0.737093224008984,0.49515463121660547,0.626039282450603,0.6387757487509121
508,19,X,Y,J,1,0.7044187399388143,0.5216768659479479,0.6622890502632077,0.5898974926552649
509,0,X,X,D,1,0.49223249754262444,0.615777568127754,0.5614100393389694,0.6710573747431867
509,1,Y,X,D,0,0.4794435497673102,0.6027622263572278,0.5551657473763094,0.6699491852330246
509,2,X,X,D,1,0.4738975049392348,0.5693621445156819,0.5822116165226049,0.6761239586826155
509,3,X,X,D,0,0.49578579779852555,0.5697338202108821,0.6088470222395616,0.6609050574897644
509,4,X,X,D,1,0.43573728992830296,0.6203021454752972,0.6267428055619916,0.6229568081733441
509,5,X,X,D,0,0.4557099308851716,0.6310171726590473,0.6256666215684399,0.6018418027430291
509,6,X,X,D,0,0.45906802518045176,0.6564225781899377,0.6313788662662924,0.5925616100362044
509,7,X,X,D,0,0.47787928969755816,0.6916662597333547,0.6046784503396632,0.576771166840248
509,8,X,X,D,0,0.47032745189016867,0.6562589501237347,0.577341238438104,0.5655276762034771
509,9,X,Y,J,1,0.4726548031702422,0.6541707863602255,0.5785848377696586,0.5325083040554562
509,10,X,X,D,0,0.45605760412895424,0.6581653150025621,0.5715392802131032,0.546222104201751
509,11,X,X,D,0,0.4801391569079067,0.6630142121418106,0.5827270590133764,0.5683141919830602
509,12,X,X,D,1,0.4597014464916285,0.6449751872709601,0.5829660172084479,0.5567817455715198
509,13,X,X,D,0,0.47371303539677007,0.6899053066728977,0.5335524925458219,0.529281507244745
509,14,X,Y,J,0,0.44946160200800445,0.6531317242877809,0.5235673287807738,0.5147907620558646
509,15,X,X,D,0,0.4741712208327389,0.6455607712180594,0.5457321974402582,0.5191512444532083
509,16,X,X,D,0,0.4760247905102784,0.666732163137475,0.5385651081667422,0.5100485182629527
509,17,X,X,D,0,0.46397557017502855,0.665084589780533,0.5010673215292052,0.4742500501344487
509,18,X,X,D,1,0.48444713399871864,0.6859740535732252,0.49612483441186933,0.4614073671832575
509,19,X,Y,J,0,0.5254481359933427,0.7239524253751252,0.4782999320039936,0.498913433880444
510,0,X,Y,J,1,0.6463691692929326,0.6464180298372513,0.5343697223718122,0.4902130796478132
510,1,Y,Y,J,0,0.6901688214371117,0.6457772764658184,0.5026611863476422,0.47348298672863287
510,2,X,X,D,1,0.6876304807511799,0.6568133685528753,0.473451021254245,0.44203323381727444
510,3,X,X,D,1,0.7235061627065826,0.6714710465628396,0.47286105908939785,0.43083344014199815
510,4,X,X,D,1,0.7201650965719734,0.6778679031297151,0.48072820528387106,0.4467830189281198
510,5,X,X,D,1,0.7347789344358788,0.6828715938545584,0.47349405913585774,0.3757042073893946
510,6,X,X,D,1,0.686390775450534,0.6683453819522462,0.478794268731672,0.3234623539236036
510,7,X,X,D,0,0.7186303933274892,0.6229749884127563,0.4961775120566067,0.3116281626143427
510,8,X,X,D,1,0.6967473908336739,0.6396007209932101,0.5165736381170285,0.320670151182805
510,9,X,X,D,1,0.7237343672330997,0.5894832106710055,0.5289582227771414,0.366059893352584
510,10,X,X,D,1,0.75,0.5627675341515551,0.5435944969478059,0.3701236105622622
510,11,X,X,D,1,0.75,0.5423034724639437,0.5140193021427857,0.40919325566278103
510,12,X,Y,J,0,0.7445807971364481,0.5384435635750162,0.4964191230983625,0.4684196236703241
510,13,X,X,D,0,0.7445533642838432,0.5175648932697823,0.5334721365254861,0.4818470248314282
510,14,X,Y,J,1,0.7310116733842457,0.5413322995658174,0.5365279688515047,0.4667946145034192
510,15,X,Y,J,1,0.75,0.5497106735123783,0.6153714365797557,0.4383216251667263
510,16,X,Y,J,1,0.75,0.5593033600486091,0.6121673467619088,0.4239117335741547
510,17,X,Y,J,1,0.7408380462005337,0.5681827765735189,0.5588615838346818,0.44834893283152516
510,18,X,X,D,1,0.7098274275453413,0.5526814866370148,0.5499381170624208,0.46247317809526933
510,19,X,X,D,0,0.7261545353743645,0.5380642248833597,0.5345941950738804,0.44666507985559717
511,0,X,Y,J,0,0.47385375998742113,0.6575669747158159,0.32479318502780485,0.5729228786404037
511,1,Y,Y,J,0,0.49334528859124127,0.6901687753326886,0.3230903216561028,0.5587961169867576
511,2,X,Y,J,1,0.5119342210042792,0.6778623729413417,0.3267386786241657,0.5533418624475551
511,3,X,X,D,0,0.5327108777166771,0.6674307324084244,0.2999973618894676,0.5939222275677982
511,4,X,X,D,0,0.5407523107542478,0.6683747932066109,0.31289004818781707,0.6230192812275417
511,5,X,X,D,0,0.5084137039956084,0.6643192750463092,0.30475957200816506,0.6165764833818135
511,6,X,Y,J,1,0.508127502181283,0.6732864620784506,0.28741348167585734,0.608406728667097
511,7,X,X,D,0,0.5164174561171414,0.6522157834680593,0.27241092295580605,0.6443056437080746
511,8,X,Y,J,1,0.5566621440571836,0.6689952875312302,0.25,0.6717587085072181
511,9,Y,X,D,0,0.5565688040992222,0.6959637719285053,0.25,0.653367821254958
511,10,X,Y,J,0,0.5774086470387653,0.6938890880425116,0.2519034268685408,0.6431130089433374
511,11,X,Y,J,0,0.5991385187753345,0.6953506351174141,0.25,0.6476487303706784
511,12,X,X,D,1,0.603351716534294,0.7204085308318312,0.2783283200342305,0.6218300250903828
511,13,X,X,D,1,0.6049347213009894,0.7070540622640632,0.29141407661167484,0.6157527369874056
511,14,X,X,D,1,0.5700208739582542,0.6858520722846465,0.3036146204777146,0.6301077686410614
511,15,X,X,D,1,0.5992841091018161,0.6808388465961782,0.30150920579077184,0.6411489565326989
511,16,X,X,D,1,0.6077303199153292,0.6783547516758185,0.3224804600912416,0.6541104415242931
511,17,X,X,D,0,0.5843982547040197,0.6861011464372608,0.2962788063040099,0.6314671202412032
511,18,X,X,D,0,0.593437156999391,0.6587500958770991,0.31969714307188635,0.606510771455231
511,19,X,X,D,1,0.6310713163678074,0.6942604398500887,0.3227058365041629,0.6047628502270604
512,0,X,X,D,0,0.27546712674400675,0.4118550990245248,0.4363945374268094,0.5610410542332261
512,1,Y,X,F,1,0.27252954574818744,0.4351622279051693,0.40275233173302116,0.537256839070186
512,2,Y,X,F,0,0.292464505927449,0.4324508049900277,0.3832123949433974,0.5207407857368033
512,3,Y,Y,J,0,0.27654547743559693,0.4444687997167324,0.39299002368532987,0.4875055235745928
512,4,X,Y,J,0,0.283410267497842,0.3892673459898095,0.3601485702391801,0.5293406711755284
512,5,X,X,F,0,0.2857439066100509,0.3506708417494617,0.37349721058672475,0.5167633801784474
512,6,X,Y,J,0,0.28943680950059064,0.33535868653699963,0.35719841779069,0.4935127851270242
512,7,X,X,F,0,0.34409283716841527,0.33939434010211916,0.3742008833570752,0.4886458824013708
512,8,X,Y,J,0,0.3379422606328753,0.32583392329782024,0.36384535086317565,0.5053139729606428
512,9,X,X,F,0,0.324081842459157,0.3387640045278373,0.3814440613968947,0.4639799900267082
512,10,X,X,F,0,0.37111636335233045,0.3387818577095571,0.34832706846576367,0.4956009506356324
512,11,X,Y,J,1,0.32380844257587604,0.3547636354502485,0.31061280659627255,0.5349150164395502
512,12,X,X,F,0,0.32242380825818984,0.37161452680997775,0.29215402709703564,0.5362518150977463
512,13,X,X,F,0,0.3267626222397212,0.3578684072048881,0.3297383952751497,0.5475563863768296
512,14,X,Y,J,0,0.33007241414855787,0.34828410854077585,0.3071860575108382,0.5601490851568017
512,15,X,X,F,1,0.29610967504488683,0.3377630386061439,0.3342234417732313,0.5545451633088407
512,16,X,X,F,1,0.29394765528124545,0.3613869758858004,0.3409086619278934,0.5375115733372364
512,17,X,X,F,1,0.2789366707760228,0.35136089487752825,0.3530671101652682,0.5792293207235314
512,18,X,X,F,0,0.30979949289225983,0.3625130978260797,0.35482635507222227,0.5831402194221327
512,19,X,X,F,1,0.35232513244765584,0.376712154016395,0.35469429120913964,0.5810116101707211
513,0,X,X,D,1,0.3821534453978606,0.6575522962502814,0.6469277370313276,0.48901475440128184
513,1,Y,X,D,0,0.3598931263164278,0.650418747909176,0.6610684279208434,0.5094309261953538
513,2,X,X,D,0,0.33816576967578393,0.673528494657289,0.6475568486156713,0.5312253185539557
513,3,Y,Y,J,0,0.3122579053536497,0.7099485431458273,0.6108326006671956,0.5140179514821158
513,4,X,Y,J,0,0.28673857006878545,0.6893546763658551,0.6174767231263917,0.4721220589755467
513,5,X,Y,J,1,0.3257219294814823,0.684110065606026,0.6607203601232429,0.41921678821998376
513,6,X,X,D,1,0.3442699996973584,0.7260363030706138,0.661074613405433,0.4133587029362484
513,7,X,X,D,1,0.3437256528310477,0.7154804638711524,0.6732880357771697,0.391193584276964
513,8,X,X,D,1,0.3565704247939168,0.72986367524385,0.6580904145008573,0.36694798597056544
513,9,X,X,D,0,0.31822405853673136,0.6938237073381416,0.6390796703088966,0.327396009943476
513,10,X,X,D,0,0.3386737561086096,0.6726382214373327,0.643336778237815,0.3312358725455594
513,11,X,X,D,1,0.33631284620474067,0.6902187802091165,0.6549728491058636,0.3472330894393369
513,12,X,X,D,1,0.3042421510032267,0.6517616843017243,0.688504130599493,0.28617124528264326
513,13,X,X,D,1,0.33185215039700233,0.6638573878904498,0.6799330302396683,0.31991122697585833
513,14,X,X,D,1,0.3255506666981994,0.6417140938520955,0.6377623700241062,0.3054549422607709
513,15,X,X,D,0,0.29093438226189416,0.6230410041377744,0.6105686652939517,0.29606893932416073
513,16,X,X,D,0,0.27632321544696387,0.643121777170303,0.6106478771211689,0.2786019047513762
513,17,X,X,D,1,0.2668319608319797,0.6313479615930234,0.5768913199325074,0.30319571143562335
513,18,X,X,D,1,0.25,0.6476888158459165,0.616293496391302,0.2988410550354391
513,19,X,X,D,0,0.28847837644006497,0.6541287480924377,0.6672835148780184,0.2837833733817047
514,0,X,X,D,1,0.49744786846012234,0.5116167847003539,0.5102543632623253,0.609149040912078
514,1,Y,X,D,0,0.4826549957723833,0.5356957086431295,0.48922059726983186,0.6019329485384672
514,2,X,X,D,0,0.4731438128731822,0.5723668894412582,0.5096599158764183,0.596026985292545
514,3,Y,Y,J,0,0.4262177814948833,0.572453359447879,0.5313089555707531,0.5866461378602534
514,4,X,X,D,1,0.436673921126911,0.5809058871956772,0.5445687789543189,0.5687018813945632
514,5,X,X,D,1,0.4294410277486462,0.5982035507460206,0.5565708520758283,0.5692571188034619
514,6,X,X,D,1,0.40804297914715715,0.5927327111231872,0.5769269908035023,0.5734616951012967
514,7,X,X,D,1,0.4263193461372416,0.6236174743621672,0.5528595437131173,0.6099747895800576
514,8,X,X,D,0,0.38748266645998986,0.6416251921518585,0.5206114866808805,0.6020868938577582
514,9,X,X,D,0,0.35504439580334646,0.6158925313777691,0.5291056900293513,0.6143103779339976
514,10,X,X,D,0,0.3265000146995643,0.5939069551820663,0.5292503638497456,0.6177451716394278
514,11,X,X,D,0,0.31810944044879635,0.6209498293238422,0.5182154660467275,0.6137965580248772
514,12,X,X,D,0,0.2944046896394868,0.6354510893699755,0.5445335651720038,0.6056739253697948
514,13,X,X,D,0,0.2909693259343512,0.6176333301532922,0.5251721511158497,0.6017971766457504
514,14,X,X,D,0,0.29214504840713623,0.6414429263169809,0.5295164183148111,0.6250885439911472
514,15,X,X,D,1,0.2546748599213896,0.6275149941835674,0.5155437039289988,0.6436174790498277
514,16,X,X,D,0,0.2790458897139537,0.6213745364503234,0.5176466740273584,0.6287973694320942
514,17,X,X,D,0,0.2523943775179952,0.6246674828381994,0.47763737642518184,0.5917691967197118
514,18,X,Y,J,0,0.25,0.6001344284323963,0.4974832045939059,0.638020278527629
514,19,X,X,D,0,0.25,0.636793647158404,0.5258511162967968,0.6357843606907825
515,0,X,X,D,0,0.5854370688450732,0.6731996791891539,0.4377434410607821,0.588873068383046
515,1,Y,Y,J,0,0.587576642772569,0.6673226676157861,0.4166482190682445,0.5607705510854992
515,2,X,X,D,0,0.5661522010545076,0.6353977084435973,0.3860068190982606,0.5864004022792384
515,3,X,Y,J,0,0.5857222137313083,0.6474051059864221,0.41396676122125137,0.5822451417060893
515,4,X,Y,J,0,0.579872905784005,0.6895110049625476,0.36994939362801604,0.5577871090742406
515,5,X,Y,J,0,0.5707728018501775,0.75,0.3356562823831548,0.6083376942588996
515,6,X,X,D,0,0.5832625815305825,0.75,0.3746594489423666,0.5739176189177617
515,7,X,X,D,0,0.5895165176608761,0.75,0.3603392988196919,0.5276802012901418
515,8,X,X,D,0,0.5915921110616441,0.75,0.3935870674937315,0.5392260629469632
515,9,X,X,D,0,0.5919722787218847,0.7204231039835471,0.4146174981867961,0.5339336162523036
515,10,X,X,D,1,0.5844349510173865,0.7295018793406429,0.46206143612833867,0.5594671117604647
515,11,X,Y,J,1,0.5911523454127156,0.7067453148627937,0.4709430323480416,0.5199346785849672
515,12,X,X,D,0,0.6192807222339374,0.6920944699027858,0.4930669550084275,0.5089061943832534
515,13,X,X,D,0,0.6136169276119814,0.692221579916813,0.5435649942704529,0.5146377461322761
515,14,X,X,D,1,0.6177170191660051,0.712995418127532,0.5747864021186049,0.5104488610293106
515,15,X,X,D,0,0.631570757373657,0.7100351246179486,0.577882844982061,0.5160398403341797
515,16,X,Y,J,0,0.6503991997938388,0.732557200474548,0.5913092070477285,0.5490285514915797
515,17,X,X,D,1,0.628399196514059,0.7195399166041132,0.5778908528361917,0.5713179150832844
515,18,X,Y,J,1,0.6312803005478306,0.7396370970764762,0.5667553832285023,0.5790436256943491
515,19,X,X,D,0,0.5780321107066535,0.7417530185681616,0.5485785406807522,0.5936561815682175
516,0,X,X,D,1,0.45435004274326923,0.577887621729618,0.4084283546597903,0.42178638680300484
516,1,Y,Y,J,1,0.4598141895878634,0.5648168375726824,0.3947264633707326,0.43822718280227496
516,2,X,X,D,0,0.4370293611603052,0.5883276628904135,0.4516778348411019,0.4617760708801302
516,3,X,Y,J,0,0.4623953798679655,0.5737288977212309,0.45878324048405017,0.4612954908655813
516,4,X,X,D,1,0.4773968641127415,0.5675016087602999,0.4673178154682225,0.45374441845381397
516,5,X,X,D,1,0.48488258350103275,0.5661138664578805,0.4283736087869876,0.40496655791958197
516,6,X,X,D,1,0.5029078545222763,0.6115902427283276,0.44982500675603226,0.4272357652237354
516,7,X,X,D,0,0.48480124907849215,0.6184616248387494,0.4425653501634338,0.4583606374316973
516,8,X,Y,J,0,0.4345725929193686,0.667037934188523,0.44107437631661556,0.4512823372128751
516,9,X,Y,J,1,0.48391254036651044,0.6834988530445463,0.4629822149777835,0.4393330438949771
516,10,X,X,D,0,0.5223531074617103,0.6806359816911647,0.4649750387681612,0.4271356593258232
516,11,X,Y,J,0,0.5585345294994777,0.6757098708544358,0.4552735989134501,0.4243404940443085
516,12,X,Y,J,0,0.5253879871822971,0.7104834597523855,0.47045285968386485,0.43670061760729684
516,13,X,X,D,1,0.47877254665963254,0.7093475734537575,0.44864271104190667,0.4150980440633128
516,14,X,X,D,1,0.48683502627727865,0.75,0.3986310594744611,0.3960352719475252
516,15,X,X,D,0,0.49527437257186047,0.7454590802440552,0.4001608296411081,0.3851871977842063
516,16,X,Y,J,0,0.4641319457481902,0.718892089623545,0.39962831103895513,0.37066664424168344
516,17,X,X,D,0,0.4317212843744783,0.6955763733402966,0.3916138386151896,0.34246457107852035
516,18,X,X,D,0,0.42795284279983864,0.6613332176811111,0.3971092717124623,0.3671515704710063
516,19,X,X,D,0,0.4207752847808836,0.6924784339691139,0.39152427677554746,0.37667382234475993
517,0,X,X,D,0,0.34357295866237864,0.6985189697449843,0.7474617657170011,0.3157609944250303
517,1,Y,X,F,1,0.3367793298813714,0.6854873895820547,0.7451658418436549,0.30118128330653354
517,2,Y,Y,J,1,0.3121292964833745,0.7258915861360374,0.75,0.30867926702935816
517,3,Y,X,F,0,0.31566350938757387,0.7009845983776876,0.7423639618517799,0.29472724465756794
517,4,Y,Y,J,1,0.2870957808066447,0.6972783473175368,0.75,0.2886960896658013
517,5,Y,Y,J,1,0.34451028392057365,0.7121976679297221,0.7395413574262526,0.27844931859225
517,6,Y,Y,J,1,0.3565715244832976,0.7258451393480737,0.7135432776048045,0.2772860467191051
517,7,Y,Y,J,1,0.36804335412240874,0.7356457946442436,0.7150916685253164,0.27774990657880444
517,8,Y,X,F,1,0.378762183997357,0.7218030678687035,0.6974687402836474,0.263893237194401
517,9,Y,X,F,1,0.37275321397757916,0.7216985852485588,0.6817863318680782,0.25
517,10,Y,X,F,1,0.35068615803526587,0.6934191855677998,0.6437581392359443,0.25
517,11,Y,Y,J,0,0.39540377270427335,0.7105887839069785,0.6676615089837425,0.25
517,12,Y,Y,J,1,0.4186022362019411,0.7332927109401275,0.6677572889709192,0.2824031939273218
517,13,Y,Y,J,1,0.3842780702650549,0.7013364865127572,0.677848845276222,0.2939787783298964
517,14,Y,Y,J,1,0.38343309968756384,0.674860499464297,0.6674041392579296,0.3531367625960572
517,15,Y,Y,J,0,0.3849045556168971,0.6819701802957374,0.6796034689040753,0.377490957655511
517,16,Y,X,F,0,0.39567889953419205,0.6780180490720324,0.6873102436833408,0.35012156957457996
517,17,Y,Y,J,0,0.39345648692482904,0.6970442482801138,0.6630239635996048,0.35640169239849906
517,18,Y,Y,J,1,0.39230115888588685,0.7243452736534971,0.6978944648291839,0.35920108353650054
517,19,Y,Y,J,0,0.35612998872370144,0.75,0.6642882345068944,0.33642717922269205
518,0,X,Y,J,1,0.2818148691944129,0.28901238322433925,0.6908238310916182,0.5919990206573618
518,1,Y,Y,J,1,0.2921608206081512,0.3013000259273327,0.6616547833658645,0.6024220197763878
518,2,X,X,D,0,0.27338545239059514,0.28149333656299097,0.6816162324073534,0.6221608086675161
518,3,X,Y,J,1,0.26024740049459577,0.30829756421869886,0.7246809237222187,0.599791455851485
518,4,X,Y,J,0,0.2527131979938053,0.35626454291334797,0.7357944071220767,0.6046028859339045
518,5,X,X,D,1,0.26813681658152855,0.3512212006727011,0.7041663889548797,0.6021207871511338
518,6,X,X,D,0,0.2580692330386728,0.30254133962823604,0.7034418445948358,0.6020734675693488
518,7,X,Y,J,0,0.25,0.2959186259965663,0.6875218382298869,0.5985182068121492
518,8,X,X,D,0,0.2962291178796231,0.31335646258753497,0.6879543957826185,0.6083451879270182
518,9,X,X,D,0,0.3242033798515367,0.27129738506436274,0.7109700653230654,0.6297003776391905
518,10,X,Y,J,1,0.3071249390382114,0.2955024829119198,0.6839325521731237,0.6345795078266366
518,11,X,Y,J,1,0.32049034862249776,0.28994994703198385,0.646485157657697,0.6755445352433883
518,12,X,X,D,0,0.3348959641358349,0.3152969701566396,0.6807991238883466,0.6524756000221851
518,13,X,X,D,1,0.3461267395215187,0.30568769715514726,0.6747325821695795,0.6694968064338771
518,14,X,Y,J,1,0.34083036071036255,0.2902461891046728,0.7034686949497411,0.6886116493227054
518,15,Y,X,D,1,0.33464505270873773,0.30511084240444286,0.6946664238076096,0.6907202750182753
518,16,X,X,D,0,0.3543368809694366,0.34301526495137635,0.7058352855719836,0.6581991187783304
518,17,X,X,D,0,0.3553157472191064,0.34866805501863607,0.73577964362963,0.6064821805290178
518,18,X,X,D,1,0.376335438105514,0.3250880355850487,0.7030377667105089,0.6268985350070129
518,19,X,X,D,0,0.4033009223145769,0.3478089190385884,0.692198292348402,0.5937401441830055
519,0,X,Y,J,0,0.45468047681462254,0.6701230526802585,0.566259759370016,0.6856723467496489
519,1,Y,X,D,1,0.4545535902513298,0.6723961535822311,0.5792982541726026,0.6896689005841398
519,2,X,X,D,0,0.5105543992371567,0.6557850342845131,0.5966754673690622,0.6701592533793775
519,3,Y,X,D,1,0.470641736510588,0.6498615425147366,0.5948122296875163,0.6770920021485792
519,4,X,X,D,1,0.4978019921310773,0.6400278297563716,0.5669824995866266,0.6910308519326743
519,5,X,X,D,0,0.482768087923224,0.6600811878306508,0.5702224211582769,0.6691478003003881
519,6,X,X,D,1,0.49385072746331954,0.6353317252182801,0.5497420128705292,0.6509674067037262
519,7,X,X,D,0,0.4813584319816522,0.5921765199265495,0.5409335792202432,0.682035846598439
519,8,X,X,D,0,0.48830531590588827,0.6242651672048032,0.5347298365279184,0.7232414455674421
519,9,X,X,D,1,0.4501144151530394,0.6422595584840229,0.4938484469881357,0.7327081466463345
519,10,X,X,D,1,0.46499599173543815,0.6344424492284481,0.5345755381820126,0.725207564850265
519,11,X,X,D,0,0.42384502435340937,0.6311065776577165,0.5544401747658436,0.75
519,12,X,X,D,0,0.3870472450551256,0.6218917135758635,0.5808289545760716,0.7484587193037645
519,13,X,X,D,0,0.34395076691158105,0.6832061058111442,0.5784806380942168,0.75
519,14,X,X,D,0,0.3770018933600165,0.7093300567055754,0.5851017687335673,0.7189802018953529
519,15,X,Y,J,1,0.36555775551140823,0.682527489000096,0.5587727405921975,0.75
519,16,X,X,D,0,0.3505051849595675,0.6679369309023602,0.596228975532085,0.7349956404992768
519,17,X,Y,J,1,0.39271475569480824,0.6668713138949592,0.6164864162096775,0.7435296525857324
519,18,X,Y,J,1,0.38825526912691555,0.700158988577934,0.6514286325401276,0.6960553221469399
519,19,X,X,D,0,0.4092498814514933,0.698409352216442,0.7074644100277763,0.6799145826770816
520,0,X,X,D,0,0.41751030505753073,0.32360733031204275,0.2556987212518122,0.3365906648874987
520,1,Y,Y,J,0,0.44496851836111406,0.3329926212827622,0.25,0.36672927638222674
520,2,X,X,D,1,0.4288142780461324,0.33584083037797147,0.25031834050811885,0.35394410631454737
520,3,X,Y,J,1,0.451698496921122,0.3327775450315727,0.25,0.31726276998958236
520,4,X,X,D,0,0.441908874781608,0.32663106089292315,0.25,0.3069883772874136
520,5,X,Y,J,0,0.423002266194649,0.349124065631703,0.25,0.3364639890597695
520,6,X,X,D,1,0.42181113102239304,0.2997189088596178,0.26318979531648834,0.36282349284125953
520,7,X,X,D,0,0.41920661742058035,0.2921422063386964,0.2598856746849502,0.3327491883349759
520,8,X,X,D,1,0.43058859752784046,0.2705181109771542,0.25,0.33451932217510094
520,9,X,X,D,1,0.3953842163688684,0.2735584478984456,0.27595454115993756,0.3697581409153872
520,10,X,X,D,0,0.4176612426432805,0.2833974999997918,0.3067516373290955,0.36991754710003416
520,11,X,X,D,0,0.4244783481027226,0.2932269892615875,0.3085648919207304,0.34467807364269076
520,12,X,X,D,1,0.4285612541475352,0.3116458680192973,0.3108349887963692,0.36720584937168405
520,13,X,X,D,1,0.424045856290314,0.3149533101522076,0.3361481497336134,0.368795535203588
520,14,X,X,D,1,0.4351256468759554,0.27628100215009527,0.3699473090779791,0.3854704046652413
520,15,X,Y,J,0,0.4339440443350413,0.2739140052253807,0.39144938251907596,0.37269541091159847
520,16,X,Y,J,0,0.4554315950175944,0.2822466597951453,0.4210163678951625,0.33973825286626824
520,17,X,X,D,0,0.46935066641619183,0.28624269634285743,0.449631639350025,0.3457366184293868
520,18,X,X,D,1,0.46360049391065444,0.36399592872218234,0.4508540734621323,0.37374084825272025
520,19,X,X,D,1,0.46278887132255353,0.3553632314889009,0.45593849151374405,0.3752773574411706
521,0,X,Y,J,0,0.31879911341238887,0.41254335923882307,0.5875736552318938,0.3307092030009644
521,1,Y,Y,J,1,0.3378035374834202,0.4166399914752359,0.612432812909667,0.33705469940369215
521,2,Y,Y,J,0,0.3426716670327812,0.3936202780949558,0.6196683916731429,0.32521184909231743
521,3,Y,X,D,1,0.2954687542179782,0.3798605506640084,0.638698555402868,0.310634021843115
521,4,Y,Y,J,1,0.25888502243835937,0.417084525086058,0.6150511029863901,0.29422164429606124
521,5,Y,Y,J,1,0.26716505293343756,0.3822252501887485,0.597726044463325,0.2909337125681565
521,6,Y,Y,J,1,0.2790641612290566,0.3777123715020578,0.6015032471836146,0.27566311432925034
521,7,Y,Y,J,0,0.2917550890287876,0.405139539665548,0.5512530112913799,0.2861978725556057
521,8,Y,Y,J,1,0.2596931815020331,0.40633709906951104,0.5232404200829057,0.2925804822830794
521,9,Y,Y,J,0,0.25311203917665925,0.39071719016099854,0.561848821474057,0.3102080915422744
521,10,Y,Y,J,1,0.2827342825980456,0.41184020289347956,0.5920239673700263,0.28507727212522954
521,11,Y,Y,J,1,0.28906692905244574,0.39970758104257675,0.5950545885949532,0.2954207807554822
521,12,Y,Y,J,1,0.3212421604293548,0.3860946835268723,0.6119788714302601,0.2981583563477093
521,13,Y,Y,J,1,0.3611448258779814,0.4050682716830282,0.5734593009271499,0.29708896979826105
521,14,Y,X,D,0,0.3564377013737335,0.42790198697343473,0.5313426387398624,0.29251528174783986
521,15,Y,X,D,0,0.34247931105017787,0.3673285861953601,0.5418009456047883,0.30226053263396263
521,16,Y,Y,J,0,0.36463199002288943,0.40816721736668216,0.5101819300029785,0.29615759749803233
521,17,Y,Y,J,1,0.38107340459418265,0.41604657597037026,0.4932074655826085,0.28672498154068066
521,18,Y,X,D,0,0.3255630083965489,0.4257462886689215,0.48054893992398967,0.3227815031360512
521,19,Y,Y,J,1,0.3041581179732426,0.43170772067835367,0.5156590102110332,0.3112728459242477
522,0,X,X,D,1,0.6308824570635325,0.47229680129645557,0.3846485164606965,0.6898493911259713
522,1,Y,X,D,0,0.6250440162941824,0.4667019995463296,0.38560206436853905,0.6669743150220554
522,2,X,Y,J,0,0.6358559835276235,0.4751387347922287,0.37413789896260025,0.6296050484314657
522,3,X,X,D,1,0.5671649755976725,0.47484216425152426,0.3478239925115447,0.5856835455915701
522,4,X,X,D,1,0.5861792695294493,0.456580659847589,0.2973507073052595,0.6041493192508047
522,5,X,X,D,1,0.644083917312936,0.4262414262120054,0.2668819476888945,0.6156753085983299
522,6,X,X,D,1,0.6727176061458483,0.4263098021876646,0.322808189684377,0.639541012500894
522,7,X,X,D,1,0.648938975253085,0.4074529787438027,0.3012174659845016,0.6588889289212209
522,8,X,X,D,1,0.6528994427470468,0.40548586550135096,0.28519493094303167,0.6397228292493284
522,9,X,X,D,1,0.6394104303287483,0.4387402982766425,0.3232361090054224,0.6401974475340051
522,10,X,Y,J,1,0.6454783454618266,0.4561456063157641,0.35420803063502343,0.6168205607122785
522,11,X,Y,J,1,0.6746878213814712,0.4819706691926352,0.35579801349850754,0.6050202862804666
522,12,X,X,D,1,0.6485082466931282,0.47813569913927517,0.3642645136668015,0.6103051112715429
522,13,X,Y,J,0,0.6697095998092127,0.44913439197560734,0.35575010780923255,0.6021673439862674
522,14,X,Y,J,0,0.6864381480556667,0.4431970495871162,0.341796490427421,0.6164189372458859
522,15,X,Y,J,0,0.682795547855449,0.46478255148896647,0.2854735201752635,0.6155656864655199
522,16,X,X,D,1,0.7067368826764104,0.49488646827759747,0.29220219263921954,0.616542122641068
522,17,X,X,D,1,0.7053560353321527,0.4954626791328167,0.31329681732642295,0.6479472406159502
522,18,X,X,D,1,0.7183074619644042,0.5005060716191451,0.2939740922434548,0.6198683139764926
522,19,X,X,D,1,0.7158395092147066,0.5215291994283252,0.2588541813405611,0.5891663558419719
523,0,X,Y,J,1,0.4363217650617012,0.3829981778082054,0.32539416894642953,0.40770511768825396
523,1,Y,Y,J,0,0.43144566181595656,0.3890182499134923,0.33774290698323417,0.394097396674307
523,2,X,X,D,0,0.39824208153637813,0.33900069895866264,0.3720205303018706,0.38060673036740017
523,3,X,X,D,0,0.3661851011773633,0.35250338313657603,0.38577085699841074,0.3970271655833447
523,4,Y,Y,J,0,0.3556835485112572,0.3213459499608895,0.36935352757456996,0.37358550532419904
523,5,X,X,D,0,0.3577495778838366,0.3378151834601051,0.40544978820286587,0.3437470450142156
523,6,X,X,D,1,0.413630242756859,0.3583351490775014,0.4394648995230804,0.385329809482514
523,7,X,X,D,1,0.38479299276862117,0.3321684302354648,0.40173004954210206,0.40116388030397493
523,8,X,X,D,0,0.40582542752555384,0.35934310908760336,0.38570607510407307,0.3669501678681495
523,9,X,X,D,0,0.38470521348809916,0.3210564385422956,0.38577477169802077,0.4068456578728526
523,10,X,X,D,1,0.37120563851133714,0.329023439258544,0.40627741168829035,0.3803320558589511
523,11,X,X,D,0,0.33678995098459147,0.31839994315400666,0.39893675339899326,0.36195121736641883
523,12,X,X,D,0,0.33270877626958617,0.33980249510080834,0.41942258626119855,0.37678490102982914
523,13,X,Y,J,0,0.32854543927084273,0.32826455716131214,0.3777657789203777,0.35257843824409374
523,14,X,Y,J,1,0.2731432040454647,0.3108987509676872,0.4028730358779696,0.3672342504718886
523,15,X,X,D,0,0.25,0.28787004867082705,0.4185985267838428,0.3644949451273468
523,16,X,X,D,0,0.25,0.2759604426661316,0.42346375217171783,0.3819552399173295
523,17,X,Y,J,0,0.27683300549106493,0.3020773998902911,0.4382355801037745,0.36468463256886796
523,18,X,X,D,0,0.2584452466707988,0.33720020593317374,0.44693921179232793,0.3887703889184415
523,19,X,Y,J,1,0.251840092793496,0.3579026455452499,0.4645683721224989,0.36014818048506614
524,0,X,X,D,1,0.5236807526736738,0.6086794476592455,0.5637069837569514,0.2525320310722067
524,1,Y,Y,J,0,0.5072113464279714,0.6259707864116709,0.529849419860115,0.2649370783096054
524,2,X,Y,J,1,0.5180718047080499,0.6192082243601414,0.5225100054464306,0.2654330654564092
524,3,X,X,D,0,0.5607333650741534,0.6389918621363444,0.5750884096147266,0.2810361164028649
524,4,X,Y,J,1,0.5218966621557528,0.5988906340912261,0.5194543314887434,0.25
524,5,X,Y,J,1,0.5219736683334915,0.6089469679032532,0.5269078859965742,0.25
524,6,X,X,D,1,0.5336527571107037,0.5937788882045281,0.5495626987982476,0.2500021005488339
524,7,X,X,D,0,0.550875971081728,0.6192581932924563,0.5207286747627082,0.25
524,8,X,X,D,0,0.5098542947294337,0.6130783915145266,0.5157009889572081,0.2553665595988461
524,9,X,X,D,1,0.5397521090438154,0.6210319232142018,0.5431405077839352,0.27230969933427585
524,10,X,X,D,1,0.5010785857498753,0.630890086091501,0.5978775927515512,0.27744848469116556
524,11,X,X,D,1,0.48269492248762974,0.6238204482567214,0.6086028352420968,0.26965713703994837
524,12,X,X,D,0,0.4999397691093131,0.6649083805541661,0.5890573886735514,0.30332334833916386
524,13,X,Y,J,1,0.46389522910248204,0.6521134208562347,0.5705151411278855,0.30234618065669894
524,14,X,X,D,0,0.4292579265094788,0.6004657540255409,0.5622091924683571,0.35885687289038376
524,15,X,X,D,0,0.416731365940921,0.626345891471588,0.5601673187038034,0.32453309952590736
524,16,X,Y,J,0,0.3894195857913749,0.6461487197131609,0.5408332512469101,0.32509620116619165
524,17,X,X,D,0,0.3688783128980896,0.6476329423668633,0.5061011549929535,0.3368444978780662
524,18,X,X,D,0,0.40857183458605983,0.6232274761302182,0.4665004499932124,0.3355108173645584
524,19,X,X,D,1,0.4108156250525837,0.6168162313515475,0.4280728545588212,0.32241259078845114
525,0,X,Y,J,1,0.5377667923329239,0.39999294841027655,0.6874955642997296,0.7101550509162047
525,1,Y,Y,J,0,0.5338963042926159,0.41478108429377836,0.669002500000658,0.7309591489824173
525,2,X,X,D,1,0.5105981405449961,0.46864369252595234,0.6206312412944781,0.7384869927427454
525,3,X,Y,J,0,0.528631199366952,0.45524415798082163,0.6267018080614104,0.7441723593955958
525,4,X,Y,J,1,0.5645896232769219,0.4129794139360591,0.5821846479627175,0.75
525,5,X,Y,J,0,0.5312737577662098,0.4110117896544415,0.5984331048916652,0.7319220683788347
525,6,X,X,D,1,0.4834088169696631,0.39128316232202404,0.5882159382741062,0.7339778664350749
525,7,X,X,D,0,0.4861197708915385,0.3812504744378804,0.5686278072961185,0.7044699384180643
525,8,X,X,D,0,0.452345119762975,0.3309548162455137,0.5742592760440169,0.6684163055111939
525,9,X,X,D,1,0.47637031898473736,0.3213523184410123,0.5716797977082881,0.6844508774003483
525,10,X,X,D,1,0.44119881938023947,0.3357429671258526,0.5254526330008747,0.6682481615147929
525,11,X,X,D,1,0.4624733625721876,0.32871717634162784,0.5101746458486559,0.5975705148879019
525,12,X,X,D,0,0.3984465281781415,0.3442826296910364,0.52190683304032,0.6184988828288793
525,13,X,Y,J,0,0.39291770814695515,0.3475178567503428,0.54579520171985,0.654413796642054
525,14,X,X,D,1,0.3936766264011059,0.3361068207001187,0.5140637809730448,0.6806128224862845
525,15,X,Y,J,1,0.3698292353380968,0.3255727368113448,0.5239338213865956,0.6305671579941361
525,16,X,X,D,1,0.3472750032828762,0.3281478419849514,0.5354732773733332,0.6594034322417772
525,17,X,X,D,1,0.38304530705004985,0.30513874695796855,0.4970206074379354,0.647879290666199
525,18,X,X,D,0,0.37077228340251583,0.30126505230190487,0.5552256731515298,0.6672973823806195
525,19,X,X,D,1,0.38837652722792493,0.2853388835105932,0.5424105074270089,0.6382575694458438
526,0,X,X,D,0,0.6744651868904228,0.2752139609654579,0.2961484003118744,0.6725723458592453
526,1,Y,Y,J,0,0.6438782699786441,0.27111274119403794,0.28590640000258916,0.6679165297343737
526,2,X,Y,J,1,0.6407045739021497,0.2603785276441788,0.30192360175096616,0.6625370127681008
526,3,X,Y,J,1,0.6738249215724726,0.25,0.27199400182321354,0.6070108145476993
526,4,X,Y,J,0,0.6681523269387651,0.26056736570096356,0.2879512430088167,0.5181828551836971
526,5,X,X,D,0,0.6535584662148238,0.25,0.273065496306058,0.5342151114144269
526,6,X,Y,J,0,0.6502965870603361,0.25,0.2552635842497318,0.5219009695200734
526,7,X,X,D,1,0.6261376918005368,0.25,0.25,0.5406698807492079
526,8,X,X,D,1,0.6106160790930103,0.25,0.25,0.5405916603062206
526,9,X,X,D,1,0.6001800288595162,0.3098845337280674,0.2800056411501123,0.5567970058364852
526,10,X,X,D,0,0.5620178285817432,0.3216927023146143,0.2834884030508656,0.5237792739719668
526,11,X,Y,J,0,0.5678131784484249,0.3167502118140368,0.29360396097185554,0.49551135291025716
526,12,X,X,D,0,0.5670447612644749,0.3162112011370502,0.30738372716379014,0.48784349238631824
526,13,X,X,D,0,0.5823214479892923,0.3322615870914404,0.29762047508228356,0.47810109130765055
526,14,X,X,D,1,0.5841829514253892,0.2951751577496524,0.3179040411120474,0.5045159448255062
526,15,X,X,D,1,0.6072980054831969,0.2868233432455868,0.34253041287527675,0.49228455811804517
526,16,X,X,D,1,0.5899898580079588,0.2797719360258739,0.3312006387056887,0.5086783858942735
526,17,X,X,D,0,0.6289093835778947,0.3065596601996042,0.29806969637097486,0.5061877261235851
526,18,X,Y,J,1,0.6207012726115623,0.2955621210771504,0.35604436524153765,0.4900692932218143
526,19,X,X,D,1,0.6223842051334945,0.3318411948050944,0.30584677271986693,0.4502979991979782
527,0,X,X,D,1,0.5595802473003764,0.6221747086275318,0.6290481802444843,0.42141664208360896
527,1,Y,Y,J,1,0.5495873664995933,0.6195918008551977,0.6252998135682118,0.38639814804534456
527,2,X,Y,J,0,0.5456210737019523,0.6575722136084959,0.600449677305409,0.3900166125409572
527,3,X,X,D,1,0.544267299784878,0.6537866636368456,0.5738173492184886,0.43856391129876326
527,4,X,Y,J,1,0.5233334480871593,0.6956236184687159,0.5457359459599433,0.45251917096539235
527,5,X,X,D,0,0.5314284290317024,0.6398701869424444,0.5136375819951905,0.425728070361417
527,6,X,X,D,0,0.49502806575185304,0.6353102751822146,0.5155228725148342,0.4145486912607813
527,7,X,Y,J,0,0.42753590322086515,0.6026134193928023,0.513519144822593,0.3902618552189188
527,8,X,X,D,0,0.45695312848355985,0.6010848675859904,0.5058796448729194,0.4417196787093194
527,9,X,Y,J,0,0.4562652425894594,0.5757714995095481,0.5065516240218548,0.43237873748840183
527,10,X,X,D,0,0.4470316672439796,0.5823038741034563,0.5270496836568853,0.4297954747902073
527,11,X,X,D,1,0.48333799746919953,0.6203048378048761,0.4764148995840306,0.427623094652873
527,12,X,X,D,1,0.47171825119916333,0.6491763811601996,0.5018433990316411,0.44157356508767276
527,13,X,Y,J,1,0.43878445125116283,0.6662916220647026,0.4863606651133854,0.4373172439772224
527,14,X,X,D,1,0.482990476916855,0.6714920487503541,0.4766273750487605,0.4677940487700224
527,15,X,X,D,0,0.4541607606916316,0.619939947561971,0.4780722757283666,0.47617617129031337
527,16,X,X,D,0,0.4318394345561353,0.6437234232459896,0.4472379352690884,0.5063690001379071
527,17,X,X,D,1,0.4127856337853675,0.6402703726432356,0.46533015492024565,0.516844210085679
527,18,X,Y,J,1,0.43295725725019574,0.6028238093869629,0.49805793673703774,0.46390369044820345
527,19,X,Y,J,1,0.4571622716548439,0.6417522523896559,0.47857385910568,0.4501629117214459
528,0,X,X,D,1,0.42235161115053,0.6287148739019752,0.6218792395998871,0.3431553843006808
528,1,Y,X,D,0,0.4273164636384047,0.6323623700393206,0.6392134634222993,0.359765301216631
528,2,X,X,D,0,0.4344857385622595,0.6081637614292611,0.6599869533582248,0.3616277393580723
528,3,Y,Y,J,0,0.4439954487553951,0.61446476349655,0.6347786854250008,0.34789168654680086
528,4,X,Y,J,0,0.44560598349397007,0.6160633342637295,0.6136855859376583,0.39130889419586606
528,5,X,X,D,0,0.46375334590957096,0.6275807517055095,0.5872320834735711,0.3713438231927779
528,6,X,X,D,0,0.44370924166766806,0.6194357844192141,0.5637223093577418,0.36375850057169606
528,7,X,X,D,0,0.4194207860733961,0.6265185508963022,0.5475999836423135,0.3810686426947819
528,8,X,X,D,1,0.4820135862571142,0.6055477558433157,0.5467600038285843,0.3735190371583107
528,9,X,Y,J,1,0.521092944459274,0.6080400510057746,0.5601125323566202,0.37598286319525026
528,10,X,X,D,1,0.5076447377453964,0.5967027840839942,0.5628137660206144,0.36482367422653467
528,11,X,X,D,1,0.503184587398758,0.6129074754851692,0.589664578964336,0.45181319578278784
528,12,X,X,D,1,0.509244964880168,0.6081235276391302,0.5791560855114748,0.46536564831516586
528,13,X,X,D,1,0.5133830638815118,0.6645389113089697,0.5617945303131766,0.448401283629442
528,14,X,Y,J,1,0.4906536691191304,0.694393768152916,0.5483964698389722,0.42774521864721826
528,15,X,Y,J,0,0.5373480663851117,0.7004218956685048,0.566295011260801,0.4022607802894351
528,16,X,X,D,1,0.5413086423566964,0.7079916954014729,0.6060919059494663,0.439464066417537
528,17,X,X,D,1,0.5274440197278063,0.7337484350846957,0.644003045845879,0.4349919670534496
528,18,X,X,D,1,0.5296585761117876,0.7235354698581551,0.6166790020772301,0.4563308501452602
528,19,X,Y,J,1,0.5535263041836124,0.7436036805052141,0.6513388061793454,0.45463296365675404
529,0,X,X,D,0,0.7069564933914464,0.44566436320022096,0.7165451163714278,0.32835216933402506
529,1,Y,X,F,0,0.7111073363615799,0.4008406402809106,0.7316249965083594,0.3134120722530763
529,2,X,X,D,0,0.6936642576897374,0.36104384920493926,0.6991695533347172,0.3081105121398186
529,3,X,X,D,0,0.75,0.38897725263759936,0.7241420896958071,0.298578997394196
529,4,X,X,D,0,0.7022755329940186,0.3947845287326368,0.7406690513534689,0.32657690959435043
529,5,X,Y,J,1,0.7226601543857393,0.39753874613343176,0.75,0.3391181757155355
529,6,X,Y,J,1,0.7177776666227722,0.40129055905373706,0.75,0.3661332493964483
529,7,X,X,D,0,0.7147516867572891,0.37022183508025003,0.7425957276970698,0.3708238088789893
529,8,X,X,D,1,0.6909794194463247,0.3519893058076088,0.75,0.35275316023194125
529,9,X,Y,J,1,0.7093952236091585,0.32972941095014563,0.75,0.32650303944657516
529,10,Y,Y,J,1,0.7134924553363614,0.3618466926596617,0.75,0.3492155962090726
529,11,Y,Y,J,1,0.7405121528247173,0.3650071424096997,0.75,0.3863593886025709
529,12,Y,Y,J,1,0.75,0.37373676537222505,0.7056126524574826,0.40340598643778636
529,13,Y,X,D,1,0.7454592315682436,0.42702666645337045,0.723997267058448,0.42180496301641995
529,14,X,X,D,1,0.75,0.44202869974254516,0.75,0.4275894747702289
529,15,X,X,D,0,0.743170306073118,0.4182335062644063,0.75,0.4478752887571378
529,16,X,X,D,0,0.7356166727650787,0.4075820872770571,0.7408515728942202,0.4467252339624976
529,17,X,X,D,1,0.75,0.3792599997539745,0.7340981883623269,0.4726453256902019
529,18,X,X,D,1,0.75,0.3471315269033444,0.75,0.43105309327607144
529,19,X,Y,J,0,0.75,0.35986504129556685,0.75,0.4047415321126367
530,0,X,Y,J,0,0.6633799687965791,0.359435703081753,0.3399559338080434,0.45299316168941006
530,1,Y,X,D,1,0.6885938194459083,0.29454168891586907,0.34011861730122755,0.4733993376597918
530,2,X,X,D,0,0.6785954134321177,0.29300444894790045,0.35950954942074326,0.46449287372065684
530,3,Y,Y,J,0,0.7257362742988954,0.2933073244838484,0.3750461611888707,0.46693390452361744
530,4,X,X,D,0,0.6908691877387443,0.29586618217885513,0.3893665110579649,0.4593683021926184
530,5,X,X,D,0,0.7134663004231849,0.3255366746114293,0.37459658868973905,0.4796415874245236
530,6,X,X,D,1,0.7205561770911022,0.34235307997538794,0.39008093046902775,0.48093804428279596
530,7,X,Y,J,1,0.7061002803460449,0.32144794139190214,0.3927703840397179,0.46454997583664026
530,8,X,X,D,1,0.75,0.2588289643481714,0.3780980939007005,0.4775800711020243
530,9,X,X,D,1,0.75,0.25,0.398419050878892,0.42585218935273855
530,10,X,X,D,1,0.704972937388094,0.2820618928324193,0.4351856564556351,0.42607789742722807
530,11,X,X,D,1,0.7355720377161079,0.28127985962067276,0.3877501523421432,0.43444605040068046
530,12,X,X,D,1,0.7445827255668798,0.2648418648975501,0.35834291877322294,0.4130842043351653
530,13,X,X,D,1,0.7401532453216794,0.25,0.35647544564162664,0.44028618244314277
530,14,X,Y,J,0,0.7235620785124215,0.25,0.3751167718455454,0.44009346005324423
530,15,X,Y,J,0,0.7458052146686427,0.25,0.3814693826513779,0.43665039787612575
530,16,X,X,D,0,0.75,0.2877487037032152,0.3797310871279337,0.4338225827268106
530,17,X,Y,J,0,0.7468815187504686,0.28691843359476654,0.34769878352890005,0.3780723968939329
530,18,X,X,D,1,0.7427018726095777,0.3027281183644456,0.37955917152355273,0.3830820881548342
530,19,X,X,D,1,0.7182426092719281,0.28386069650049517,0.39513819329531813,0.3816160201851032
531,0,X,Y,J,0,0.3188881155235602,0.5519272578757874,0.5655632819355342,0.6149894733426198
531,1,Y,Y,J,1,0.26815764859257885,0.5339836248236304,0.5863671588313097,0.5952437661503452
531,2,Y,X,D,0,0.2760198668090914,0.5054382530945817,0.5927788961008603,0.6098584670942734
531,3,Y,Y,J,0,0.25,0.49748097251534074,0.588989413341386,0.6398072556522354
531,4,Y,Y,J,0,0.25,0.5271796290839019,0.600688600870652,0.6556233019250446
531,5,Y,X,D,0,0.25,0.5278254252211398,0.6153861773891041,0.6470344394393394
531,6,Y,Y,J,1,0.2766626568056952,0.5794543060889646,0.5948412130943372,0.6542844018458278
531,7,Y,X,D,0,0.25,0.5691041551333959,0.5872852859083947,0.635997739791475
531,8,Y,Y,J,0,0.2514562543229702,0.5331489813173541,0.5669785290209532,0.5841675613844858
531,9,Y,Y,J,0,0.25,0.5105564674089218,0.5086840213229322,0.5790043889219467
531,10,Y,Y,J,1,0.25,0.4893641740947517,0.5264728479831254,0.5734556536425266
531,11,Y,Y,J,0,0.25,0.4572567148253836,0.5242954627205881,0.5683873765985599
531,12,Y,Y,J,1,0.25,0.48144159609198117,0.46149750965925845,0.5558876499250243
531,13,Y,Y,J,0,0.25245100244104596,0.47016847432921777,0.4422892913753102,0.5109742920092084
531,14,Y,X,D,0,0.25,0.4958024635287924,0.4187816418674643,0.4946961709727899
531,15,Y,Y,J,0,0.25,0.4799818635006229,0.42060174045308496,0.5355427628972549
531,16,Y,Y,J,1,0.2654044439355024,0.4643046578593964,0.4082170537692231,0.5739219417163235
531,17,Y,Y,J,0,0.28660627929112564,0.4892916496929297,0.38164243392599434,0.5408866232427174
531,18,Y,Y,J,0,0.3124349639342941,0.4743980952504533,0.39971680437481377,0.5369363476168965
531,19,Y,X,D,0,0.3229196499912807,0.460718021691776,0.385054092393305,0.5259729888589936
532,0,X,Y,J,0,0.653091211495785,0.7273070477432282,0.45698046366556494,0.7349244316990046
532,1,Y,Y,J,1,0.6806481475624142,0.6991735593509526,0.46731972250284776,0.75
532,2,Y,X,D,0,0.7118983549043569,0.671381172396953,0.47277418261768267,0.75
532,3,Y,Y,J,0,0.6780565805923056,0.700880587696737,0.5065383941788025,0.75
532,4,Y,X,D,1,0.7086538861876552,0.693276426120771,0.4863113943348887,0.7208669324114653
532,5,Y,Y,J,0,0.7027989404659313,0.7062281394263906,0.5317056328690547,0.7367220728282493
532,6,Y,X,D,1,0.6624376900122454,0.6778196821923832,0.5399927043308211,0.6933004198657288
532,7,Y,Y,J,0,0.6732125652167582,0.7164668774116578,0.5548585810250836,0.7274369946335727
532,8,Y,Y,J,1,0.6912862423622637,0.75,0.6024578799800445,0.7268023336151543
532,9,Y,Y,J,0,0.7416620402810669,0.75,0.5337063535826336,0.6984819021000563
532,10,Y,X,D,1,0.75,0.75,0.5571875049673645,0.6640131262498028
532,11,Y,Y,J,1,0.75,0.7323198783386977,0.6048171006956612,0.689407520556833
532,12,Y,Y,J,1,0.7337826962380292,0.7417810625558668,0.6001606673598289,0.6843611627713271
532,13,Y,Y,J,1,0.75,0.732665413389251,0.5982042974562932,0.7104917527061186
532,14,Y,Y,J,0,0.7036234226899384,0.75,0.6021788186732902,0.6837711893026923
532,15,Y,Y,J,1,0.7074864595834071,0.75,0.6167532362504492,0.6979762831710908
532,16,Y,Y,J,1,0.738469016036745,0.75,0.6371276103157736,0.6984152794413928
532,17,Y,Y,J,1,0.75,0.7420296751309687,0.6205837687233658,0.7150079244411655
532,18,Y,Y,J,0,0.75,0.6942369125334928,0.6217400220049015,0.6964024370665441
532,19,Y,X,D,1,0.7099692286086349,0.7253604975057137,0.62059375811409,0.7137190945908736
533,0,X,X,D,1,0.5708231050576875,0.2726098021668043,0.35111708723322876,0.5037186035157817
533,1,Y,Y,J,0,0.5725853081356748,0.2532696231800299,0.375940315107568,0.502709786760483
533,2,X,X,D,0,0.5687646780805277,0.25161457843449186,0.349155125506385,0.4638705131398345
533,3,X,X,D,1,0.5710109316628893,0.26262798291132733,0.3569193036519219,0.47144712821104195
533,4,X,X,D,1,0.615129858463373,0.25,0.3506241456535867,0.4639554558927865
533,5,X,X,D,1,0.6006728920757749,0.2787359731632502,0.3407417420380449,0.44746508661315504
533,6,X,Y,J,0,0.582597992674148,0.2917275409770743,0.34671637971450453,0.48141497131884015
533,7,X,X,D,1,0.5748874946921111,0.30361312841512644,0.35543526621785104,0.45119117894339555
533,8,X,X,D,0,0.5891853727748436,0.2665916181763313,0.38394334514844797,0.4518452291289668
533,9,X,Y,J,0,0.6081791031211171,0.26792078675548114,0.3709286594048714,0.4431796032708544
533,10,X,X,D,1,0.614431964857993,0.25,0.385156428951746,0.4055029977771075
533,11,X,Y,J,1,0.6217821560492267,0.25,0.41525495887397323,0.3935063773979962
533,12,X,Y,J,0,0.6620268887877394,0.25,0.4152340558124771,0.4156489870406306
533,13,X,X,D,0,0.6595116355963554,0.25,0.4580650581065939,0.4164415753536835
533,14,X,X,D,1,0.6457308396866112,0.25,0.46196701912167537,0.44755419787443274
533,15,X,X,D,1,0.660681947776432,0.2851888730797075,0.4380701905777749,0.4341383744161661
533,16,X,X,D,1,0.6725040984249651,0.27675264902834684,0.4498884395201054,0.4022884885203952
533,17,X,X,D,0,0.6905167349152765,0.28165870371568164,0.44418740582855865,0.4029181437500635
533,18,X,Y,J,0,0.6946538072169066,0.28684280593516925,0.4186707948829892,0.4364041715706395
533,19,X,X,D,1,0.6837736305554976,0.2683266801668896,0.43489475312174747,0.48171232009082676
534,0,X,Y,J,1,0.73832057823308,0.4787227608276811,0.6223061562349675,0.40609813325295774
534,1,Y,X,D,0,0.75,0.5121195539251404,0.64087623496071,0.4040190877355892
534,2,X,X,D,1,0.7472872850921818,0.5497729502289658,0.6493063832094973,0.3923349318366063
534,3,X,X,D,0,0.6950960201977615,0.5423433750115357,0.6153470461798152,0.41344391754114856
534,4,Y,Y,J,1,0.7159513754504064,0.5973313196681186,0.6383245189988199,0.403962974869015
534,5,X,X,D,0,0.6990298188149686,0.5981735147757076,0.6928408320546807,0.4058546620273452
534,6,X,X,D,1,0.7073706261478384,0.5788238675478746,0.6858691958489466,0.34309377116720047
534,7,X,X,D,1,0.6948467898284002,0.5711821967267572,0.7018773415795357,0.3117731232065704
534,8,X,Y,J,1,0.7115268100424212,0.5742527883773184,0.7363215729332726,0.33721092119102175
534,9,X,Y,J,0,0.7107362232491382,0.5434140512195299,0.6994800494900352,0.3186380308641582
534,10,X,X,D,1,0.6991319571704653,0.5693575207610431,0.6628264264805357,0.30999804627566985
534,11,X,X,D,1,0.7075393842075949,0.5598489008117864,0.6953345974752905,0.3058927507119725
534,12,X,Y,J,1,0.7100986937270793,0.5835135108664736,0.6964944540039871,0.2830260534601892
534,13,X,X,D,0,0.7223468205924951,0.6406944524573737,0.7224166956057686,0.25
534,14,X,Y,J,0,0.671963178804597,0.6089580629319529,0.6862069345548241,0.2694948492306455
534,15,X,X,D,0,0.6683607568737053,0.6265777994756084,0.6101380973042428,0.26017530180398807
534,16,X,X,D,1,0.6981945737437131,0.6153522050256723,0.6328480621725808,0.25
534,17,X,X,D,1,0.7049335594986882,0.5437558240579603,0.6315692702079917,0.2750520701625515
534,18,X,X,D,1,0.6916849330861969,0.5341504016517702,0.623531202050163,0.25
534,19,X,Y,J,1,0.7216461884533549,0.5204376011214674,0.5966078462688089,0.2684668509971533
535,0,X,Y,J,0,0.42794680633086907,0.5756496147366903,0.3224121578064018,0.3929056743856075
535,1,Y,X,D,0,0.41748685787747264,0.5336629015654469,0.28409513789793606,0.4264676615432881
535,2,X,X,D,0,0.38600161273948336,0.5629225017152443,0.29768645154257706,0.46033544960226924
535,3,X,X,D,1,0.39285767243482267,0.5801775706554342,0.268616867071334,0.46658990711567455
535,4,X,X,D,0,0.3955226585142968,0.5883463763276525,0.27138963090732754,0.4620458849445273
535,5,X,X,D,1,0.4217817349344034,0.6081241844510653,0.27611523320661513,0.4660935837498433
535,6,X,Y,J,0,0.43352035203313655,0.5722225329735527,0.2868217092719293,0.4291003586579546
535,7,X,Y,J,1,0.3964195388535478,0.5536663811559313,0.3122417034498049,0.41652724690519843
535,8,X,Y,J,1,0.4011988205435057,0.5165772478105033,0.28509184139987653,0.43898250090225477
535,9,X,Y,J,0,0.4144669230145238,0.506567816753517,0.28460695007878173,0.42835975512547275
535,10,X,Y,J,0,0.42541354793649544,0.4957917333474383,0.26455437980398444,0.47522245797659574
535,11,X,X,D,0,0.42709332590013743,0.5159001532525876,0.25,0.4629482979642831
535,12,X,X,D,1,0.47373402556227295,0.4985329014474843,0.2637347387248528,0.5118760440462307
535,13,X,X,D,0,0.42330354415520477,0.5006145175461234,0.26039417076473215,0.457301320996021
535,14,X,X,D,0,0.41282786872293037,0.5277278942105771,0.2758114490933006,0.5123937526455866
535,15,X,X,D,0,0.41010366346897803,0.5435890687642421,0.2957459378665387,0.47117022018602167
535,16,X,X,D,0,0.37614944028136377,0.5221776905897437,0.27855408449544844,0.4564113265925068
535,17,X,X,D,0,0.3341206191461215,0.5161472181094415,0.2852947767281057,0.44497470677406803
535,18,X,X,D,0,0.3153476593174527,0.5500111399012262,0.2858242300583994,0.4996053883047217
535,19,X,X,D,1,0.3155898444182293,0.5791631081015494,0.27901031324772035,0.5021959235689684
536,0,X,X,D,0,0.5526209747961103,0.31147800726569375,0.5499812737863219,0.581079061325833
536,1,Y,X,F,0,0.5745341275371539,0.3084612707578067,0.4855093039013763,0.584686935721721
536,2,X,X,D,1,0.5758975670582053,0.32088680940802494,0.5026022388261605,0.5855259775987205
536,3,X,X,D,0,0.571284903368661,0.3180393035872106,0.45943945751127774,0.6234674068832329
536,4,X,Y,J,0,0.5543949111608241,0.33427055234179,0.48016174351608765,0.6445614448314335
536,5,X,Y,J,0,0.5510248221021,0.30446728942438606,0.4761206796329386,0.6740931643118258
536,6,X,X,D,1,0.5094147272115013,0.25,0.4766799257156875,0.6973327306897577
536,7,X,X,D,0,0.5077117417669136,0.2584718573160663,0.4723712457884337,0.7217147935504139
536,8,X,X,D,0,0.48964592089445585,0.25,0.48407943325186464,0.7253788391115008
536,9,X,X,D,1,0.5022413818781606,0.25,0.48842550119512823,0.6823408197151368
536,10,X,X,D,0,0.5429570565261543,0.2691675433542858,0.4980000545645993,0.6700473841356797
536,11,X,X,D,1,0.5113872029686237,0.25,0.5157843705781799,0.716399707491965
536,12,X,X,D,0,0.494316012458249,0.25,0.5479308409587258,0.7175105843831929
536,13,X,Y,J,0,0.4723772190722375,0.26512487434655485,0.5447293926576187,0.7474042376417334
536,14,X,X,D,0,0.4342699261632037,0.2741240610147013,0.5022794921978143,0.75
536,15,X,Y,J,0,0.44217356204385305,0.25,0.48452775786182034,0.7397591298511748
536,16,X,Y,J,1,0.42659080519117304,0.2698241155404912,0.49407229903314376,0.7250857986601722
536,17,X,X,D,0,0.43366288292683364,0.2592412702337969,0.4424664427373271,0.7275058344467061
536,18,X,Y,J,0,0.4145158583181414,0.28097775703607936,0.4238020296790109,0.7147732254794406
536,19,X,Y,J,0,0.4291993792580768,0.323761322857283,0.39454518696072094,0.7333173435729412
537,0,X,Y,J,1,0.4486054149037043,0.39974767065978833,0.6736442395410334,0.38859386056731166
537,1,Y,Y,J,1,0.47549205264815836,0.41955282055593157,0.7364471421737627,0.37591952043067295
537,2,X,X,D,0,0.4630762818068596,0.4258922419653572,0.75,0.3907707301445012
537,3,X,X,D,1,0.45811309959932145,0.41895279584003997,0.75,0.39306385529526683
537,4,X,X,D,0,0.44325540499977817,0.4460802776274651,0.75,0.40139396478318895
537,5,X,X,D,0,0.484965097917404,0.4597450194773753,0.75,0.3940735472130521
537,6,X,X,D,0,0.46287865271061385,0.44605943050315155,0.75,0.3860444173298756
537,7,X,X,D,0,0.5112523511723691,0.4094951147708329,0.7246138695967184,0.3959207050853763
537,8,X,X,D,0,0.4724544251082078,0.42455510901976673,0.6886743904275681,0.3814299912796133
537,9,Y,Y,J,0,0.5027729448658407,0.4433784407882889,0.6572062741060113,0.40329895443989794
537,10,X,X,D,1,0.5021653549200598,0.46665494957795406,0.6632285684124752,0.4088037060750023
537,11,X,X,D,0,0.5447885039806732,0.49788051811010153,0.654556753837191,0.3994584200055399
537,12,X,Y,J,1,0.5601537662475683,0.4684741535320295,0.6265277549382888,0.3904744765840069
537,13,X,Y,J,1,0.5623386870646647,0.460308409176778,0.648985510040257,0.4064861212546347
537,14,X,X,D,0,0.5701512647720743,0.48053049308343077,0.7183093876301792,0.43855219976192394
537,15,X,X,D,1,0.6097815931192797,0.5016076629451358,0.709711713587054,0.37973655260479605
537,16,X,X,D,1,0.6099141527673931,0.5316580653918448,0.738574161723793,0.38324004860312394
537,17,X,Y,J,1,0.6085165270758539,0.5144791847263811,0.7465955732405731,0.38359254524980907
537,18,X,X,D,0,0.6089155352547693,0.5146109638608534,0.75,0.36697716233329447
537,19,X,X,D,0,0.5971822601106571,0.519661281197225,0.75,0.3385966290226119
538,0,X,Y,J,1,0.7422342721334017,0.38926995205217196,0.4876508218655495,0.6503371655429688
538,1,Y,Y,J,1,0.75,0.4016634809894662,0.49882175025098485,0.6461117183176294
538,2,X,X,D,1,0.75,0.39564705416786994,0.4886822719553461,0.6164115336612723
538,3,X,Y,J,1,0.75,0.39889027283898604,0.4588121980298084,0.612758667561838
538,4,X,X,D,1,0.75,0.3791153880278089,0.47857948019063745,0.6494157455848183
538,5,X,Y,J,0,0.75,0.381787555949646,0.4862089604793825,0.6209555819594622
538,6,X,X,D,1,0.75,0.33813877496987765,0.46955436762676167,0.6609370676290248
538,7,X,X,D,0,0.75,0.3860725264977116,0.5098485919764518,0.6516976791364062
538,8,X,X,D,1,0.75,0.40128397124168214,0.5039025145733446,0.6359922977658435
538,9,X,Y,J,0,0.75,0.43307623771640585,0.4764127551055682,0.6131731951991954
538,10,X,Y,J,1,0.75,0.4355745212932285,0.4920752838219426,0.6130015598323895
538,11,X,X,D,1,0.7289128662850424,0.4130171594573765,0.49358396458676557,0.5876308914787477
538,12,X,Y,J,1,0.7451286505266635,0.40308273185842397,0.5013093273262469,0.617360703431753
538,13,X,X,D,1,0.7175609640088623,0.44539790731656803,0.5135625194224462,0.57632877838846
538,14,X,Y,J,0,0.7003710712632946,0.4209980161069713,0.5360644176888933,0.5486705437394381
538,15,X,X,D,1,0.6710286098650983,0.4022280158707445,0.567136744829263,0.5835382638473712
538,16,X,X,D,1,0.6509117116464618,0.40340925778964254,0.6073851586333461,0.5946043344395964
538,17,X,X,D,0,0.6602379871644949,0.42437499581790084,0.5678403034317173,0.5655530947816572
538,18,X,X,D,1,0.6316141341906647,0.4063768074458484,0.6147228411700396,0.5802108551927424
538,19,X,X,D,1,0.6487555447234955,0.4218183718182673,0.668945212884029,0.6135616498142967
539,0,X,Y,J,1,0.48676362201204104,0.27795499463287454,0.31373898390481125,0.43403074750671344
539,1,Y,Y,J,0,0.5409833330993967,0.27861502070849153,0.35161036513703503,0.4507977557784987
539,2,X,X,D,1,0.6267333815048172,0.25,0.3845778374922424,0.46222995026230396
539,3,X,X,D,0,0.6269303066576078,0.25,0.42631852479412646,0.49063528387858585
539,4,X,X,D,1,0.616175679161677,0.25,0.45517449194284165,0.4425578333203142
539,5,X,X,D,0,0.580545728339057,0.25,0.4210017458247834,0.44943489650975127
539,6,X,X,D,1,0.5713148066757209,0.25,0.40874957440335835,0.48420976026609097
539,7,X,X,D,0,0.5767101760811214,0.258451507725543,0.4156743202486521,0.49825075999716023
539,8,X,X,D,1,0.5553428264074766,0.2708421371381907,0.4271871019828285,0.4786757085588175
539,9,X,X,D,1,0.5667250828170893,0.25,0.45495158567915084,0.461109589100563
539,10,X,X,D,1,0.5855241851161446,0.26831055618630534,0.47271571807279467,0.42965264345950416
539,11,X,Y,J,0,0.6145826862352408,0.2699716055234754,0.46601879811069347,0.46159564201520653
539,12,X,X,D,1,0.6195645075283386,0.3070048524323807,0.46071994959181933,0.4886323011340833
539,13,X,X,D,0,0.6178911195393132,0.3168814192304837,0.4275977784892634,0.49707247931654563
539,14,X,X,D,1,0.5913872838919304,0.274136083808198,0.43469199317611296,0.5012937929596436
539,15,X,X,D,1,0.6142935991984682,0.3246010881877572,0.4203022004509026,0.5026161606911506
539,16,X,X,D,1,0.629826902133384,0.27014031106616226,0.44457047257869403,0.5239992185019051
539,17,X,X,D,0,0.618421570489918,0.2796018610717955,0.4834793996624156,0.5290390053491103
539,18,X,Y,J,1,0.62683377546194,0.2728638232128349,0.5029250696769371,0.46934385861110983
539,19,X,X,D,1,0.6279520140273454,0.2651149655835073,0.5208856272241773,0.46273865115101387
540,0,X,X,D,1,0.29157895947116336,0.4354874094572974,0.3232929987792823,0.5046879286869674
540,1,Y,Y,J,1,0.3074067406471268,0.4276570499173455,0.32890831288210703,0.5053597978132788
540,2,X,X,D,0,0.30744374641082045,0.415599836402124,0.3630765299870548,0.5275806408990118
540,3,X,X,D,0,0.2618919360730119,0.39528052128640656,0.36188374434896825,0.5239112294752242
540,4,X,X,D,0,0.2542510161843333,0.3873720644171144,0.38175139338399505,0.5598637236979624
540,5,X,X,D,0,0.25,0.42241484433837356,0.32820295797356025,0.5440997509543231
540,6,X,X,D,0,0.25,0.41576298762643654,0.32795717496881344,0.5163902130581183
540,7,X,X,D,0,0.25,0.40410435337744566,0.3451122854064409,0.5336209708567732
540,8,X,Y,J,1,0.25,0.41017200199731446,0.3667578478612422,0.544599660373472
540,9,X,X,D,1,0.25,0.40469728649486675,0.3524011123621201,0.5156959637050725
540,10,X,X,D,1,0.25,0.3669004834608509,0.3493044858770975,0.495985245130586
540,11,X,X,D,0,0.25211765286717963,0.3773614077892689,0.3367726699131806,0.4829010141368244
540,12,X,X,D,0,0.26156788774126666,0.34678931586557304,0.30690393594905807,0.48667005531794694
540,13,X,X,D,0,0.266486250526789,0.3159425911805215,0.25,0.45815976300385297
540,14,X,X,D,0,0.2979795393595891,0.32104487452335007,0.25,0.49919947971664397
540,15,X,X,D,0,0.31455240487582903,0.29209995854758475,0.25,0.5535413156736717
540,16,X,X,D,0,0.3663242218992825,0.303758158390007,0.25,0.5868119089686797
540,17,X,X,D,1,0.3473549081833213,0.2800319240897819,0.27990264113702695,0.6207860194808371
540,18,X,Y,J,0,0.3353361575832235,0.2927247709306947,0.27870106262418465,0.6266500199006944
540,19,X,X,D,0,0.348054615371526,0.25,0.32918915043061614,0.5973273557269396
541,0,X,Y,J,1,0.32826858225411726,0.6465155680158994,0.4758000639859448,0.43401463796666134
541,1,Y,Y,J,0,0.34312338127844094,0.626000124533292,0.5085150622909717,0.48339416182401096
541,2,X,X,D,0,0.35634008361211056,0.660720208432263,0.48184762424499755,0.4732568908585366
541,3,X,X,D,0,0.342027554662592,0.6995785143368001,0.5002531102548267,0.49222252186249943
541,4,Y,X,D,1,0.31297331736449746,0.7060292553999346,0.5107434276944621,0.5216891122232934
541,5,X,Y,J,1,0.2736106568995146,0.7392041321781709,0.4812567644288081,0.5050309314448578
541,6,X,X,D,0,0.25,0.7096466864291954,0.45231882859689604,0.518518882212911
541,7,X,Y,J,1,0.25,0.6952778175685127,0.40997487837816177,0.525030547192405
541,8,X,X,D,0,0.2665205240130311,0.7222460258729317,0.4203946563126601,0.4818611556519464
541,9,X,X,D,0,0.25,0.7176957172477753,0.4182234878656681,0.49976071898986574
541,10,X,X,D,0,0.25,0.6292735759212762,0.41610820791168884,0.5298079624650135
541,11,X,X,D,0,0.26259028026515396,0.6548130201071012,0.4081203158429358,0.5458664504468502
541,12,X,Y,J,0,0.29132853347451004,0.6507150704358243,0.4099603138289984,0.508928593303517
541,13,X,Y,J,1,0.2732177064689167,0.6652998279705468,0.3792735405501845,0.4819953429359366
541,14,X,Y,J,0,0.2519713544934385,0.688883679855938,0.38237442268367644,0.45940900139680524
541,15,X,X,D,1,0.28563450040049454,0.7275455010477857,0.3837423468740536,0.41914808881532145
541,16,X,X,D,0,0.2650348828493741,0.7194842844614344,0.3518918820530917,0.42190200404922096
541,17,X,Y,J,1,0.25776072142631146,0.7315660954086494,0.31928778308113764,0.4344884211310614
541,18,X,Y,J,0,0.25,0.7456905435303294,0.3144823491285044,0.4403276835461657
541,19,X,Y,J,0,0.25558186866075927,0.743659445884606,0.29109191134969975,0.4647188391279876
542,0,X,X,D,1,0.42769483742007053,0.36062176664929174,0.43846974221082535,0.5048780969233231
542,1,Y,Y,J,1,0.443229508338622,0.33707194473456875,0.3913205481709867,0.49056834171923264
542,2,X,X,D,1,0.4616362886605828,0.3316556428943746,0.40871459307284574,0.5290971184646557
542,3,X,X,D,0,0.4135527957644042,0.35228603139401465,0.40653499712880686,0.5493732715241282
542,4,X,Y,J,0,0.3886705491632237,0.3499006096728339,0.3711144385124965,0.5215336337305659
542,5,X,X,D,0,0.3957750112823132,0.3488766938426438,0.33690559860132097,0.5278628096103409
542,6,X,X,D,0,0.41290808703532556,0.3562863119454024,0.34652509495143013,0.5024961347078375
542,7,X,X,D,1,0.41480099311935775,0.3563355820602829,0.34717524224522434,0.5031650685405181
542,8,X,X,D,1,0.444149434232399,0.3547294806114212,0.3526794268833377,0.5083111708879257
542,9,X,X,D,0,0.4615307888680485,0.3760587050811782,0.3308389094119062,0.5191130642896654
542,10,X,X,D,0,0.5162751308418789,0.36562031743332263,0.3168869125804863,0.4789568094427339
542,11,X,Y,J,1,0.49578649098657757,0.35534909234550877,0.3249569517377716,0.4607868224811089
542,12,X,Y,J,0,0.5452195630422758,0.3785161858278378,0.31428111040549467,0.47639712052852196
542,13,X,X,D,1,0.5637347546483126,0.3789403243719031,0.31743293248796295,0.4605259908346901
542,14,X,X,D,0,0.5528544058299336,0.37856667984948017,0.31804757830281405,0.4536334063648662
542,15,X,X,D,1,0.5533534247716836,0.3663691166990358,0.32727697657160526,0.4697741332054804
542,16,X,X,D,0,0.5244329862269822,0.38874132835415,0.35115520491945085,0.4851279139041126
542,17,X,X,D,0,0.520191777927952,0.4264716493114166,0.33516892464849635,0.5081956728942089
542,18,X,X,D,1,0.5093921082675205,0.3873335059069906,0.3191876105078486,0.5568849607846642
542,19,X,Y,J,0,0.5078444028369601,0.38024117634281634,0.3164046906710224,0.5856427047667413
543,0,X,X,D,1,0.7283310847478403,0.34905844376135103,0.5795702524802168,0.7387227635028004
543,1,Y,Y,J,1,0.7497570686738955,0.3415681015266606,0.5833003227894741,0.75
543,2,X,X,D,1,0.7441070834444897,0.3695258751905384,0.5562284962716357,0.7362424737956104
543,3,X,Y,J,1,0.6978978429288227,0.3474475019851902,0.5693412172237516,0.75
543,4,X,Y,J,0,0.6975249602399909,0.39823247668668343,0.5653953806173346,0.75
543,5,X,X,D,1,0.7079660533680796,0.3937159665875448,0.6180235510881398,0.7430046971736384
543,6,X,X,D,1,0.6911599218389125,0.40754436968735325,0.5755580903252969,0.6639205897603813
543,7,X,X,D,1,0.6865478076447713,0.43418320294230356,0.5566182680221902,0.643858921867846
543,8,X,X,D,1,0.6778067347946092,0.42900889439782564,0.554235134434433,0.6828987940315596
543,9,X,Y,J,1,0.7154887167290457,0.4254956083235608,0.5470982365956232,0.6836455717245836
543,10,X,Y,J,1,0.7115362832311861,0.4335346334663683,0.5356479262827558,0.6800091716101033
543,11,X,X,D,1,0.653950875934557,0.4319385081592289,0.5508123219353348,0.6886977070974606
543,12,X,Y,J,1,0.6455243105666426,0.4622044983161985,0.5661081894964266,0.7369071144393591
543,13,X,X,D,1,0.6246027146191606,0.45023150308331017,0.5367183575427137,0.7195060298607883
543,14,X,Y,J,0,0.6584624039274565,0.45713367663932103,0.5399999167999139,0.7220462623682011
543,15,X,X,D,1,0.6989905206240553,0.4573812977427229,0.5713909037167498,0.7425051361974983
543,16,X,X,D,1,0.7069869260935104,0.47377487908806437,0.6150846160281818,0.7136981361827686
543,17,X,Y,J,1,0.6992926892992849,0.47843601290082255,0.5815347237708914,0.7327368368672392
543,18,X,X,D,1,0.6661390936367394,0.4831426644298381,0.5781852247594816,0.6794943700509787
543,19,X,Y,J,0,0.6881203761732656,0.48660754812001356,0.5750903660454717,0.6965491017335252
544,0,X,Y,J,0,0.5852041668976992,0.5825310859459409,0.3513315429054238,0.5344005883899461
544,1,Y,Y,J,1,0.5761140526618725,0.6081283215468894,0.34977667521109546,0.49950147561797986
544,2,Y,Y,J,1,0.6046521373949985,0.6048884740575524,0.3010791915768589,0.5416834628787768
544,3,Y,Y,J,0,0.6085827428145372,0.6124833644806444,0.3249152894836142,0.52430013517782
544,4,Y,Y,J,0,0.5959385169165079,0.6082107164720179,0.30999175436998805,0.5393973865634765
544,5,Y,Y,J,0,0.572930589282659,0.541390815712463,0.26671746901283017,0.5215620026546957
544,6,Y,Y,J,0,0.5629353212332024,0.5439288532263089,0.2528953477168598,0.5141600702146768
544,7,Y,Y,J,0,0.5835921136088543,0.5641593871293545,0.25,0.4887708095018425
544,8,Y,Y,J,0,0.588678891867083,0.5808875460095126,0.25,0.4977237088622046
544,9,Y,Y,J,1,0.6051820443061389,0.5894741393254712,0.26298418288578007,0.5156390960700435
544,10,Y,X,D,0,0.5875295969397242,0.5780403738966233,0.25,0.520013961460509
544,11,Y,Y,J,1,0.5301760589246891,0.5532040438019956,0.27805108549666596,0.5233648648472297
544,12,Y,Y,J,1,0.5372120523950931,0.5183455855108092,0.3127987453071245,0.48566650661842875
544,13,Y,Y,J,1,0.5348437566042836,0.4864993510258032,0.2792190034214095,0.5131930799512628
544,14,Y,Y,J,0,0.5523890805223327,0.5036651532660561,0.2581529853232367,0.5602503466889641
544,15,Y,Y,J,0,0.5365982405044454,0.5217377142894694,0.27007408169086566,0.5871395964445718
544,16,Y,Y,J,0,0.551815555090228,0.5520163153948279,0.25,0.5968356639414419
544,17,Y,Y,J,0,0.5240309677957244,0.5426732802413876,0.26136672750263074,0.5749228714716705
544,18,Y,X,D,0,0.4461639749816377,0.5501083564213665,0.2710063939170418,0.5781543012415029
544,19,Y,Y,J,0,0.4164604276664067,0.533014728690699,0.30771920853296514,0.545657323608254
545,0,X,X,D,0,0.34308382649134506,0.34458946278758484,0.69009305046782,0.36256184030690564
545,1,Y,X,F,0,0.3284517900129152,0.3398458193077326,0.672800524948644,0.3440228255026361
545,2,X,X,D,0,0.32152382230372356,0.37200920820146355,0.6286418251940727,0.35842912624815204
545,3,X,Y,J,1,0.32910457833268647,0.3689344039114285,0.6354772864768828,0.3729850455729085
545,4,Y,Y,J,1,0.31456495686744473,0.4073737453742806,0.5988772043052867,0.37690721085356055
545,5,X,X,D,0,0.37544024508637436,0.4264825212029231,0.5818571683758152,0.4184420423133471
545,6,X,Y,J,0,0.3836371547829225,0.4094150544887255,0.569930906528134,0.4183700053629143
545,7,X,Y,J,1,0.41278899761643445,0.41732114867581166,0.5409781613377519,0.38013217764185603
545,8,X,X,D,0,0.41062014220909376,0.4239390481044086,0.5447079912751017,0.34631600514329
545,9,X,X,D,0,0.3979277997420493,0.4106581536508082,0.5331408350857227,0.3375385251080592
545,10,X,X,D,0,0.3495858343602952,0.4072604098162505,0.49839951081456796,0.311131652559552
545,11,X,Y,J,0,0.34324187568404685,0.4409968240650536,0.4710494602613056,0.3290141063100377
545,12,X,X,D,1,0.3247563076598132,0.46682461195827063,0.4641779438804211,0.3677693332199543
545,13,X,X,D,1,0.3274936301875881,0.49085501736509346,0.43809983576045286,0.3718715810895785
545,14,X,X,D,0,0.33691270693390857,0.4510691303430438,0.46554053130362316,0.39223591942072955
545,15,X,Y,J,0,0.3245760245808282,0.4549777810583696,0.4690623594527665,0.3835338805205151
545,16,X,X,D,1,0.3175688605766157,0.4950481592487492,0.46139848984962584,0.36481901708904274
545,17,X,X,D,0,0.33447315408231154,0.43610280002053947,0.47962992249291847,0.3657959511342859
545,18,X,X,D,1,0.3562271027274461,0.408598480800101,0.48258887199357553,0.3494727690931872
545,19,X,Y,J,1,0.3376559350415811,0.3832883306627689,0.4154138024123658,0.36639416023147964
546,0,X,X,D,1,0.6347878311759847,0.572751977725271,0.7363018614406862,0.6899234834011618
546,1,Y,Y,J,1,0.6203905134643756,0.6051269803594633,0.7388486300600208,0.7130940598178824
546,2,X,Y,J,1,0.6280319950855136,0.58654660621498,0.7209620886591945,0.694317891048669
546,3,X,X,D,1,0.6340397013035023,0.526250302838202,0.7337299639442758,0.6951009111377185
546,4,X,Y,J,1,0.6711090200250842,0.49172767354553004,0.701049853317955,0.6904053930063463
546,5,X,X,D,1,0.6343674243775378,0.45881258468684594,0.7054476391970633,0.6520805134871127
546,6,X,X,D,0,0.673466074820622,0.4459808406139246,0.6818706331525402,0.6466684790252266
546,7,X,X,D,0,0.6923641235925831,0.4521932479403322,0.6318848274756073,0.7077020091589203
546,8,X,Y,J,1,0.6768782969481941,0.41774613852963194,0.6454647343230083,0.7027104363889592
546,9,X,X,D,1,0.6663690589391524,0.4197707211472246,0.6384316619287798,0.6966624759557222
546,10,X,Y,J,1,0.6422061323664808,0.43247544116399733,0.6443009258985414,0.6976013422204852
546,11,X,Y,J,0,0.6337187632433906,0.4206735705754805,0.6528752591632424,0.6389514698692703
546,12,X,X,D,1,0.6401329519356251,0.40707849132024754,0.6725478422019737,0.6343022388328063
546,13,X,X,D,0,0.6363698663848903,0.4218136151005669,0.6633962906089914,0.6212705641323611
546,14,X,X,D,1,0.6429517368067645,0.41346142226668,0.7182868401655826,0.6543998704953538
546,15,X,Y,J,1,0.6400328615226285,0.4148768892613537,0.75,0.6840933478609463
546,16,X,X,D,0,0.6112048134434239,0.4473714794946209,0.75,0.6851374323608822
546,17,X,X,D,1,0.6229411422869725,0.4226342059291524,0.7460629562618584,0.6757577790174051
546,18,X,X,D,0,0.5975771764031477,0.45365469249228774,0.75,0.631646514936658
546,19,X,X,D,0,0.5975186093942062,0.46542058405158565,0.75,0.6486590098622357
547,0,X,X,D,0,0.6387685230531626,0.3211933319983609,0.7329999709436121,0.6044784638486016
547,1,Y,X,F,0,0.6343492888271492,0.3466379928436814,0.7453852317467035,0.6330399377832212
547,2,X,X,D,0,0.6141583247359629,0.34440118420503313,0.7433630257656498,0.5971775954804006
547,3,X,X,D,1,0.6667390820810101,0.3681682145181835,0.75,0.564902420325379
547,4,X,Y,J,1,0.6602967253567509,0.3766211367196477,0.7169818499437146,0.5453614837018634
547,5,X,X,D,0,0.6792278332376438,0.3791554052555749,0.7028741069836031,0.5661372622633671
547,6,X,X,D,1,0.6532640435826282,0.37993548945135286,0.7115188475420106,0.5487841540751149
547,7,X,X,D,1,0.6546592288593639,0.4140195825188595,0.7432382604282013,0.5292727411159991
547,8,X,Y,J,1,0.6763977900981657,0.40323981478604476,0.7304446464831238,0.5441742752674916
547,9,X,X,D,1,0.7006429613451739,0.3898258079217283,0.7486457446429756,0.5011169010732344
547,10,X,X,D,0,0.7077147899257782,0.41094087707312427,0.7498457317759044,0.4655140622268002
547,11,X,X,D,1,0.6927550850748025,0.44099819400365736,0.7487269597598984,0.46164168577791664
547,12,X,X,D,0,0.6794415590717756,0.4316489490068711,0.75,0.4998382763390932
547,13,X,X,D,1,0.6717201594231756,0.4773535648160923,0.75,0.556156260112443
547,14,X,X,D,0,0.6400929391882012,0.49466838485949266,0.75,0.5774228897216505
547,15,X,X,D,1,0.642761925538599,0.4866820798073197,0.75,0.5947675133799143
547,16,X,Y,J,0,0.6226878842277491,0.46959309284619694,0.75,0.608879116266614
547,17,X,Y,J,1,0.6091011113070137,0.4814951472266476,0.75,0.5970974824412613
547,18,X,X,D,1,0.6222822734488243,0.4423515786826,0.7467849134506281,0.5877986789473314
547,19,X,X,D,1,0.5652929826392193,0.4186274413159624,0.75,0.5773651837772382
548,0,X,X,D,0,0.4486769198259698,0.43971904768965064,0.422245684793464,0.6865020024609483
548,1,Y,Y,J,0,0.4537279501005527,0.40626735208039844,0.42282809897560747,0.7060455714333693
548,2,X,X,D,0,0.49752424457196937,0.4175917000423437,0.4520064061143735,0.6761237285914918
548,3,X,X,D,1,0.5144887471400335,0.41554500057861493,0.43133920144729426,0.6862774896151876
548,4,X,X,D,0,0.500615376411365,0.42069253655545935,0.44759961839252016,0.7050079274707335
548,5,X,Y,J,0,0.5029686859559414,0.3884468903798079,0.4231229807814234,0.6851343875936986
548,6,X,X,D,0,0.4533583010003122,0.35618699129768927,0.4055207527520709,0.6919664700195118
548,7,X,X,D,1,0.4266736956993863,0.32138770337867384,0.426981463759266,0.6800178175030417
548,8,X,X,D,1,0.3890738483257964,0.3169246810433022,0.38342380959299516,0.6445743261627506
548,9,X,X,D,0,0.3689164720990495,0.25727120843899043,0.32682395382527785,0.6492667766490867
548,10,X,X,D,0,0.38093078051675866,0.26451420826532485,0.3222365811847573,0.6837606908563995
548,11,X,X,D,1,0.37670499303727195,0.26608722281901265,0.28969619315392925,0.75
548,12,X,Y,J,0,0.36976461681535217,0.2622730118232333,0.3026760808261068,0.722640133088266
548,13,X,X,D,0,0.4283146873676835,0.31745580666790724,0.30315918533928116,0.7195955777032571
548,14,X,X,D,0,0.36589044119034614,0.28719821790834055,0.3159355255413721,0.7210408701636629
548,15,X,X,D,0,0.3676479226364592,0.3093937462265395,0.306823328055713,0.6948156293966604
548,16,X,X,D,1,0.3695251216423837,0.2747603181401186,0.31144200939977035,0.7199355612510552
548,17,X,Y,J,0,0.37201162693588524,0.2829147011651169,0.2980701028939816,0.6879246668971426
548,18,X,X,D,0,0.3586129942279702,0.28096750554037164,0.2985223435953963,0.7129222851904549
548,19,X,Y,J,0,0.30547950225946496,0.33621599147263415,0.2879119039295154,0.75
549,0,X,X,D,0,0.6651506166530734,0.445206483119997,0.30619820836021394,0.297046029055628
549,1,Y,Y,J,0,0.7101200655104052,0.42269326154012066,0.3246843091086702,0.3351150526948844
549,2,X,X,D,1,0.7006361596261134,0.41850011769276224,0.34228177203102456,0.3030440713227355
549,3,X,X,D,1,0.6603975343191978,0.45156096262772694,0.36125507679071206,0.2736434337425141
549,4,X,Y,J,1,0.6760365890717821,0.4183124211901905,0.336873892738483,0.25
549,5,X,X,D,1,0.6776651025492696,0.3895393125773098,0.3695074255477249,0.25
549,6,X,X,D,1,0.6597055654123867,0.3785253840175691,0.3737349791557926,0.30062820406663077
549,7,X,X,D,0,0.6296280555862518,0.3925140411629516,0.3964752853844484,0.30977916205018674
549,8,X,X,D,0,0.6594628131658555,0.3911710013917018,0.42456964207212367,0.3117689394488139
549,9,X,X,D,0,0.6615494540935679,0.43077233366888523,0.4171913445811631,0.30637307806903497
549,10,X,X,D,1,0.6784902209404293,0.36550370492287854,0.4212486144096128,0.28459388720324036
549,11,X,X,D,1,0.7009186824645818,0.3537021394741052,0.4073611806287392,0.2903990493799293
549,12,X,X,D,1,0.7212122570396123,0.3395965593320637,0.38397222451056023,0.28480071051906175
549,13,X,X,D,1,0.7439438520068024,0.32795221777020966,0.3900543078478594,0.27497882729211937
549,14,X,X,D,1,0.75,0.3489690301840512,0.39518831247047415,0.25
549,15,X,X,D,0,0.75,0.3261303805209897,0.4093298122300364,0.27490089591798894
549,16,X,X,D,0,0.7456059125062798,0.32885560915580825,0.38648231050119164,0.2760162481819141
549,17,X,Y,J,1,0.7430878053765896,0.3116839462964637,0.38057352452479953,0.31152517849571565
549,18,X,X,D,1,0.7275196820772832,0.38198357814730444,0.4194621754010659,0.3403430673810438
549,19,X,X,D,1,0.7274132747922087,0.37366836028464984,0.4506281223755896,0.3171574799086399
550,0,X,Y,J,1,0.30347588449618135,0.6531362941265403,0.7124838070476012,0.42976307483909126
550,1,Y,X,D,0,0.271525327618713,0.6400445745393281,0.7079183129667946,0.4199223691290206
550,2,X,X,D,0,0.2648465311050113,0.6244604546529868,0.7219421289164212,0.395121752448331
550,3,X,X,D,0,0.25392107378745726,0.5968493101485912,0.6741598663640478,0.3490110619297256
550,4,Y,Y,J,0,0.25,0.5780324653267828,0.661925430861333,0.3395556059939637
550,5,X,Y,J,1,0.25,0.5986744252964886,0.6723245458197308,0.333965709115249
550,6,X,X,D,0,0.25,0.619317375252041,0.6853072459087791,0.35680040037558935
550,7,X,X,D,0,0.26426953189890784,0.5843520271113021,0.6788570286738307,0.3475576950238476
550,8,X,X,D,1,0.300254884126964,0.6026271625100666,0.728617756764874,0.36819880245210523
550,9,X,X,D,1,0.2823758124114071,0.5800929943501979,0.7131887584029438,0.346487684182641
550,10,X,Y,J,1,0.2564460814244763,0.5585285990882567,0.7495093766230079,0.30849450932116435
550,11,X,Y,J,1,0.269343882059013,0.5551569962572047,0.75,0.3152811252415783
550,12,X,Y,J,1,0.295057851474846,0.5707870396148559,0.75,0.27559005916197377
550,13,X,X,D,1,0.27296690142985625,0.5639964563712475,0.75,0.2905133242941679
550,14,X,X,D,0,0.28719950684214046,0.6033272507950486,0.6838418733443649,0.25682320457279606
550,15,X,X,D,0,0.320489366634327,0.5535774817224128,0.6812452597769114,0.25
550,16,X,X,D,0,0.3004333033355309,0.5666644161177186,0.6778463272399993,0.25
550,17,X,X,D,0,0.2912304856366647,0.5414878221159157,0.6911736359589039,0.25
550,18,X,Y,J,1,0.30859647412311353,0.5490326005486766,0.6916184786017295,0.25
550,19,X,X,D,1,0.27888063595053525,0.5171384083279095,0.7235389016936421,0.25
551,0,X,Y,J,0,0.5393937555233645,0.5418610355930026,0.37305306144177874,0.37032672933757815
551,1,Y,Y,J,0,0.5347332708388434,0.5160711225954009,0.3679615535980581,0.33795736623865025
551,2,X,Y,J,0,0.5148806819778298,0.48925866369309307,0.33873374484096014,0.3769014495477442
551,3,X,X,D,0,0.5894815443190129,0.5073696337388158,0.3505154539509032,0.3907246920648696
551,4,X,Y,J,0,0.6238492880602956,0.5022217223325821,0.3244505242134847,0.35630263873825246
551,5,X,X,D,0,0.6022140492935024,0.5209387203584646,0.3299258700071596,0.3537807409859021
551,6,X,Y,J,0,0.6163156751684394,0.5096806413689314,0.35846250451683026,0.37033341090799216
551,7,X,X,D,0,0.6378062178491113,0.4721686270326223,0.3093081930218333,0.38172343097485084
551,8,X,X,D,1,0.5968618702778574,0.5099002910601373,0.2871374410964153,0.40269321147692594
551,9,X,X,D,1,0.6082782761016526,0.5393772559242516,0.3266113599736086,0.3855696449479553
551,10,X,X,D,1,0.5806106242089575,0.4842515833866043,0.3475010070392397,0.40964143239941275
551,11,X,Y,J,0,0.5661201944067389,0.45349296409598644,0.3363351355532184,0.3649215940937351
551,12,X,X,D,1,0.6118812736553066,0.4640753889252712,0.3562623441263755,0.3883504784920718
551,13,X,X,D,1,0.6045098235024546,0.4777985206277609,0.3628124624872068,0.3342990983768596
551,14,X,Y,J,0,0.6166742806339459,0.45566970729491857,0.33887354950716303,0.33085757216477557
551,15,X,Y,J,1,0.6092432832982988,0.4639991144129044,0.30652874715521905,0.34463162929355484
551,16,X,Y,J,1,0.5936787860327509,0.4456594950756336,0.32352549658205476,0.3781568504207253
551,17,X,X,D,1,0.6028077871232523,0.47964916355855486,0.3324558944125758,0.38776678058774017
551,18,X,X,D,0,0.6106299345784539,0.48233960682400545,0.36381320284261515,0.40365306194574796
551,19,X,Y,J,0,0.5846971607533948,0.48222883180631926,0.3627262271387883,0.4051731365990721
552,0,X,Y,J,1,0.2721386429390898,0.47917713324874733,0.5772869589929999,0.6060853311154546
552,1,Y,X,D,0,0.2688099442057392,0.4978353955854875,0.5636204855135665,0.6236396525454688
552,2,X,X,D,0,0.2593066489985044,0.5093565976801671,0.5638482276668215,0.6599505880280669
552,3,X,X,D,0,0.28032702395568837,0.5504517623357787,0.5101877395843847,0.6382198985354659
552,4,Y,X,D,0,0.25,0.5564247810292918,0.5049266437330086,0.6072171707505974
552,5,X,X,D,0,0.2628714272151228,0.5917260375868076,0.510266129205926,0.6078272514396543
552,6,X,Y,J,1,0.25,0.5935000515676191,0.5177316612250076,0.5724596118059381
552,7,X,Y,J,1,0.25,0.5810560952134757,0.5112117514554689,0.5934029016426949
552,8,X,Y,J,0,0.25,0.6137702152025459,0.5112818997819017,0.5844293363226104
552,9,X,Y,J,0,0.26533544268986214,0.613609733033872,0.5039661905641842,0.5762131671960912
552,10,X,X,D,0,0.2646851098193255,0.5517943471898008,0.530083119757196,0.5691018113184027
552,11,X,Y,J,1,0.25,0.5597843928742218,0.5004796153680957,0.5462584064440673
552,12,X,X,D,0,0.280554954149728,0.522495790115729,0.4977466973251345,0.568355541682004
552,13,X,X,D,0,0.26480462368027186,0.512887135388989,0.48144472405382877,0.5444589636577665
552,14,X,X,D,0,0.25571019341031836,0.4896012845191553,0.43173483913107763,0.5363269902787381
552,15,X,X,D,1,0.25,0.47234521211931,0.4267546429925986,0.5709088838929849
552,16,X,Y,J,1,0.25,0.4824283312214525,0.43406456635104745,0.5774933471350945
552,17,X,Y,J,0,0.2630545585727054,0.439579782075245,0.43553032610635717,0.5489739581450197
552,18,X,X,D,1,0.29488209094844686,0.4090873779712697,0.4597266339029699,0.5371340400520369
552,19,X,X,D,0,0.3045520434361764,0.4038535528527868,0.465703092227695,0.5549965290618504
553,0,X,X,D,1,0.48795685101624847,0.6915688915521686,0.44771613350289247,0.582789958987001
553,1,Y,Y,J,0,0.49013709532680677,0.6724262673441919,0.4541933687834241,0.518095214761942
553,2,X,X,D,0,0.4474876835373727,0.6691259277362167,0.43616549428016693,0.49738868735904707
553,3,X,Y,J,0,0.429385150658387,0.6783794051570035,0.3981951271228185,0.44458738169476014
553,4,X,X,D,0,0.41280262147022245,0.6323197390659825,0.39102710797498497,0.4562399346596503
553,5,X,X,D,0,0.39479945492010027,0.6138072593958377,0.3939261264895205,0.4627320362183091
553,6,X,Y,J,0,0.4218303327851997,0.5807760890498417,0.4041603629465009,0.4592380791742582
553,7,X,X,D,0,0.4383367065896092,0.5319647954376995,0.39823941118842326,0.4531682090634004
553,8,X,X,D,0,0.423195633046661,0.5490892027787266,0.38248732340479036,0.4933087545761136
553,9,X,X,D,1,0.5052958112076774,0.5230372668459173,0.36246169882581575,0.5178934183277767
553,10,X,X,D,0,0.5211922368443244,0.5352281392603212,0.3533187786929441,0.517570665138362
553,11,X,X,D,1,0.5641971917375708,0.49214302993839587,0.3050439699330545,0.5015046093352108
553,12,X,X,D,1,0.5517085248262632,0.5110220919835,0.3200265632617526,0.49216449144289237
553,13,X,X,D,0,0.5765315577690926,0.5285601859941385,0.33231605623105614,0.4552795832388731
553,14,X,X,D,1,0.5778020240507138,0.5257125894429607,0.3490519883329884,0.42904820430732266
553,15,X,Y,J,0,0.574801219072422,0.5301077506739935,0.3241927263675657,0.4193411113907976
553,16,X,X,D,0,0.5677497129022565,0.5521194698290318,0.348727256473991,0.43775281332618304
553,17,X,X,D,0,0.606281642770527,0.552929259544621,0.3203172010702907,0.4742653276454057
553,18,X,X,D,1,0.5771183066006338,0.5304494677269356,0.3173864416332152,0.5195597626756836
553,19,X,X,D,0,0.58670192773219,0.5020014999772167,0.3600726894720683,0.5292698602770152
554,0,X,X,D,1,0.5448527057456212,0.32774039981130043,0.6499434404608068,0.5561481943939515
554,1,Y,X,D,0,0.5534755021047764,0.2781438320302919,0.6957790408901916,0.581576467255785
554,2,X,X,D,1,0.5599014022216886,0.2808432990350579,0.7204394360712975,0.5707269073916869
554,3,X,X,D,0,0.5440176260475552,0.3099561890294384,0.7036730179150911,0.5587470507439927
554,4,X,X,D,1,0.5466744761612882,0.30373215788638824,0.7393944225604874,0.550967716054584
554,5,X,Y,J,1,0.5475340086777724,0.307455514074132,0.75,0.5641391259669137
554,6,X,X,D,1,0.5656293333632518,0.31421597806402907,0.7246656090747223,0.603093820235326
554,7,X,X,D,0,0.5759466211179988,0.34749390711623557,0.7052194135763911,0.5852953875998276
554,8,X,X,D,0,0.5620678239248688,0.38705627574374835,0.75,0.5677238357462242
554,9,X,Y,J,0,0.5870166938141211,0.4137865613753999,0.7479655719079723,0.5706598631148225
554,10,X,Y,J,1,0.6111271302638004,0.43803851159972,0.75,0.5999837313317355
554,11,X,Y,J,1,0.5875106768056845,0.4531150515345338,0.7371424264439693,0.5868272616700917
554,12,X,X,D,1,0.5848685279151076,0.4060953435570834,0.7389929463200775,0.5783039857332529
554,13,X,Y,J,0,0.6353038715773988,0.4089643484085348,0.7471496589027602,0.6095101271683595
554,14,X,X,D,1,0.605988543831234,0.41025253004000756,0.75,0.6295606766582971
554,15,X,X,D,0,0.6273721280404532,0.3887087271089421,0.75,0.5949259970994573
554,16,X,X,D,1,0.6000072812065479,0.4043494109003857,0.7392481860378038,0.6247810282987696
554,17,X,X,D,0,0.5690720931071477,0.4213156348847132,0.6996066843177814,0.621171049015401
554,18,X,X,D,0,0.5915021687308609,0.46823844506772305,0.725194567464003,0.6255273462750234
554,19,X,X,D,1,0.5780980659592821,0.4780921627998554,0.7414492465036981,0.6494220976706925
555,0,X,Y,J,0,0.4469563812618858,0.5933401355076184,0.7022491074489747,0.3262013983865724
555,1,Y,X,D,0,0.45199259867602615,0.5771452447548485,0.6803995905645475,0.3456013235886597
555,2,X,X,D,0,0.4361939042287302,0.5638600891221469,0.6760350932560375,0.324051654589476
555,3,X,Y,J,1,0.43595696017199126,0.5737801603656516,0.6533079431303381,0.3586250649251581
555,4,X,X,D,1,0.41274957510717736,0.5565219115537893,0.6315976232942717,0.3747834175599957
555,5,X,Y,J,0,0.43788550362344014,0.5740314774516965,0.5943409752682622,0.33011168516497597
555,6,X,Y,J,1,0.46851035781671924,0.5785119551146474,0.5817100214716668,0.2773932883312912
555,7,X,Y,J,1,0.4485185411777968,0.568518190078348,0.5940029238638995,0.30172261265913347
555,8,X,X,D,1,0.47073578325378024,0.5956152353315737,0.5854768549717144,0.2831122354885784
555,9,X,X,D,0,0.4272251789135431,0.5975010152649974,0.6278115945730786,0.3238360903956917
555,10,X,Y,J,0,0.45350658735184746,0.6026150293332205,0.6583034287169114,0.35930262621394005
555,11,X,X,D,1,0.4839180913887064,0.5602015908668144,0.687175535573698,0.33108978526115396
555,12,X,Y,J,1,0.46900195984946424,0.5590367319329241,0.7012942010371567,0.34013994124036623
555,13,X,X,D,0,0.4405225760438145,0.5907502816716216,0.6896233778917431,0.367591143260501
555,14,X,Y,J,0,0.458425356024337,0.6001977917278329,0.698473120009533,0.3461887701929355
555,15,X,X,D,0,0.4660718599857729,0.5995550708260362,0.7115962085202782,0.36556521429117045
555,16,X,X,D,1,0.47894224663913704,0.5900846435514585,0.6600495937605468,0.3812898135429332
555,17,X,X,D,1,0.48436393190473276,0.6058326098382776,0.6729747167678528,0.40277480424509626
555,18,X,X,D,0,0.4559111098866287,0.6084052238185181,0.6714861806654981,0.3743009871026534
555,19,X,X,D,0,0.4359051444130423,0.6260842001842586,0.6919021475798234,0.3907432495100509
556,0,X,X,D,1,0.5141523713230817,0.4076171533114767,0.5277653626988026,0.38249306507146535
556,1,Y,Y,J,0,0.5068502363925995,0.3781419733136936,0.5575254685868176,0.3849328731501795
556,2,X,X,D,1,0.4765198420869254,0.3381981673304422,0.5735413376850088,0.41163799374461346
556,3,X,X,D,0,0.4873420004883142,0.3534619587990735,0.6156451736573846,0.4137122078247702
556,4,X,X,D,1,0.48405810659197807,0.36924284257274065,0.6135125236207144,0.4181542993896423
556,5,X,Y,J,0,0.4854905001305938,0.35940973774717977,0.6200566411108676,0.4120594548988207
556,6,X,Y,J,1,0.46475127632298097,0.33149792482282897,0.6018542859717537,0.45106689887042645
556,7,X,X,D,1,0.4667233175781884,0.346334723478492,0.6023151061992952,0.4596156638487995
556,8,X,X,D,0,0.4989208853557523,0.3676261233286997,0.6255379294564287,0.5013211669907024
556,9,X,Y,J,1,0.46495452191494924,0.36252268810859634,0.5887366419224662,0.5147722467916576
556,10,X,Y,J,0,0.44584215195636306,0.30970627725647204,0.5978901430025414,0.512680369624384
556,11,X,Y,J,1,0.4287670659067654,0.2685100425529967,0.5943416311743864,0.5109612065036339
556,12,X,X,D,1,0.3895045165115404,0.25,0.5635326405218801,0.5048178643331559
556,13,X,X,D,1,0.39883798251180064,0.2807554129259717,0.5988087898909485,0.5337049083869827
556,14,X,X,D,1,0.40410667164242703,0.31230674385001356,0.5908541821774191,0.5323673929817451
556,15,X,Y,J,0,0.40950748888261534,0.30848004095391557,0.5545655852796829,0.49936034275603064
556,16,X,X,D,1,0.40673181070005704,0.2773882202723437,0.5718710787597192,0.5175353079943157
556,17,X,Y,J,0,0.388087581647415,0.27190222291578203,0.5752474290202043,0.5152160455764604
556,18,X,X,D,0,0.37660836949775167,0.2594315585206056,0.5787941568583099,0.5591373407310342
556,19,X,Y,J,0,0.39625876486925354,0.268015331148865,0.6000266346460092,0.5443396898381933
557,0,X,X,D,0,0.5548354991009766,0.5423900589155448,0.5504220859192297,0.5773722945268339
557,1,Y,X,F,1,0.5538021993044933,0.5070947911071009,0.5327417765299268,0.5394706121054995
557,2,Y,Y,J,0,0.5069484217745055,0.5093533546144704,0.5251700427754973,0.5260119838969608
557,3,X,X,F,1,0.5008976990926772,0.5082311332368386,0.544317513180349,0.514609999973692
557,4,X,Y,J,1,0.4901539776120382,0.5072244132047631,0.5381013367508889,0.5401258063574329
557,5,X,X,F,0,0.5247659830874142,0.5123867791900624,0.5941193102315074,0.5228635678183442
557,6,X,X,F,1,0.5057456487325438,0.5102267684818136,0.6010377613008154,0.542415400495757
557,7,X,X,F,0,0.4763644985379875,0.5171165013625361,0.6140479794010204,0.5568490444941668
557,8,X,X,F,0,0.4306616103229933,0.5219912894476587,0.628849383969332,0.5605933827737949
557,9,X,X,F,0,0.44365129349549925,0.5010093996239666,0.6370201500483385,0.555290872312411
557,10,X,X,F,1,0.4169174335603127,0.5067861856523105,0.6385262317316454,0.6361804577064605
557,11,X,X,F,0,0.3891530206078457,0.5092268143005428,0.5964803341400821,0.5972910001052236
557,12,X,X,F,0,0.36276400459017577,0.4887969812393557,0.5653762942682857,0.5868030239464873
557,13,X,X,F,0,0.37206145460839807,0.5186724539030682,0.5647747711310321,0.5712236672886332
557,14,X,X,F,0,0.37325535087203376,0.4981103254225124,0.5514958796349568,0.5703522050374837
557,15,X,X,F,0,0.3484475382292457,0.5049944242401061,0.5428841651767233,0.6356181246160311
557,16,X,Y,J,0,0.32918250861843756,0.45528776061301923,0.5094363733980094,0.6688573026002215
557,17,X,X,F,0,0.29176668726092225,0.4186992568619454,0.43342224004504604,0.6563318342367082
557,18,X,X,F,1,0.2761832078895871,0.4193723644881954,0.4093556634039263,0.6623167192487254
557,19,X,Y,J,0,0.28482174819786366,0.39115728161147534,0.34820044810930134,0.6716228639183779
558,0,X,X,D,0,0.6591549382844278,0.4060490223336038,0.4624841162815939,0.3198013447679516
558,1,Y,Y,J,1,0.697974343374069,0.4123364552972578,0.4335909424106246,0.3025252530923419
558,2,Y,Y,J,1,0.7255056375266862,0.40052229486247287,0.40867297116953294,0.3722674010885533
558,3,Y,Y,J,1,0.7280567270201125,0.4166443934011413,0.4031972386617573,0.3583197988206518
558,4,Y,X,D,1,0.7347282982088678,0.3873585769980121,0.3768025481993996,0.3759230453077897
558,5,Y,Y,J,1,0.7102942276110192,0.37635780202913954,0.42647158739317026,0.35559178213365367
558,6,Y,Y,J,0,0.7175571583227072,0.35912077960096417,0.4561417637669221,0.3743299902101163
558,7,Y,Y,J,0,0.6956923487975506,0.36363898273979184,0.48454316172752726,0.3654705015111624
558,8,Y,Y,J,0,0.683955011586448,0.37923604035994396,0.48692510215787854,0.3831912720149287
558,9,Y,Y,J,1,0.6947011516910927,0.3488335465047431,0.5098428385661062,0.3570246437208814
558,10,Y,Y,J,1,0.7337788607393928,0.38899209277677815,0.5104500439787536,0.37111585256860774
558,11,Y,X,D,1,0.75,0.3929971322683887,0.5352000470713023,0.3408712629931538
558,12,Y,X,D,1,0.7070044681861162,0.407154836015628,0.4988853791421305,0.38111074415272295
558,13,Y,Y,J,1,0.75,0.39432063592151384,0.5449079858635215,0.40480656032625767
558,14,Y,X,D,1,0.75,0.3762927372743254,0.5437698590390513,0.3636556642974779
558,15,Y,Y,J,0,0.7169366250412871,0.3612391710894186,0.5086011756272082,0.3966532392023667
558,16,Y,X,D,1,0.7055692939763947,0.3241712100189814,0.4757413415063624,0.41444957020407247
558,17,Y,Y,J,0,0.7006480973289401,0.31148292921168297,0.443510320643202,0.42661766621856667
558,18,Y,Y,J,0,0.6868222647118103,0.3241679442327322,0.4591786908848731,0.40895868865763707
558,19,Y,Y,J,0,0.718605094938634,0.33042262758992746,0.4769653766491422,0.44499086373314933
559,0,X,X,D,0,0.4009614590409081,0.6763024232486592,0.3948482417073052,0.5199714934139916
559,1,Y,Y,J,0,0.4206993224115238,0.6802980355093154,0.4149732565257427,0.5227573141553405
559,2,X,Y,J,1,0.44677022183652937,0.7002632889830529,0.3971677787059528,0.5741083287774473
559,3,X,X,D,0,0.44780591173128576,0.6865932026680921,0.3939956975633513,0.5616883479258947
559,4,X,X,D,0,0.3856620588676667,0.6679234758454358,0.37569431198043224,0.5565301437126188
559,5,X,X,D,0,0.40429041001517096,0.644202524479988,0.3807216907880907,0.5337261920038966
559,6,X,X,D,1,0.43528998170064515,0.6209264884223026,0.42774350568513736,0.564572635246225
559,7,X,X,D,1,0.43429855301012754,0.6704339983065999,0.45126012766204127,0.5629798457516166
559,8,X,X,D,1,0.40741889606462295,0.6853201697034759,0.4190869171299135,0.5519618913295732
559,9,X,X,D,0,0.44073093699915183,0.6948196889664204,0.4535502008683438,0.5527246963722773
559,10,X,Y,J,1,0.4395418876504151,0.6718843953257241,0.4318968715712076,0.497923255808542
559,11,X,Y,J,0,0.4366469716678857,0.6648751498125962,0.41774310204347004,0.5050388039767636
559,12,X,Y,J,1,0.4427522394750186,0.67846269825186,0.4028200298189885,0.5028536026807694
559,13,X,X,D,0,0.39841794521173446,0.6224308655664674,0.30801428046839735,0.5106108613557522
559,14,X,X,D,1,0.39728734514524716,0.6058360211388094,0.31434199793572376,0.4891802445357296
559,15,X,X,D,1,0.40459098264884313,0.6268910946730416,0.29508758850946076,0.527082785516179
559,16,X,X,D,1,0.4223496294073366,0.5909377346959223,0.29329935231678766,0.5189214723195167
559,17,X,Y,J,0,0.38108027871032535,0.6042956043450987,0.28729787557444075,0.5438166462514391
559,18,X,X,D,0,0.39672423344949276,0.6261489455626813,0.2927255074610595,0.5866105821095615
559,19,X,X,D,0,0.42231187022725386,0.6276233388453768,0.2887305464339483,0.6085096356067093
560,0,X,X,D,0,0.5247667561151319,0.4454538642730631,0.280869619611675,0.7406004536263189
560,1,Y,Y,J,1,0.5520202743299686,0.4483581636225427,0.3264950954811388,0.75
560,2,Y,Y,J,0,0.5954811885087029,0.48836954374257036,0.319428117037218,0.7428935641797871
560,3,Y,Y,J,1,0.6162618158427552,0.5167148127471409,0.3099728864634843,0.75
560,4,Y,Y,J,0,0.624574868277422,0.5028369809746914,0.2945488884325568,0.7088237924672485
560,5,Y,Y,J,0,0.6792716610180759,0.4559148343998924,0.2692337707859979,0.75
560,6,Y,X,D,0,0.7068042248784472,0.44627470721711476,0.2656996148055135,0.75
560,7,Y,X,D,1,0.7296609268825973,0.4422487595498217,0.2845219119737495,0.746432197008568
560,8,Y,Y,J,0,0.7269045072882405,0.44501530863159244,0.25,0.75
560,9,Y,X,D,1,0.75,0.4206821852239223,0.25,0.7334573134996646
560,10,Y,Y,J,0,0.75,0.37862161959082774,0.2822151454900712,0.7266184258452644
560,11,Y,Y,J,1,0.7407701397343461,0.3923585692959476,0.25,0.7271536441556787
560,12,Y,X,D,1,0.75,0.3864035324250362,0.25,0.75
560,13,Y,Y,J,0,0.6708051280296778,0.3929487168102493,0.25,0.7199759619990068
560,14,Y,Y,J,1,0.6774954287635311,0.3520412309204034,0.27409536115347805,0.6632105480665229
560,15,Y,Y,J,0,0.7022091012456207,0.32454823548154593,0.25,0.6567815452329022
560,16,Y,X,D,1,0.6783110313016458,0.3317680512504826,0.25919102023559526,0.6505553751225294
560,17,Y,Y,J,0,0.7271335866771449,0.3301576605615233,0.29747610111161776,0.6522564865495138
560,18,Y,Y,J,0,0.7441126853362433,0.3413139707037951,0.30282468764850834,0.6456187980785065
560,19,Y,X,D,0,0.7370857681447682,0.3197936143263587,0.2804305297759377,0.6455238398960409
561,0,X,X,D,0,0.5025039034641403,0.4889466501871616,0.6634011315509944,0.7003827930409892
561,1,Y,Y,J,1,0.5249178924794944,0.47183428100733593,0.6620101246529948,0.7067003699947451
561,2,Y,Y,J,1,0.5260158987431567,0.4762065806757909,0.6775103040455647,0.7302329100432813
561,3,Y,X,D,1,0.5315813940053684,0.45577662281316594,0.6925244272423838,0.7360066504883562
561,4,Y,Y,J,1,0.562166860521925,0.4357948053915125,0.6567984562974388,0.75
561,5,Y,X,D,0,0.5569781679849681,0.5108505448999562,0.7066523342589159,0.7391133714375553
561,6,Y,X,D,0,0.546988648372206,0.49205325332921507,0.7357895897976795,0.7393927681081718
561,7,Y,Y,J,1,0.5683560016828478,0.47269766777196703,0.75,0.7374388060830285
561,8,Y,Y,J,0,0.5812582769067949,0.4876036108184914,0.7075360933318152,0.75
561,9,Y,X,D,0,0.5360596047193483,0.40609850462971014,0.7444632848950299,0.75
561,10,Y,X,D,0,0.5663889602320863,0.3594545350458147,0.75,0.7309474589743952
561,11,Y,Y,J,1,0.5853299907314437,0.35072587562065755,0.75,0.7320197155944593
561,12,Y,Y,J,1,0.6083701983784511,0.3442051861014032,0.75,0.7031384620896646
561,13,Y,Y,J,1,0.5858022999888183,0.39683679773298997,0.7450339218176613,0.7228947819396871
561,14,Y,X,D,0,0.5651144406605125,0.38356491415723665,0.7285704693228794,0.7070424394637141
561,15,Y,X,D,0,0.5223021297060654,0.3563494523431422,0.75,0.7181268498295553
561,16,Y,Y,J,0,0.5324689044164713,0.3818353436565571,0.6931648349661614,0.7095410506683012
561,17,Y,Y,J,1,0.5599650982906645,0.4036862019476569,0.6447349425127631,0.6870529193560699
561,18,Y,Y,J,0,0.5224833002042546,0.3797503170118016,0.6387764332026035,0.6951290995299801
561,19,Y,Y,J,1,0.5692273503588927,0.4207062335636427,0.664287665216976,0.6871027957480009
562,0,X,Y,J,1,0.5041438220019294,0.6674749237252673,0.49103712605925187,0.451711624531829
562,1,Y,Y,J,0,0.4958294168326933,0.6425818359476626,0.45803895404232375,0.43723944918341656
562,2,X,X,D,0,0.4724436958887401,0.6388743206630648,0.46754195754775885,0.45146939733352137
562,3,X,Y,J,0,0.5039815057757414,0.6455808016495811,0.45014981238649987,0.4475487653461896
562,4,X,Y,J,0,0.49876882995273364,0.6773619241032549,0.4120860299004982,0.42693826356476894
562,5,X,X,D,1,0.4770622004788925,0.6976946395376775,0.44696198570136897,0.44651219658232716
562,6,X,Y,J,0,0.4945549974920733,0.7186996108899744,0.4588523254919597,0.43110027785255767
562,7,X,X,D,0,0.5452175773896761,0.7219017931271057,0.43748454429803035,0.46854667594151767
562,8,X,X,D,0,0.4978723535487099,0.7004199932976843,0.3999271506045014,0.4615211211235383
562,9,X,Y,J,0,0.4813914896105065,0.7124747679299933,0.38463045377773,0.47416658283762725
562,10,X,X,D,1,0.5217218654406846,0.7360163797816414,0.3739283487132722,0.4752730308806979
562,11,X,X,D,0,0.5337058283038031,0.75,0.38554684497156166,0.4719125283273155
562,12,X,Y,J,1,0.5533336346323794,0.75,0.3852741988299965,0.4363149530813739
562,13,X,X,D,1,0.554409682427766,0.75,0.39062144463111986,0.41095041004114635
562,14,X,X,D,1,0.565501890345354,0.75,0.4144255292615349,0.3809710285683622
562,15,X,X,D,0,0.5686470761819911,0.7384633687665914,0.39502246599814156,0.3670977726639246
562,16,X,X,D,0,0.5589251789513424,0.7213841226589645,0.42809941505347116,0.37034403148428413
562,17,X,X,D,1,0.5530524958662552,0.7225643299609424,0.46384503801616095,0.3628185786906495
562,18,X,Y,J,1,0.5589223850667344,0.7182586665946723,0.5133370517368734,0.3794961735507988
562,19,X,X,D,0,0.567058804595277,0.75,0.47922331386840405,0.3878790591775513
563,0,X,X,D,1,0.4641916979315832,0.5027460400156286,0.46582284153151,0.7495171407634785
563,1,Y,Y,J,0,0.46831704072049635,0.5335942890562809,0.4299554982414411,0.75
563,2,X,X,D,0,0.4772224430657156,0.5685282596306354,0.3837257464579888,0.75
563,3,X,X,D,0,0.4649840890665649,0.5778936397643939,0.38846659691925417,0.75
563,4,X,X,D,0,0.41985164574165007,0.6108341889308226,0.3953431516417872,0.7422154651912389
563,5,X,Y,J,0,0.41097741008424865,0.5979723932617365,0.40836432151676283,0.75
563,6,X,X,D,0,0.4234872901420127,0.552510522432495,0.407373050384155,0.75
563,7,X,X,D,1,0.43437112524061217,0.5366668230572892,0.37058692123900594,0.7390548918403758
563,8,X,Y,J,1,0.41503971155476166,0.5134116519056989,0.3605778090163722,0.75
563,9,X,X,D,0,0.44259558832290924,0.5012155258198685,0.3323617505922028,0.75
563,10,X,X,D,1,0.4280739155514292,0.515119451450544,0.3336186012388139,0.7179564799084236
563,11,X,X,D,0,0.3933162862291752,0.4944856644111001,0.35141827578506335,0.6707202161833066
563,12,X,Y,J,0,0.33839748122235014,0.48579807936918334,0.34724147948716877,0.6431395752686312
563,13,X,X,D,0,0.34916746431978235,0.4651402288216498,0.37055652045691806,0.6360226773675056
563,14,X,Y,J,1,0.3179268981922109,0.4864253987938198,0.3114957348464697,0.6479785559099933
563,15,X,Y,J,0,0.3316437242834469,0.5370615076826522,0.3345645464906085,0.6442785054502705
563,16,X,Y,J,0,0.35186694526518447,0.5515419610315775,0.3193184729007264,0.6461222635943771
563,17,X,X,D,1,0.3537594397829785,0.5585896455272285,0.29894435730431984,0.6796983677807821
563,18,X,Y,J,1,0.3723088384747256,0.5382875659109744,0.25,0.697280806317081
563,19,X,Y,J,0,0.37577786605229657,0.5585682930200996,0.2528141841599005,0.699637195427606
564,0,X,X,D,0,0.6571437518638914,0.7262130867735601,0.4564460533584988,0.7447462230223295
564,1,Y,Y,J,0,0.6687630016244559,0.7476758385528861,0.43764243471999115,0.7381642899828375
564,2,X,X,D,0,0.7297463736618003,0.6933421041562062,0.45741080736496337,0.7484431421924694
564,3,X,X,D,1,0.7030553812279071,0.7089047565073286,0.4760513353588991,0.7414119483037105
564,4,X,X,D,0,0.671004397880041,0.689926588636475,0.4872044233036527,0.75
564,5,X,Y,J,0,0.6651920275690372,0.6484293053232815,0.5115519625781147,0.75
564,6,X,X,D,0,0.6496821850521644,0.6869030386149182,0.4938666055910256,0.7041543723180042
564,7,X,X,D,1,0.6338965098541003,0.6913507808020237,0.4962312717378003,0.686395211796771
564,8,X,X,D,1,0.6377965319670063,0.6858277571918439,0.500334858948834,0.6969475597558068
564,9,X,Y,J,1,0.6648032469726223,0.6914836044407536,0.47922119516608147,0.7327601320740336
564,10,X,X,D,0,0.6903650296186364,0.6619444500521898,0.48174049873279484,0.7225428289896225
564,11,X,X,D,1,0.6761925858712255,0.6632818034312089,0.5180455432166132,0.75
564,12,X,Y,J,1,0.6758726933165823,0.7033685328787076,0.5338132859411694,0.7467902081646434
564,13,X,X,D,0,0.6744577887237553,0.7071348319449428,0.5373239805215445,0.7318522134373946
564,14,X,Y,J,0,0.5962567956193874,0.75,0.5086879695039184,0.7350915955253773
564,15,X,X,D,0,0.5799950402525017,0.7345240777150815,0.4623697178235206,0.723125847701501
564,16,X,X,D,1,0.5475906405318929,0.7339601221084033,0.4241505443354883,0.7163382620599218
564,17,X,X,D,0,0.544390467390993,0.721944813098475,0.4635965181856856,0.7368941827318709
564,18,X,X,D,0,0.503662371793056,0.7150049311937431,0.44042154073874307,0.7176931442215653
564,19,X,X,D,1,0.5144505565741676,0.7005205283168988,0.4564000086632513,0.7148034152922013
565,0,X,X,D,0,0.43605543639233313,0.5466694755793287,0.5144696939902651,0.7477881629970939
565,1,Y,Y,J,0,0.42340717426579827,0.5599598720289245,0.5100157569278739,0.7494705852020549
565,2,X,X,D,0,0.41310463764422095,0.5656328406590213,0.5423143888687392,0.75
565,3,X,X,D,0,0.38278408891331916,0.5837878972351626,0.5529366447765244,0.7341455264789652
565,4,X,Y,J,0,0.38307340166337966,0.5357854823342372,0.5359521048513619,0.7401121521281904
565,5,X,X,D,1,0.40624033156586137,0.5635904878007644,0.561099323595285,0.7412079404034569
565,6,X,Y,J,1,0.4121990911632801,0.558430393246699,0.548654598613347,0.7183874232274807
565,7,X,X,D,1,0.43724651243392904,0.5483426829965063,0.5304575354946588,0.6742748439950621
565,8,X,X,D,0,0.4401248063905448,0.5968171856026975,0.5617381767368512,0.6913749338475552
565,9,X,Y,J,1,0.4270120238527306,0.616071792548774,0.5572869490498451,0.6849347051795677
565,10,X,X,D,0,0.39539079432205987,0.6126782279486852,0.5862198360757034,0.7050821075170162
565,11,X,X,D,0,0.3677369580133575,0.5849973169998307,0.5518415767753423,0.7428381674335732
565,12,X,Y,J,0,0.3412204612416479,0.5643223814541207,0.5570262257311236,0.7475180829275311
565,13,X,X,D,1,0.3343729132493805,0.5438386185282168,0.545548678905444,0.7375979224549453
565,14,X,X,D,1,0.33412572664527435,0.5593079769325034,0.5653033078149812,0.7467451318807437
565,15,X,X,D,0,0.34382461642903966,0.5545446446555855,0.5330422051504946,0.7436276658060372
565,16,X,X,D,1,0.3442458732438381,0.5734388287425587,0.5507703730161535,0.7296500055655383
565,17,X,X,D,0,0.3867602171021872,0.5715583926435884,0.5392730858330035,0.7362979561916156
565,18,X,Y,J,0,0.37543495609195093,0.6020287652994518,0.5289966297057933,0.7371632200705548
565,19,X,X,D,0,0.36441210604571783,0.6104638775047057,0.5324392434116483,0.7460168086845109
566,0,X,X,D,0,0.48798431414478355,0.6826993748314713,0.700757312917601,0.45395548229041355
566,1,Y,Y,J,1,0.47406148085434785,0.6972809566319956,0.7329172658470341,0.4625407707304256
566,2,Y,X,D,1,0.4886155551191983,0.6293374846874698,0.7152303451105222,0.4502229502707136
566,3,Y,Y,J,1,0.46656486244851436,0.6366251111811921,0.7081754696640472,0.47043393395153205
566,4,Y,Y,J,0,0.44433795985086916,0.666187903669231,0.6915142344214825,0.492464319183296
566,5,Y,X,D,0,0.4661638538194372,0.6518817627308953,0.7169187763905797,0.5009696852947744
566,6,Y,Y,J,1,0.46727515094437355,0.6619562548280957,0.7214543202371246,0.4737232144288305
566,7,Y,Y,J,1,0.46477170114083755,0.6441448982303665,0.7125964444981305,0.49506617902661043
566,8,Y,X,D,0,0.48947024740977985,0.6552564750708716,0.7112641407981553,0.5251407979039194
566,9,Y,Y,J,0,0.46622446836175296,0.6782386741157493,0.7185060430369389,0.537332723263795
566,10,Y,Y,J,1,0.433080466072669,0.6619352762029287,0.75,0.5047145845087956
566,11,Y,Y,J,0,0.4087958624517544,0.6791440801708171,0.75,0.5433745550185973
566,12,Y,X,D,0,0.43812585726526926,0.6956623743747115,0.75,0.5778155696424012
566,13,Y,Y,J,1,0.484013703959996,0.7163959925840712,0.7239392580521374,0.5755784657629366
566,14,Y,Y,J,1,0.47635101002456737,0.734967146607446,0.7233113992988204,0.6041549261918914
566,15,Y,Y,J,0,0.46498441411254837,0.75,0.7459750784417072,0.6433620771580936
566,16,Y,X,D,0,0.44449463994435734,0.7366553430371864,0.7275351223965998,0.6339329197237191
566,17,Y,X,D,1,0.4399779710118262,0.7078494156020534,0.7456874145736806,0.6504419369225656
566,18,Y,Y,J,1,0.4440296164024833,0.7330814270173676,0.75,0.6437181692553818
566,19,Y,Y,J,1,0.447433334096951,0.75,0.6856659656750289,0.6521576736531385
567,0,X,X,D,1,0.7211033272189797,0.637982056529194,0.39101722969420283,0.6268198908638121
567,1,Y,Y,J,0,0.6776817555043476,0.6633242864059381,0.3597667500256009,0.6521898397544781
567,2,X,Y,J,0,0.7008265353727381,0.7108489573563593,0.36011763736619384,0.6563740327324113
567,3,X,X,D,1,0.6908535212966888,0.6959319431481646,0.387603291032763,0.6130639028356368
567,4,X,X,D,1,0.689559085848408,0.676565058060082,0.3695126175578749,0.5995534744614915
567,5,X,Y,J,1,0.7094890886397434,0.6741127745408562,0.3848880002555097,0.5821792186573966
567,6,X,X,D,1,0.7170557338085044,0.7359285514009254,0.41468901034193034,0.587600976807022
567,7,X,Y,J,0,0.6678263617527007,0.714464136918107,0.4052284071159377,0.5943044800409384
567,8,X,X,D,1,0.6455614101764496,0.7200688120800486,0.394491768124585,0.5644355501094117
567,9,X,Y,J,1,0.6603572013036543,0.7117775143856938,0.3959286570220624,0.544650186946257
567,10,X,Y,J,0,0.6547985514239275,0.6600794202794857,0.4106928691567433,0.5472684869488668
567,11,X,Y,J,0,0.6652530595973083,0.6971643474881759,0.43715157478136246,0.5665572758594194
567,12,X,Y,J,0,0.719790363710901,0.7077375900820821,0.4258570519120715,0.5506981993245952
567,13,X,Y,J,0,0.744135600913646,0.7031551114798834,0.4275070344768792,0.5341594191129516
567,14,X,X,D,1,0.75,0.6866154809875717,0.400452287710271,0.5365662022836577
567,15,X,X,D,1,0.7287360846143912,0.6991209523149003,0.37171380229009954,0.5395808021321387
567,16,X,X,D,1,0.7025347393530664,0.639199798378133,0.38816684859146927,0.5860057962697381
567,17,X,Y,J,0,0.7159273103376851,0.6525049744485522,0.38515739109145297,0.5790954105411844
567,18,X,Y,J,0,0.7431083308603875,0.6405786516966537,0.3854174209903429,0.5745292275716697
567,19,X,X,D,1,0.75,0.6086974774383653,0.4402859565624553,0.5845261792504157
568,0,X,Y,J,0,0.27664716117484245,0.48907842585405786,0.5311823465997332,0.2873413914042727
568,1,Y,Y,J,0,0.28684446675961395,0.4869474120488232,0.548262922421142,0.2814964086719402
568,2,X,X,D,0,0.2587780520824269,0.46163518082694327,0.5476678668647438,0.2840791378084118
568,3,X,X,D,0,0.25,0.44897379533252385,0.5659895540209611,0.25
568,4,X,X,D,1,0.26670063207700284,0.48777444115130164,0.6047165280375147,0.26236116823104333
568,5,X,X,D,0,0.2503307225592045,0.48620284678923525,0.6110994787777354,0.29117924594553574
568,6,X,Y,J,0,0.25,0.48199212645650125,0.6442129786366283,0.302531997770109
568,7,X,X,D,0,0.2572305443819146,0.4750521993148009,0.6829843442579694,0.3154887919618009
568,8,X,X,D,0,0.30485818334646125,0.4742953285712895,0.6440208831156682,0.30330748959811077
568,9,X,Y,J,1,0.30858256218610813,0.447332047014409,0.6439067756267212,0.3229072376605464
568,10,X,Y,J,0,0.347385374427568,0.40776878746815054,0.6651411530579973,0.3047189216825944
568,11,X,X,D,1,0.3694016026644918,0.40197818832524485,0.6613571624121442,0.28391983936582704
568,12,X,Y,J,1,0.383826496652025,0.41617691743491236,0.6471186064363142,0.28705320679880303
568,13,X,Y,J,0,0.36775796303620834,0.3784841858011059,0.6266902554641387,0.33737717900001896
568,14,Y,X,D,1,0.3758090028575372,0.371281790905116,0.6421104852668842,0.3249929018821635
568,15,X,X,D,0,0.41232594353799235,0.3488151007585402,0.5898161241938066,0.33787747937223467
568,16,X,X,D,0,0.43319046471696226,0.3530076051804968,0.607157013058759,0.339148208688257
568,17,X,X,D,1,0.45876338675727246,0.36914010194528796,0.6259516732355742,0.3142042005727237
568,18,X,X,D,1,0.44913902933629174,0.37260053938651455,0.6180924311005311,0.3579635617151178
568,19,X,X,D,1,0.44723936075361254,0.4231533615808073,0.6075655436148294,0.3299606578420136
569,0,X,X,D,0,0.7313393954113083,0.5031062585697561,0.6234463851125234,0.43185040097114574
569,1,Y,X,F,0,0.7134437832945353,0.502251954909213,0.6467662328038091,0.4320766136372301
569,2,X,X,D,1,0.7153375445068271,0.5116514789241389,0.6486260723579698,0.4213456838500167
569,3,X,X,D,1,0.7093758707662172,0.5138026684407034,0.6271874333194809,0.45690865108374595
569,4,X,X,D,0,0.7220639454082838,0.5257442579603863,0.6339725440329372,0.47099083990022683
569,5,X,X,D,0,0.7237630445018295,0.5167228141939576,0.6164283536237009,0.4494159902478842
569,6,X,Y,J,1,0.6890214634244572,0.5379822438195181,0.6255714521465874,0.4258192389333922
569,7,X,X,D,1,0.7397463448344923,0.5074585574223077,0.6255154319522084,0.40526233269555684
569,8,X,X,D,1,0.75,0.4934140992602058,0.6429496350510788,0.4402735951980104
569,9,X,Y,J,0,0.75,0.5129071682527797,0.603709645567782,0.4528134561677006
569,10,X,X,D,0,0.7485806686277124,0.5198143776147797,0.6329608272920979,0.45946287487171095
569,11,X,X,D,1,0.75,0.539169471823808,0.6322770029411618,0.47617451833734503
569,12,X,Y,J,1,0.746966377007488,0.5481826494000243,0.6353399379245516,0.4576492325730703
569,13,X,Y,J,1,0.7457618557481072,0.5029109662662594,0.6399373116298086,0.4453774652358138
569,14,X,Y,J,1,0.75,0.49564400948069626,0.6269371124467126,0.47067107301687416
569,15,X,Y,J,1,0.75,0.5618153222105904,0.6223910267421792,0.4875592752991716
569,16,X,X,D,1,0.75,0.5806546125595967,0.5680221733265123,0.48944538532936305
569,17,X,X,D,1,0.7225106544997149,0.611397336848101,0.5926075961105355,0.4960840660525322
569,18,X,X,D,1,0.7466024931572959,0.6199104847099651,0.6240425629929419,0.52275635447923
569,19,X,X,D,1,0.75,0.6294919828433555,0.6244594504392214,0.5264452672390538
570,0,X,X,D,0,0.2948433506572856,0.6146857902640608,0.5487999880389274,0.3630174562771354
570,1,Y,Y,J,0,0.3152164738233832,0.5589550839618278,0.5036031882434843,0.35615805814746065
570,2,X,Y,J,0,0.3514358453312101,0.5683783102761808,0.5169085273108973,0.35033509904896937
570,3,X,X,D,0,0.33667065664727797,0.552533977771308,0.4797617306658803,0.3514924727485369
570,4,X,X,D,0,0.3055470180967953,0.5054590965237458,0.501905239406681,0.3484995310504049
570,5,X,Y,J,0,0.31511446392814874,0.4934105504358665,0.4963349611449621,0.31318423867793327
570,6,X,X,D,0,0.31388051864626443,0.5208508782040724,0.5287495027464646,0.3340150599496696
570,7,X,X,D,1,0.31735521990290744,0.5245715365199759,0.5465172285453508,0.3381486847925214
570,8,X,X,D,1,0.3473770518366113,0.5241307112783482,0.5714532489766703,0.3363541721627625
570,9,X,X,D,0,0.32663445000728725,0.5197556622332234,0.568878965141094,0.2995517287801173
570,10,X,X,D,0,0.299230336048206,0.46834620592620835,0.5836534992624746,0.2927857696795132
570,11,X,X,D,1,0.3150611056612524,0.433261457441315,0.5777414527262944,0.2795471986207866
570,12,X,X,D,1,0.28762970437711977,0.46859648773182105,0.5988881996496109,0.30732434240381806
570,13,X,Y,J,0,0.3396522693752296,0.463048026009591,0.5735562761434587,0.2839389672460029
570,14,X,X,D,0,0.34234566093969254,0.44124619552437566,0.5994008574174342,0.25
570,15,X,X,D,0,0.32743890477552645,0.4504894791789136,0.605211343128403,0.2753408186689518
570,16,X,X,D,0,0.2978882624060094,0.42132783830536125,0.619842509226607,0.28542532006547905
570,17,X,X,D,0,0.3183969591859688,0.40283434071231705,0.6063020147781436,0.3147741859518749
570,18,X,X,D,0,0.30482185985386934,0.39768413486778004,0.5834937569517025,0.3086013170428671
570,19,X,X,D,0,0.25,0.3918526315620102,0.6060355754197819,0.29203448497441936
571,0,X,X,D,1,0.556441088400546,0.48538425154049325,0.6520791193228994,0.66322443054291
571,1,Y,X,D,1,0.5622861345754668,0.4539673975522535,0.6822059142329921,0.6650852125875893
571,2,X,X,D,1,0.5305437052718954,0.43415389473881166,0.6792251905085471,0.6716032673606689
571,3,X,X,D,0,0.521736152047887,0.41442382990631155,0.6890011123871467,0.7148064686567663
571,4,Y,Y,J,0,0.5652049033495333,0.43516982409547383,0.7017879358804627,0.7208586716889657
571,5,X,Y,J,0,0.5812983457135596,0.40751638464778517,0.6676602012757269,0.6808108043251152
571,6,X,Y,J,0,0.599883623086693,0.4197339021350739,0.6484198294384244,0.6728411462786794
571,7,X,Y,J,1,0.6179518282292313,0.4475053240736213,0.6815730729929307,0.6544656657893071
571,8,X,X,D,0,0.6052153187508729,0.41449678765724773,0.7072458517200374,0.6588961382857421
571,9,X,Y,J,1,0.5744038579650071,0.40823928895469014,0.6829272836945502,0.6278372032688471
571,10,X,X,D,1,0.5953721005591408,0.38394727150978997,0.6474173926698035,0.6567157249212922
571,11,X,Y,J,1,0.5942263722545189,0.38577329369807384,0.6744229052847531,0.6365760350924787
571,12,X,X,D,1,0.5893845706157068,0.40426051393178275,0.7118460383671132,0.6156152229145366
571,13,X,X,D,1,0.6471897411952341,0.4216761908239704,0.7118824428807118,0.5711385836356547
571,14,X,X,D,1,0.6659139038143533,0.3886924114335307,0.6645100497561557,0.5567114764517616
571,15,X,Y,J,1,0.6652254327327393,0.377820585020067,0.6431605244646877,0.5620170679897118
571,16,X,X,D,1,0.693323422456137,0.3443815232332279,0.6267951347576266,0.5118822900865254
571,17,X,X,D,0,0.7243482931571759,0.3444428465156711,0.6485181702244112,0.5096259079797161
571,18,X,Y,J,1,0.7050405796373044,0.32313934662331856,0.619863037915237,0.4702839471229316
571,19,X,Y,J,0,0.6576538158683599,0.37995538898462716,0.5992091029297849,0.533879975968741
572,0,X,Y,J,1,0.32449429510470473,0.3805543805751965,0.523122868135717,0.3132927887429352
572,1,Y,X,D,0,0.3221561276214559,0.4325424392311072,0.5033763888203333,0.3080486949372604
572,2,X,X,D,1,0.2874059439784408,0.414307657786425,0.5066271179298225,0.2518058665539872
572,3,X,X,D,1,0.28078415665209994,0.42120706968564575,0.5254667448642639,0.25
572,4,X,X,D,0,0.28199695291081045,0.46217309894110653,0.5401151394050682,0.2906939996176491
572,5,X,X,D,0,0.30039502860537737,0.44671337198941935,0.5832658006595683,0.2857701170305876
572,6,X,Y,J,0,0.2895957293066561,0.4574413291904391,0.5557859863774578,0.30506332606411796
572,7,X,X,D,1,0.285510364000781,0.47173930547669135,0.5773219396162659,0.27680218894106295
572,8,X,Y,J,0,0.28852517876560263,0.5038742381269553,0.6125012998667606,0.33770424701568713
572,9,X,X,D,0,0.2947369458357777,0.5215577436314365,0.6038099399945805,0.34146101046868793
572,10,X,X,D,0,0.30674016614645766,0.5011680306157745,0.6248817238111823,0.36884091440307054
572,11,X,X,D,0,0.31109036169237086,0.4925412873692291,0.6241036575464526,0.3746900218111331
572,12,X,X,D,0,0.33631620196440304,0.48592664584626855,0.6391894171297576,0.3844494403189066
572,13,X,Y,J,1,0.3102955947260171,0.5033057270952774,0.6374845722668612,0.3866273258473668
572,14,X,X,D,0,0.3388890486324155,0.4601329246637361,0.6242519509926894,0.35732277662522965
572,15,X,Y,J,1,0.3969179774193467,0.45581224624639394,0.6202317977696958,0.32092997765350817
572,16,X,X,D,0,0.4231538164339401,0.43238460245366545,0.6082409148198525,0.2824475322894263
572,17,X,Y,J,1,0.3641653631289447,0.4333805056481221,0.6291045547201647,0.26327275241244896
572,18,X,Y,J,1,0.3610496465363597,0.4143623146049475,0.6144818049232861,0.3230458142613978
572,19,X,X,D,1,0.3905058575281305,0.41187871632117284,0.6226617202271588,0.3240510127140756
573,0,X,X,D,0,0.27006214711654775,0.7056003180152599,0.5000714141029061,0.3884165867509145
573,1,Y,Y,J,0,0.25,0.7039547111608631,0.5078659271728012,0.3988182211598673
573,2,X,X,D,0,0.28411380887182863,0.6435979936466637,0.4913440469114561,0.369090868315204
573,3,X,X,D,0,0.2746736457461174,0.6449644696766126,0.48329773894544753,0.3674674543721114
573,4,X,X,D,0,0.2640802384210206,0.6346281747806382,0.4933352558142054,0.3767620831778516
573,5,X,X,D,0,0.26883460503795165,0.6247292321126277,0.502283117818071,0.40115281438008094
573,6,X,X,D,0,0.25,0.6485279294144184,0.4796737208465902,0.37431155691173074
573,7,X,Y,J,1,0.25447422575880757,0.6947241370453057,0.48778544557317394,0.3438451977292138
573,8,X,Y,J,1,0.2740281827923904,0.7086662749011947,0.504301711535275,0.35449407200130467
573,9,X,X,D,1,0.3030005672748074,0.6777007149126374,0.45053860235376275,0.3777371461691706
573,10,X,Y,J,1,0.2846255406852975,0.69047698903154,0.48103277268301065,0.41421767982722163
573,11,X,X,D,0,0.29796645920227977,0.6758392167321675,0.48825731920197074,0.4050926280791769
573,12,X,X,D,0,0.3162318191669189,0.6989609657699937,0.477707765287418,0.42246180518882376
573,13,X,Y,J,1,0.3001078394026487,0.7080696358226126,0.4942412493511752,0.45746600854017433
573,14,X,X,D,0,0.31261314387654227,0.7426934782200619,0.4701046082636196,0.4180202474801482
573,15,X,X,D,0,0.282486688560543,0.7394264106404667,0.475554839182301,0.42713044167848124
573,16,X,X,D,0,0.2906171650924608,0.75,0.5065086045787083,0.45665902715618756
573,17,X,X,D,1,0.2773968398930356,0.75,0.5401064939201524,0.49802635821942987
573,18,X,X,D,0,0.3360564511057976,0.75,0.5634226638805829,0.49522436621717125
573,19,X,X,D,0,0.32544500291049766,0.7438664267251986,0.5614814591124515,0.4873827127355333
574,0,X,X,D,1,0.5385687172772331,0.30683000855058334,0.6624644035153624,0.5075993475289644
574,1,Y,X,D,1,0.5358451165350436,0.28206708124698004,0.6575555945357704,0.47131017114230817
574,2,X,X,D,0,0.5615727486278591,0.26383023506923686,0.6886249655005859,0.45482345813806674
574,3,X,X,D,1,0.5644745134557794,0.25,0.7024549131362605,0.41630674749774194
574,4,X,X,D,0,0.5929204193648842,0.2761791562012286,0.7189939964902641,0.3835522857800825
574,5,X,Y,J,1,0.6281876860935709,0.27762378607199195,0.6780379366176201,0.3826195133255876
574,6,X,X,D,0,0.6055672963264424,0.2746644530608162,0.6817114723195176,0.38931296292385875
574,7,X,X,D,1,0.634822172840719,0.2802417338552548,0.6797677169893906,0.3791566495763777
574,8,X,X,D,0,0.5679058748338536,0.250940054826616,0.699193173250568,0.4186203283777678
574,9,X,X,D,0,0.5414617778371068,0.25,0.693050592061093,0.4004918632134462
574,10,X,X,D,0,0.5439596510902832,0.26198987750463804,0.7111363292213191,0.3987721951288103
574,11,X,X,D,0,0.550447415574317,0.25,0.7362806510340211,0.3755160282006409
574,12,X,Y,J,1,0.5738444893531222,0.25,0.731263637746622,0.38841352989038813
574,13,X,Y,J,1,0.5631222105791559,0.27820867235973806,0.75,0.398160435634121
574,14,X,Y,J,0,0.5493313672001539,0.25724525040946955,0.75,0.4328343005509304
574,15,X,Y,J,0,0.48781826819620216,0.2753343542266131,0.7346783823672098,0.45571385244890983
574,16,X,Y,J,1,0.503313323977272,0.25836378885865297,0.7194653887139424,0.5039686158919909
574,17,X,X,D,0,0.496004172249111,0.25,0.7413092439772572,0.5106197078457969
574,18,X,X,D,1,0.5090641955598415,0.25,0.75,0.4857829882997344
574,19,X,X,D,0,0.5365465034694756,0.26399616198552495,0.75,0.45592729424207523
575,0,X,X,D,1,0.7202444049952377,0.3907639354836956,0.36242737917184087,0.6221380348810044
575,1,Y,X,D,1,0.7354798136084465,0.4090820864050845,0.35311601283335586,0.6119025298288954
575,2,X,X,D,1,0.7394450502361081,0.39827058088375283,0.36986926729624275,0.626870009364648
575,3,X,X,D,1,0.75,0.4203366846724001,0.34850082196874843,0.6447690636182843
575,4,X,X,D,1,0.75,0.41367359286758243,0.3292083216912555,0.6242699109945292
575,5,X,Y,J,0,0.7083811065200879,0.4939889395614427,0.3504329980558537,0.6050994775230563
575,6,X,Y,J,0,0.7491969359331492,0.5200718392101087,0.3498474926251339,0.5919984912870825
575,7,X,X,D,1,0.731400350264821,0.5763220467286814,0.32082129434717477,0.5404992496662797
575,8,X,Y,J,0,0.744447971175917,0.5937068319570085,0.3219460353038045,0.5455473922207338
575,9,X,Y,J,0,0.7370381744295533,0.5978138797750899,0.26459998440339894,0.536441050596756
575,10,X,X,D,1,0.7316917927285992,0.6394432756171254,0.26322414315719556,0.5501610947106867
575,11,X,X,D,1,0.701685076139665,0.632148326703776,0.26951690455064103,0.5142252210023366
575,12,X,Y,J,0,0.7149270078347956,0.6587184916198916,0.25,0.5148112288131926
575,13,X,X,D,1,0.7208709375728987,0.6835493661066645,0.25,0.47729230144144213
575,14,X,X,D,0,0.7192652349531085,0.6453014376171081,0.25118650796899317,0.4897765097352298
575,15,X,X,D,0,0.7044065337524616,0.6961129370018323,0.26953350188214875,0.4909144789424954
575,16,X,X,D,1,0.736909086710569,0.6982279591307781,0.31847548294431216,0.46156148265342833
575,17,X,X,D,0,0.7234344500578647,0.6775449225705166,0.3146394697983764,0.45980813529481185
575,18,X,Y,J,1,0.7284756938451746,0.6383563661025172,0.31869392597652485,0.45798870728455543
575,19,X,X,D,1,0.7193385410759134,0.691849552662784,0.34275964431282113,0.4650396317624329
576,0,X,X,D,0,0.6345007003175349,0.4976270052298483,0.46734681031520986,0.7439749540294589
576,1,Y,Y,J,1,0.6157870941438502,0.5217214483245805,0.5233515607023657,0.7184309164850864
576,2,Y,Y,J,0,0.5900127997989307,0.5072783336192593,0.5052386340112346,0.75
576,3,Y,Y,J,1,0.5979139553082727,0.4851894909441843,0.509110980442998,0.7478347105854131
576,4,Y,Y,J,1,0.6117885968726948,0.48283941209569,0.5144533742582178,0.7386644548427896
576,5,Y,X,D,1,0.6371619696183715,0.44604497099177665,0.5238637472615739,0.7363975837976271
576,6,Y,X,D,0,0.6393260187982431,0.45192157063751676,0.5270782559437996,0.7368216541642099
576,7,Y,Y,J,0,0.6378796173296125,0.4773485585057507,0.5504212095471694,0.7266186309097613
576,8,Y,Y,J,0,0.6638897695618715,0.4686653722465209,0.5131754857608084,0.6919780769358213
576,9,Y,Y,J,1,0.6518842093016092,0.47953047254278586,0.5509463105561218,0.6967928658090309
576,10,Y,Y,J,0,0.6824098843869693,0.5367943682423888,0.5314543547753664,0.6968402437138685
576,11,Y,Y,J,1,0.6719866205158366,0.584389627957742,0.528457467434906,0.6822321689390617
576,12,Y,X,D,0,0.6539406727313991,0.5736455096635704,0.5632789306168927,0.676866730954548
576,13,Y,X,D,1,0.6901435606754482,0.5597824376566947,0.5503970936436168,0.7103627288953827
576,14,Y,Y,J,1,0.6969899666981746,0.5083815021776298,0.5735517912737235,0.7205488759515611
576,15,Y,Y,J,1,0.7055014520141032,0.5169863344576568,0.5529420239641796,0.7463582377448588
576,16,Y,Y,J,0,0.7381284644923678,0.5935324460247853,0.5589041841568191,0.75
576,17,Y,X,D,1,0.7004449680361899,0.6398845261360607,0.560357700516244,0.75
576,18,Y,Y,J,0,0.682029942051905,0.6462412639769499,0.5910956992130414,0.731399531540624
576,19,Y,Y,J,1,0.6705140359663224,0.6260984597295325,0.579273827474174,0.75
577,0,X,X,D,0,0.44365678120475915,0.2553697085010085,0.44500573035589946,0.30189792734239856
577,1,Y,Y,J,1,0.41558257972936563,0.25,0.44252057048265964,0.2683382757986136
577,2,Y,Y,J,0,0.4224002232696444,0.25,0.4170360761822515,0.28400124362094015
577,3,Y,Y,J,0,0.4012693437272485,0.25,0.3828385083560706,0.2785480620160195
577,4,X,X,D,1,0.3822852412779092,0.251043039708898,0.37387854125789066,0.28569138654011506
577,5,X,X,D,1,0.3625594143116695,0.25,0.35605523891327256,0.2960259757742229
577,6,X,X,D,0,0.35739952365602273,0.25,0.3706088679435077,0.28351946322648136
577,7,X,X,D,1,0.36462131206109794,0.2668724592294658,0.38104065152947586,0.27768085193651076
577,8,X,X,D,1,0.38857107738362173,0.2743106084013293,0.3626873030572891,0.25
577,9,X,Y,J,0,0.41012058817023006,0.28980170960569623,0.3647457055694697,0.25
577,10,X,X,D,1,0.48192624182352223,0.33392431547225837,0.37087217752494106,0.28977306219656956
577,11,X,X,D,1,0.46353410278867296,0.3278383066857362,0.37750522426798433,0.29907813185952126
577,12,X,X,D,0,0.4459771471382864,0.3370690308237121,0.4127683163828682,0.29689633529370607
577,13,X,X,D,0,0.4096760188304863,0.3327460527923308,0.3698362964630623,0.31302461207297544
577,14,X,X,D,1,0.39647884244354153,0.39272841709828704,0.39073228395580273,0.32841600312113567
577,15,X,X,D,0,0.35000737313668784,0.3604656858597031,0.37848970375310154,0.3285678512233108
577,16,X,X,D,0,0.31829735447998636,0.34698350311907084,0.39605574175020813,0.3164802889925884
577,17,X,Y,J,0,0.3063820963063885,0.3797285129722039,0.36649690444874344,0.3079318371602052
577,18,X,X,D,0,0.32930139636358907,0.37248724089912855,0.3862695890012097,0.2698395002597318
577,19,X,X,D,0,0.3411521506430433,0.3751249197797892,0.40276953675805877,0.26165694432080183
578,0,X,Y,J,1,0.6573289233879545,0.6078760040694413,0.2929951887004089,0.6253076009743364
578,1,Y,Y,J,0,0.6219531119377014,0.6126966314407002,0.31309285847475526,0.6170585238559478
578,2,X,X,D,0,0.6095405736782383,0.5966177925702978,0.27603981846060816,0.6287736203196939
578,3,X,X,D,0,0.6270384773863096,0.6111349878996222,0.2760553283560514,0.6393723221992198
578,4,Y,Y,J,0,0.640172257306818,0.6413822238713794,0.2729369473411344,0.6272434419887482
578,5,X,X,D,1,0.6814633195158093,0.5928334336741936,0.27560234820990837,0.6011329534095721
578,6,X,Y,J,0,0.6650797892746446,0.6043215576112232,0.27050256094839653,0.6230880699788226
578,7,X,X,D,1,0.698550420343271,0.6233408163292815,0.2945208712916479,0.652012158298463
578,8,X,Y,J,1,0.7104368789711885,0.654827943346518,0.35240348334202676,0.6502534285615569
578,9,X,X,D,1,0.7102536636642472,0.6376880887729385,0.3468961015128359,0.6344642894828669
578,10,X,X,D,1,0.7470138766928617,0.6385147983912234,0.3394314064796663,0.6104462878030682
578,11,X,Y,J,1,0.7337908793992131,0.6624759919424457,0.37761927177632626,0.6028724817994939
578,12,X,X,D,1,0.7335466980689567,0.6558840517016106,0.35441819519962264,0.6007426433724983
578,13,X,X,D,1,0.7436362112155941,0.6370083281537352,0.349224493104106,0.6485068200936868
578,14,X,X,D,0,0.7063886189385267,0.6033367602478902,0.3747960779617839,0.6522801157807602
578,15,X,Y,J,0,0.7133051648102026,0.6043749998972503,0.39877575154409994,0.6619750481442239
578,16,X,Y,J,1,0.7217713495444703,0.5917525439184295,0.40794342310392545,0.6388623400803254
578,17,X,X,D,1,0.7160705581419621,0.5857805356646825,0.3890588434307021,0.5901616802529939
578,18,X,X,D,1,0.7394775752335709,0.6292379316888146,0.367988398095132,0.578989905513681
578,19,X,X,D,0,0.7002420742013448,0.6311447975669557,0.38508511093105374,0.5385373127057567
579,0,X,X,D,0,0.5387673890609956,0.5920057052624872,0.49270861236118724,0.7380873082802288
579,1,Y,X,F,0,0.5209027034751944,0.5910520500987209,0.48135257890170124,0.75
579,2,X,Y,J,0,0.5398334306039274,0.5717481919469654,0.4572706889175819,0.75
579,3,X,X,D,1,0.5145546172051298,0.5320345959173867,0.49111029684059737,0.7459540888199768
579,4,X,X,D,0,0.522362801995333,0.5399306391209548,0.440113712234949,0.7396742991721984
579,5,X,X,D,1,0.5073588005483969,0.5585894546104616,0.42072849053982475,0.7352730768904685
579,6,X,Y,J,0,0.5209420771215233,0.5573489943806397,0.4007737364178632,0.7230032643559864
579,7,X,X,D,0,0.5481049824459023,0.5265904588418322,0.3842560679606186,0.6771511420907204
579,8,X,X,D,0,0.5733931761172658,0.5261329754830939,0.39847074330344645,0.6519106221153794
579,9,X,X,D,1,0.5864910936639298,0.5605270904779218,0.3962150999398666,0.6728626072682405
579,10,X,Y,J,0,0.5995970220300106,0.5616134071024491,0.37208731749315893,0.6465482837384391
579,11,X,Y,J,1,0.6283590109968513,0.491230357160357,0.3722860634252132,0.6592765582857196
579,12,X,X,D,0,0.6290329663196658,0.5127964753460129,0.3722067482580537,0.6576112955439724
579,13,X,Y,J,0,0.6358940957120888,0.526917881256197,0.3655194131461669,0.6865388469986197
579,14,X,Y,J,0,0.6284327626392254,0.5151945788407826,0.36020154356786876,0.7248534096922666
579,15,X,X,D,1,0.634379587368526,0.5382766049093293,0.3598202628912944,0.7258757991209814
579,16,X,Y,J,1,0.6384984916422349,0.5120923488566891,0.37073107082875534,0.75
579,17,X,X,D,0,0.6246372535447985,0.5251732300358796,0.3571675291265361,0.75
579,18,X,X,D,1,0.6509984605940916,0.5473449703511603,0.31454109676565856,0.7431457570578078
579,19,X,X,D,1,0.5913191907664441,0.5543576670119026,0.2748811177833514,0.7127399961858022
580,0,X,X,D,0,0.3359249445554007,0.5159139116017115,0.6284883846842109,0.7405128973642185
580,1,Y,Y,J,1,0.33038023611369,0.522860367859418,0.6133178393958925,0.737947173169889
580,2,Y,Y,J,0,0.3214443023817932,0.5147907411532102,0.6047727729741778,0.75
580,3,Y,Y,J,1,0.30644129071860343,0.5368789842237844,0.5811799274884696,0.7127329976262541
580,4,Y,Y,J,1,0.3327297938824831,0.5463531707712423,0.5815768376613656,0.7231424632804574
580,5,Y,Y,J,0,0.340317227315999,0.5261914248812668,0.5711530785361723,0.7302648787528809
580,6,Y,Y,J,1,0.34030008552217383,0.5462318545416752,0.5425733654453799,0.7410791106695841
580,7,Y,Y,J,0,0.31685255511310834,0.5484994058177971,0.5523170469909073,0.7267784134241598
580,8,Y,Y,J,0,0.35426499558984725,0.5361308921847168,0.5428860504320366,0.6872217191753107
580,9,Y,Y,J,0,0.35123973240294465,0.5361803630167511,0.5303392713061643,0.6494848556319281
580,10,Y,Y,J,0,0.33583194552601986,0.5298272439354823,0.5662992539604217,0.6788108871523699
580,11,Y,Y,J,1,0.3395428542172038,0.5477572748318756,0.573615277315104,0.6029815232970029
580,12,Y,X,D,1,0.28723113575762477,0.5413378748276788,0.538400132609991,0.5820561117594228
580,13,Y,Y,J,0,0.26641743396412265,0.5576334654448712,0.5215667301948091,0.5758835113652019
580,14,Y,X,D,0,0.25157143127013526,0.5645870311033306,0.48177448437516646,0.5666435555392515
580,15,Y,Y,J,0,0.28425809078234243,0.5835903331728154,0.5402204104054138,0.544770095721286
580,16,Y,Y,J,1,0.25,0.5803180814446327,0.5413986018394122,0.5180722213416272
580,17,Y,Y,J,1,0.25,0.5783607383560633,0.5023347355693215,0.4743228592299238
580,18,Y,Y,J,1,0.25,0.5826125451632788,0.4804087876498734,0.4999142131004881
580,19,Y,Y,J,1,0.2704010357942698,0.584794033827541,0.501662082833005,0.4721128986144327
581,0,X,X,D,1,0.6877435896786019,0.43411810620842217,0.3066819943474749,0.5092747082547823
581,1,Y,Y,J,0,0.6925249281264355,0.48058197617122356,0.3394861164339974,0.5286248565870254
581,2,X,X,D,1,0.693043097123682,0.4688038040481349,0.3326896374232571,0.5513311974259357
581,3,X,X,D,0,0.6907492179436555,0.4823577014055703,0.32831342070437297,0.550407581047784
581,4,X,X,D,1,0.6995952683642729,0.49144706801354576,0.3454917185222498,0.5872195766099126
581,5,X,X,D,1,0.6372220065675499,0.5040719560012539,0.35422635894415727,0.6077458514147803
581,6,X,X,D,0,0.606491745087127,0.49318812602488277,0.33539510640990566,0.6079279272265521
581,7,X,X,D,1,0.6274935948412645,0.46130047751803627,0.34009313101702543,0.6460712802760169
581,8,X,X,D,0,0.6302079509434307,0.47007060060452055,0.32564488242430467,0.6786670887811016
581,9,X,X,D,1,0.5920271794236387,0.49744042284207757,0.32590142722997495,0.683721093847462
581,10,X,Y,J,0,0.6152504250749682,0.47525372902387214,0.35200506254940406,0.7298199834015839
581,11,X,X,D,1,0.6183960063555615,0.46392292236208926,0.3322465683239904,0.7277908932035146
581,12,X,X,D,1,0.6102254561432727,0.4258721691228381,0.2995942026427099,0.7206332577849632
581,13,X,Y,J,0,0.6305535335073691,0.41988793343072256,0.31216710985078155,0.7216363637213142
581,14,X,X,D,1,0.6658456547263186,0.4532050243877236,0.35444434992848617,0.7382618445640432
581,15,X,X,D,0,0.6695805479287389,0.44184468169688246,0.29054219077065785,0.7423033150038861
581,16,X,X,D,1,0.6885433703476902,0.4345951773394128,0.25,0.75
581,17,X,X,D,1,0.6778439190908261,0.446176098066069,0.2808790784692933,0.75
581,18,X,Y,J,1,0.6554015163272443,0.44035603228351966,0.2883067027720592,0.7471485128967575
581,19,X,X,D,1,0.6205206895705928,0.4170693178724401,0.340268383792072,0.75
582,0,X,X,D,1,0.6596382516148697,0.2855669184417267,0.49251244239061553,0.41945704401046496
582,1,Y,Y,J,0,0.6485918965162876,0.2617160923836055,0.5290368677014052,0.3770106135995585
582,2,X,X,D,0,0.6585979400873273,0.25,0.5662079691201914,0.3751391757265047
582,3,X,X,D,0,0.6830208688239316,0.25,0.5758707888237216,0.4227098128899245
582,4,X,X,D,1,0.6624450406563939,0.25,0.6004569341499005,0.3891413557617449
582,5,X,X,D,1,0.6635975609693038,0.29554534204846356,0.5662615440579812,0.3822672958505995
582,6,X,Y,J,1,0.6391268668311515,0.3214911536845647,0.5438693167744592,0.4006886325299682
582,7,X,X,D,0,0.6547158063391282,0.2990995166348156,0.5143534103015331,0.38611925868138475
582,8,X,X,D,1,0.6458693167453307,0.25,0.5564964431522245,0.36176880688786445
582,9,X,Y,J,1,0.6141175245258783,0.2536848181413361,0.5967620115170814,0.347160049432162
582,10,X,X,D,1,0.62659575311475,0.2729747990857991,0.6357169749967024,0.28482882632276924
582,11,X,Y,J,1,0.6023604523487632,0.2596973787280889,0.6125963920647094,0.318585676345989
582,12,X,Y,J,1,0.5926315898949504,0.2661970175519465,0.6360212104821865,0.3368141739296803
582,13,X,X,D,0,0.6072430649385355,0.2745881813250066,0.6714859803216315,0.33528648947910106
582,14,X,X,D,1,0.6175310107372374,0.25987748206155237,0.6802606745331052,0.31527270124388146
582,15,X,X,D,1,0.6045979651756483,0.286976117924493,0.7265806472817558,0.29427299616574326
582,16,X,X,D,1,0.6290484241088999,0.28726772113275006,0.7359343137681681,0.3263794348432927
582,17,X,X,D,0,0.5919744022023544,0.2874338295196606,0.7397260736103102,0.3056521779244384
582,18,X,X,D,1,0.6122914624832666,0.28822678098872834,0.7472545707562018,0.303288683752435
582,19,X,X,D,0,0.6075475979271436,0.26507779252035535,0.75,0.3216237463457665
583,0,X,Y,J,0,0.5733557740000136,0.7413618187992945,0.5032626879224816,0.6512464330268201
583,1,Y,Y,J,1,0.5502098455000204,0.7399193416687732,0.5202195459573824,0.6690292329930458
583,2,Y,Y,J,0,0.5262712723997757,0.75,0.5413275757372227,0.6587713110852492
583,3,Y,Y,J,1,0.4708283854899123,0.75,0.557390111707458,0.6477132459601925
583,4,Y,X,D,0,0.4237415911452095,0.75,0.5118605405478371,0.632747670652269
583,5,Y,Y,J,0,0.39325427290605036,0.75,0.5249465479343006,0.5937754707941526
583,6,Y,Y,J,1,0.40405586044269254,0.75,0.5219322375540082,0.5973877988207833
583,7,Y,Y,J,1,0.39958862883224355,0.75,0.5436878310824697,0.6218044643551801
583,8,Y,Y,J,1,0.4138788257002394,0.75,0.5566641488181198,0.6214031299870654
583,9,Y,X,D,0,0.3690474909229008,0.6956309875467654,0.5452495737085612,0.6209561341769296
583,10,Y,X,D,1,0.3514519174077743,0.7260313955582858,0.5519068227805838,0.5840092992210598
583,11,Y,X,D,0,0.33640547032955886,0.7302555508106633,0.5189469491595211,0.6010035762519709
583,12,Y,Y,J,1,0.3716016996008574,0.6813771413928641,0.5031834218906336,0.5919256170924706
583,13,Y,Y,J,0,0.40082607736507814,0.6950134501145707,0.5349661921934737,0.5967553353395034
583,14,Y,Y,J,0,0.35817814748777177,0.6975233079871976,0.5764348477561709,0.5818346972297057
583,15,Y,Y,J,1,0.3358856068708874,0.6883184889399253,0.5764283773568251,0.5241281216836065
583,16,Y,Y,J,1,0.3458884290526763,0.649754990367692,0.5972104733189149,0.5238080875710797
583,17,Y,X,D,0,0.3614434736842656,0.6505173297573966,0.5814882411829939,0.5197385893501555
583,18,Y,X,D,0,0.3672957879815836,0.6483674838016932,0.5842949480081259,0.5017792303783081
583,19,Y,Y,J,0,0.4137871875360914,0.6098849436868846,0.5848005814749361,0.49219516810308733
584,0,X,X,D,1,0.5183266139934526,0.5936994223109344,0.6401157825062838,0.6271331526345012
584,1,Y,X,D,1,0.4918847099758045,0.618592277677997,0.6657542066483674,0.5712162816128578
584,2,X,X,D,0,0.5112497391204085,0.5844438778668354,0.6285601714533643,0.5681679898672378
584,3,X,X,D,1,0.5027123354164147,0.6046557536379351,0.6652591300836944,0.5630623168043705
584,4,X,X,D,0,0.5430638505873759,0.5980972469265224,0.6648244579255098,0.5715963784313989
584,5,X,Y,J,1,0.5299659305067216,0.5870074062860717,0.6346520083707096,0.5556720137139121
584,6,X,Y,J,0,0.540385991882494,0.5676296068814103,0.6156232594421533,0.5632698313053016
584,7,X,X,D,0,0.5723973921192121,0.5620508583497201,0.6020876744282437,0.548777012664954
584,8,X,Y,J,1,0.5865418975917478,0.5676234258724249,0.557163876471302,0.5206501914229771
584,9,X,X,D,0,0.5845209923431788,0.5530037390022561,0.6153766286519871,0.51556643557006
584,10,X,X,D,0,0.568945182157145,0.5847262804809988,0.6165189996856708,0.5278387244332475
584,11,X,Y,J,0,0.561737120512605,0.5724774139919758,0.5881788734971364,0.5170373997476848
584,12,X,X,D,0,0.5659997556982013,0.5674215470351125,0.5648595542925368,0.5399785131669951
584,13,X,Y,J,1,0.5494104618405138,0.603200913071894,0.5674489784777353,0.5296884685595635
584,14,X,X,D,1,0.5195838602826783,0.6206345903949586,0.5646233878071423,0.5061423400524802
584,15,X,X,D,1,0.5117555233634649,0.6957962053434787,0.5232633427238625,0.5190051548460186
584,16,X,Y,J,1,0.5091078876001811,0.7083057768189084,0.49301963350494754,0.50521438301584
584,17,X,Y,J,0,0.5082417274919505,0.7394482168344263,0.46400128974982746,0.5088104683236815
584,18,X,X,D,1,0.5228357323167494,0.6748651765903884,0.45871096373978654,0.5080549441054352
584,19,X,X,D,1,0.5315634383280358,0.676190855811649,0.4302116113590229,0.517512581587064
585,0,X,X,D,1,0.43779506033113164,0.272702613713837,0.5699456501963017,0.35219470310726425
585,1,Y,Y,J,0,0.482095981427632,0.25,0.581359157518221,0.2851830637369614
585,2,X,X,D,0,0.5048638871610065,0.25,0.5833014729556592,0.26190503493031736
585,3,X,Y,J,1,0.49989036571749274,0.2588915025766091,0.5673802782782956,0.2575236993975983
585,4,X,X,D,0,0.4993316582186031,0.2971128315624009,0.5545084898588879,0.25
585,5,X,X,D,1,0.517798123071529,0.3311026797091379,0.5165339222779288,0.25
585,6,X,X,D,0,0.5222602862941467,0.30147368188640017,0.5159773377610621,0.25
585,7,X,Y,J,0,0.5763262793313495,0.2992664070658395,0.5283789026437544,0.26844377651560747
585,8,X,X,D,1,0.594797595531608,0.3287087187394146,0.5149385000613736,0.27070559542701206
585,9,X,X,D,1,0.5893242575140347,0.35627347205359117,0.5376445760016226,0.30898810776637226
585,10,X,X,D,1,0.5915641784923613,0.3267063366054663,0.534543598727082,0.2802342058950801
585,11,X,Y,J,1,0.5952881097213789,0.31870649558641934,0.5232677157953806,0.31116142134756697
585,12,X,Y,J,0,0.6284888750003716,0.35295674960447143,0.5036972945823416,0.301068717763611
585,13,X,X,D,1,0.6726402534484124,0.35964968402117065,0.45434264048806605,0.3344335998271003
585,14,X,X,D,0,0.6795057512245648,0.40086689646631246,0.4788512828315914,0.36395609394491124
585,15,X,Y,J,0,0.6913545740193845,0.4094510192948254,0.47699605128461253,0.3385730186662439
585,16,X,X,D,1,0.6893754452064309,0.3866655234969575,0.49550877739823324,0.36607365083634197
585,17,X,X,D,1,0.6790078065179055,0.3588047400279269,0.461648441049315,0.3274388603104751
585,18,X,X,D,1,0.6994536856172539,0.37000440277160385,0.42294120696548104,0.3219207347320119
585,19,X,Y,J,1,0.7177580811006818,0.3824855715916971,0.4366544675725627,0.30655126937192567
586,0,X,Y,J,1,0.4226779318579009,0.46855369603093255,0.4345737052055652,0.4709743840098615
586,1,Y,Y,J,0,0.4260952625921292,0.4500487155590423,0.422662710644404,0.47259165997099434
586,2,X,X,D,0,0.4271508544057044,0.44375998562335606,0.3908037949552919,0.49731881162796826
586,3,X,X,D,0,0.412449534561583,0.45521695560841613,0.43225472690449085,0.4579236814810808
586,4,Y,X,D,1,0.42858439771723944,0.4793282654700517,0.4321181647901752,0.4862576884834932
586,5,X,Y,J,0,0.43247364289625106,0.5058318265239058,0.4121075083988034,0.45647783573761974
586,6,X,X,D,1,0.46745927872682547,0.5815486914525574,0.43079792711317655,0.454605759274379
586,7,X,X,D,0,0.47312699982216233,0.6024816303371953,0.37768942293091895,0.44802306589714513
586,8,X,X,D,0,0.4211264568577652,0.5901240209631007,0.38763075843878253,0.422396554085693
586,9,X,X,D,0,0.3664577074125124,0.6129212289415203,0.4573248089212617,0.42368213176231245
586,10,X,X,D,0,0.37963498779380783,0.6090595960807473,0.440225469261119,0.42486311553437023
586,11,X,Y,J,1,0.35401374975051647,0.5882319058456575,0.43827065773399126,0.3795464600850838
586,12,X,Y,J,1,0.32492891522380346,0.5944184186077691,0.4479874912241379,0.39003213834628864
586,13,X,X,D,1,0.3797329227053382,0.6062757604184436,0.4956579448462559,0.41441917449458515
586,14,X,X,D,0,0.35893550345471725,0.6245792576281823,0.5099162523720524,0.395761032148549
586,15,X,Y,J,0,0.3107729982538418,0.6255002180526651,0.49967878863794823,0.3913751089002364
586,16,X,X,D,1,0.3482822854441515,0.6386095862804148,0.46275919304616564,0.4181210697775556
586,17,X,X,D,1,0.3762894218401233,0.6658222483203217,0.4855420513471274,0.4384894242245722
586,18,X,Y,J,0,0.34747782044748543,0.6947592091603291,0.48571213954673886,0.4433600424285566
586,19,X,X,D,0,0.3426381420340928,0.7161634747440804,0.5121806393900438,0.41928346264097
587,0,X,X,D,1,0.4980918793427933,0.6455672517000616,0.47323082357487195,0.6064011640736265
587,1,Y,Y,J,0,0.4980297664567136,0.6637751272994303,0.45629409463691506,0.6342065655080775
587,2,X,X,D,0,0.49680998542341576,0.6454209849481894,0.4737851393501316,0.6441113855340187
587,3,X,X,D,1,0.5169439267360826,0.6622483953350107,0.47181069241697016,0.6297804514320609
587,4,X,Y,J,1,0.5207705784344766,0.6726468975266972,0.47721778810071036,0.6714387104640821
587,5,X,Y,J,1,0.5124278947240224,0.6275009491740654,0.4477634459174199,0.6358480657150349
587,6,X,X,D,0,0.464304504353533,0.587612419803543,0.4405611628243424,0.6526408660612864
587,7,X,X,D,1,0.48634443674632155,0.5969378723572315,0.45191743994720884,0.6770094117511258
587,8,X,X,D,1,0.5011161799939101,0.6209332466915986,0.4570590148372472,0.7220558082637012
587,9,X,X,D,0,0.4821355605849416,0.6291784806651388,0.4570063728458898,0.75
587,10,X,X,D,0,0.503142066354176,0.5474683737082373,0.4375327201790709,0.7349296171075453
587,11,X,X,D,0,0.4919386805873256,0.5452194790664323,0.3832866526283725,0.7478260491974368
587,12,X,X,D,0,0.49542255290041515,0.5493048700970401,0.3870041720592552,0.75
587,13,X,Y,J,0,0.5488985202694183,0.5157536132828358,0.38663832094571765,0.7129111297176006
587,14,X,X,D,0,0.5261946755731591,0.5028351320163152,0.35386173385114056,0.7050709394577548
587,15,X,X,D,0,0.5515731807678047,0.5246951423030576,0.3538693033808498,0.7157680495277584
587,16,X,Y,J,0,0.5754151858992693,0.5408644996430708,0.32701051653707236,0.7420325101593849
587,17,X,X,D,1,0.5946242665229821,0.5496853346291151,0.309648529863579,0.75
587,18,X,Y,J,0,0.5904956083213437,0.5796979635814327,0.3210000322482116,0.75
587,19,X,X,D,1,0.6296552154352982,0.6009527238248233,0.3024965711208585,0.75
588,0,X,Y,J,0,0.2810040362685511,0.38754688449952335,0.31280372525172717,0.4276094703426556
588,1,Y,Y,J,1,0.2648323694978034,0.38694954255893105,0.33782826134036226,0.38133002656269827
588,2,Y,Y,J,1,0.2796904238691495,0.35028014640661553,0.3398668600332791,0.349722044139645
588,3,Y,Y,J,1,0.2801950134927924,0.3230606630892383,0.27243052173986937,0.26528501913039576
588,4,Y,Y,J,0,0.29946473277545865,0.33094085310456345,0.2527531944462709,0.2767149211119911
588,5,Y,X,D,0,0.3222001688042633,0.28962130534449704,0.25,0.28772686638788286
588,6,Y,X,D,1,0.28477557612855364,0.26335207851818004,0.25764742124315954,0.2794694282194199
588,7,Y,Y,J,0,0.3040060581129827,0.25,0.25,0.2849233562565452
588,8,Y,Y,J,0,0.2548280981285972,0.25,0.28237546976447175,0.2890528207843798
588,9,Y,Y,J,1,0.25568121038777913,0.266670389034405,0.25812623232879756,0.2874220968231155
588,10,Y,Y,J,1,0.2779436100552066,0.26564328990079356,0.2654141320080205,0.26618098411126756
588,11,Y,Y,J,0,0.25214401062435754,0.2622255320950281,0.25,0.28351439580355464
588,12,Y,Y,J,0,0.27110030035174854,0.25207840537453496,0.25,0.2955020053384019
588,13,Y,Y,J,0,0.25,0.27356531664496847,0.2639096061972867,0.26901560187000634
588,14,Y,Y,J,0,0.25,0.33342661966347537,0.3128604264327176,0.2597330074312746
588,15,Y,Y,J,0,0.28227426348542295,0.37684814621176504,0.29251735707384613,0.25
588,16,Y,X,D,1,0.28408542416346105,0.3618419993183476,0.28261066339594926,0.27674913504281706
588,17,Y,Y,J,0,0.25057438103972574,0.3793317580359899,0.2816370180492067,0.27560865317778743
588,18,Y,Y,J,1,0.25,0.3797904493570434,0.30954749158400896,0.25
588,19,Y,X,D,1,0.25,0.40342999442753974,0.27788870164480284,0.25
589,0,X,X,D,1,0.2760518627001083,0.46927557414038706,0.44774677350922976,0.6491909526336737
589,1,Y,X,D,0,0.2813565751454938,0.4823168415130742,0.42480199545193353,0.6413074214884833
589,2,X,X,D,1,0.2572537500531178,0.4858287106468347,0.4389456103301794,0.6478569551821375
589,3,X,X,D,0,0.25,0.46520997558076205,0.4539703401192755,0.6491328585570227
589,4,X,X,D,1,0.25,0.43573874174811816,0.4515876148952729,0.6375422092433637
589,5,X,X,D,1,0.2678828846581124,0.45413818848373105,0.46045515418904376,0.6334197788342215
589,6,X,Y,J,0,0.2631330923279138,0.4268242689458824,0.42674592746306617,0.6136983513194981
589,7,X,X,D,1,0.257443604373635,0.4503355240123848,0.39902588544706435,0.6135183615325948
589,8,X,Y,J,1,0.264277009848194,0.4429795830544791,0.3993730956104816,0.6025632617594054
589,9,X,X,D,1,0.2622053339021898,0.4302027284087795,0.43880015187756,0.5922611866593367
589,10,X,X,D,0,0.2759678485779253,0.46237121839647694,0.4050013569407589,0.6043427972897373
589,11,X,X,D,0,0.2860151084447401,0.4411133324490344,0.39973130993544315,0.5891249452824179
589,12,X,X,D,0,0.2656199816604664,0.4550093917985827,0.40071055215551493,0.5800692310852185
589,13,X,X,D,1,0.25,0.4447188262545546,0.4223175467379161,0.5844187745938987
589,14,X,Y,J,0,0.26697880819132386,0.49384534292661053,0.41347604335023885,0.570441425454378
589,15,X,X,D,0,0.27758570493179807,0.45822159279041136,0.42638861379389775,0.5218981442102781
589,16,X,X,D,1,0.28056852090821294,0.4495597810933108,0.46669654660236054,0.5204610811574841
589,17,X,X,D,1,0.29571154255466026,0.43994435254045267,0.500682435123528,0.49693126629199647
589,18,X,Y,J,1,0.30449839349018165,0.43509093303850016,0.5563808397177008,0.4519996587941457
589,19,X,X,D,1,0.2794588645543923,0.4130439813677835,0.5280812831452981,0.43340005315606744
590,0,X,X,D,0,0.43706251000353136,0.29590005284356535,0.3799927053083169,0.4392821168343136
590,1,Y,Y,J,0,0.41772204238551636,0.28801810405900335,0.3870339612162934,0.4409350303110185
590,2,X,X,D,0,0.4362542383697525,0.3090984645442562,0.3395387307187744,0.41648725424569194
590,3,X,X,D,1,0.3835004570257664,0.29653660766201695,0.3454628561458853,0.46882010697856025
590,4,X,X,D,0,0.3761188264775153,0.27977446676605155,0.3297452739554215,0.45765262505958365
590,5,X,X,D,0,0.33759490636403766,0.2516288185415418,0.30588855317562086,0.4558736408675317
590,6,X,X,D,1,0.33706292964617973,0.25,0.3433238787009353,0.46260062791355
590,7,X,X,D,0,0.3271580420433605,0.25000404054433617,0.32311697877694034,0.43401236743886046
590,8,X,X,D,0,0.36211668140678954,0.25,0.34174974741718644,0.4173702227362789
590,9,X,X,D,0,0.3981545344960518,0.25903271114346194,0.3281702747111695,0.39658945894413306
590,10,X,X,D,1,0.3638745644288856,0.28261602700490274,0.34615668076747225,0.40086627900926347
590,11,X,X,D,0,0.36151547539328593,0.25,0.3475791505707219,0.35394878090854076
590,12,X,X,D,1,0.3243584862258209,0.25,0.322435225725739,0.37873820371043054
590,13,X,Y,J,1,0.34156069517044185,0.25,0.3137460220406282,0.4269544863854662
590,14,X,X,D,1,0.30355519636757994,0.25,0.2983011722042223,0.3899357634106936
590,15,X,X,D,0,0.32464572333147756,0.25,0.2984197816177959,0.3464409977710487
590,16,X,Y,J,0,0.3042545979057689,0.25089821619102737,0.32750656784040744,0.3375292586208555
590,17,X,X,D,0,0.2862697854814054,0.25,0.3448005554019937,0.3334028610149201
590,18,X,X,D,0,0.26848145378932975,0.25,0.3513800241084403,0.3334424086848007
590,19,X,X,D,1,0.2573544827313331,0.2636074550372651,0.3378806492678539,0.3686002720090694
591,0,X,X,D,0,0.5306388538955692,0.6869910827886067,0.5737641377252738,0.6063160569490714
591,1,Y,Y,J,0,0.5259941089920501,0.6416952990018849,0.5003625676787686,0.5884231400139673
591,2,X,X,D,1,0.5080985300942669,0.6415717082145035,0.522020712630124,0.5788700931374698
591,3,X,X,D,0,0.4871327649849485,0.6852763355217415,0.5063483719244821,0.615227189482253
591,4,X,Y,J,0,0.5119039520111258,0.6447726069028192,0.5131057187833685,0.617739238687874
591,5,X,X,D,0,0.5164501056005087,0.6450579402132286,0.5440088853434285,0.665716594128672
591,6,X,Y,J,1,0.4670992881642002,0.6353456698052328,0.5364396950822594,0.6729936035914628
591,7,X,Y,J,0,0.4842515476151751,0.6204495598627603,0.5462396208093782,0.6514417782795457
591,8,X,X,D,0,0.4796777082859989,0.6205831917830044,0.5353643098082485,0.6605668549364857
591,9,X,Y,J,0,0.48666506525457043,0.6258972312103394,0.5745933963508713,0.7081999438483142
591,10,X,X,D,1,0.4520448483010522,0.614190490979001,0.5453105383149222,0.7061094389380655
591,11,X,Y,J,0,0.4307702085852162,0.6422439217518412,0.5199125932105595,0.6873637407572987
591,12,X,X,D,0,0.45211527116623695,0.6697564658785141,0.5263669813565284,0.6101743932785845
591,13,X,X,D,0,0.39308842944489997,0.6933344588107663,0.4871191661006815,0.6660844924487545
591,14,X,Y,J,1,0.36672116023986356,0.7236954426427509,0.4602387431561147,0.6742326736467518
591,15,X,X,D,1,0.39688207239302414,0.6945879871399716,0.44672885556355857,0.6388570453382707
591,16,X,X,D,0,0.40824621420724794,0.7115527492937174,0.46187495430788944,0.6617717783016123
591,17,X,X,D,1,0.3877811364290616,0.687538374310877,0.4506091799659329,0.6650718442617571
591,18,X,X,D,1,0.3869108242739964,0.6763563467871991,0.4935358474331887,0.6294493517080308
591,19,X,X,D,1,0.3859324232965341,0.6940023309839605,0.4564125015439895,0.6457221752027785
592,0,X,X,D,0,0.29480038071961234,0.5534201319364075,0.2917560791490407,0.6173398711911242
592,1,Y,Y,J,0,0.3430156012401251,0.5687184109226696,0.28237543405370147,0.6093480737720729
592,2,X,X,D,0,0.30937945520758287,0.5611595341091554,0.25843261116560867,0.6755693371860829
592,3,X,X,D,0,0.32539292376735285,0.5847568662655105,0.25447870170974074,0.6858426279930598
592,4,X,X,D,0,0.32235135142700755,0.5517513529777133,0.2516040362570766,0.6635370579076899
592,5,X,X,D,0,0.3388164693427018,0.5645284670195805,0.2675863700932931,0.6842373692405298
592,6,X,X,D,0,0.3266248476290819,0.5417618899004502,0.3209350056842105,0.6756461727098394
592,7,X,Y,J,0,0.31950245575627656,0.5543740256618689,0.3091322396251318,0.684555803305257
592,8,X,X,D,0,0.32089849946334986,0.538911807019066,0.345154898697494,0.6912270855979661
592,9,X,Y,J,0,0.3160622454249884,0.5697839124762403,0.354704267068689,0.7377218292724486
592,10,X,X,D,1,0.33400926159162103,0.5744536139179754,0.3402974307340011,0.7429927748816554
592,11,X,X,D,0,0.3212704123313123,0.5428565712219213,0.3097855217753492,0.7121137796037899
592,12,X,X,D,0,0.327585776244085,0.5385176470303029,0.29816577754650997,0.7043118051713059
592,13,X,X,D,0,0.32976891925860263,0.5512171143026854,0.2845051582940018,0.6973760691201095
592,14,X,X,D,0,0.31500201202522526,0.5799461402269519,0.27965762330170035,0.6956425692595226
592,15,X,X,D,0,0.3226941394999762,0.5245822865473121,0.25,0.6645203079801472
592,16,X,Y,J,1,0.3344495319858792,0.5244567218199102,0.26197574117263656,0.6708610811271799
592,17,X,X,D,0,0.31980559771026307,0.5156910505197586,0.25,0.6575364864110791
592,18,X,Y,J,0,0.2805637572902289,0.5276043938018706,0.2933014705203385,0.6595160390127042
592,19,X,Y,J,1,0.28132792391298117,0.5188830898658036,0.326654674552531,0.6370172522718243
593,0,X,X,D,1,0.2979299843426405,0.6338525499971401,0.5732609361372534,0.5984517354874981
593,1,Y,Y,J,1,0.3322802506630243,0.6349850132328589,0.5696312608546501,0.5797363265987913
593,2,X,X,D,0,0.3246231581022126,0.6733476776268312,0.5545583843613604,0.5531547693173916
593,3,X,Y,J,0,0.33322573035560216,0.712795465343993,0.5664297378163121,0.5557821579844625
593,4,X,X,D,0,0.27034157688946425,0.6939776282969781,0.552853712061431,0.5843813259592363
593,5,X,X,D,0,0.2820544851395011,0.7009087912632974,0.5519059711353256,0.6079445728976494
593,6,X,Y,J,1,0.28733283416121713,0.7222040721804993,0.5712506184918508,0.6310358039727928
593,7,X,X,D,0,0.2969411538987259,0.6908629275918778,0.6110282341603205,0.6255020720648091
593,8,X,Y,J,1,0.30313350636782477,0.6931288188290097,0.6655718483987505,0.652488088059942
593,9,X,X,D,0,0.29610991007501336,0.6829344649435212,0.6740772685277095,0.642702806754894
593,10,X,X,D,1,0.30971136093858187,0.688417538807851,0.6595853186464566,0.6427881092787512
593,11,X,X,D,0,0.3176615251130034,0.720412465894785,0.6509493524822437,0.6714097468113531
593,12,X,X,D,1,0.28377463149164417,0.7147507153064446,0.6504242657526768,0.6795980192108839
593,13,X,Y,J,1,0.296647925929383,0.743155460961414,0.6592809339385344,0.71730637914097
593,14,X,X,D,0,0.3377327680066367,0.7391680178635319,0.6347986372166039,0.7384315755116906
593,15,X,Y,J,1,0.29383648111175015,0.7390237516981629,0.6649739284375286,0.7111913136406914
593,16,X,Y,J,1,0.30206860481267916,0.75,0.6812190562436728,0.7258823701884847
593,17,X,X,D,1,0.30500295705624964,0.7254084156485393,0.7124202107820699,0.7205468023744152
593,18,X,X,D,1,0.3063037980493875,0.7178587948465806,0.7111049092123455,0.7020192518005641
593,19,X,X,D,0,0.3573652152438901,0.7090271491944179,0.7097357592222708,0.7230490455777058
594,0,X,X,D,0,0.6944923445201687,0.28981471798846997,0.7353758545686775,0.5829470138752861
594,1,Y,Y,J,1,0.6782831333080332,0.26822425388726784,0.75,0.5828358345054676
594,2,Y,X,D,0,0.6702513865940628,0.29256961169952855,0.7467845520669124,0.5931380537572258
594,3,Y,Y,J,1,0.7145545112233599,0.2592634829529898,0.7236302005201692,0.55868616061083
594,4,Y,Y,J,1,0.7365344242794442,0.28238566253356856,0.6846062198751879,0.5726440289548389
594,5,Y,Y,J,0,0.7376476278259959,0.3039514266951132,0.6883444023105486,0.5780083234948122
594,6,Y,Y,J,1,0.7166922899109035,0.3213166329895417,0.6986458451424552,0.6190966534397833
594,7,Y,X,D,1,0.7215702259076264,0.285327905043228,0.6723820546080276,0.6094532144694813
594,8,Y,Y,J,1,0.7087973356104603,0.26105114042485283,0.6779851049503371,0.5898959470070875
594,9,Y,Y,J,1,0.6922987609401376,0.261558488915963,0.6980287437046154,0.6112923028821651
594,10,Y,Y,J,1,0.6605947309830651,0.2763921937429343,0.6492172847507244,0.6412329310350495
594,11,Y,Y,J,1,0.6651768063255011,0.25,0.6657932477127889,0.6288200984383626
594,12,Y,Y,J,1,0.6813093901287648,0.31029214029822944,0.6791617351027438,0.6412583519699597
594,13,Y,X,D,1,0.7156001776155335,0.28373957790939147,0.69852900115419,0.6191624576573126
594,14,Y,X,D,1,0.7447795713330048,0.26248157373404946,0.7305944399793065,0.6078034256091164
594,15,Y,X,D,1,0.7468343392431461,0.28133206352503376,0.7383011327527901,0.6119744680395804
594,16,Y,Y,J,0,0.75,0.2870712076667047,0.75,0.6297751086373168
594,17,Y,Y,J,1,0.75,0.3132143622999757,0.7270379325846729,0.601984346843994
594,18,Y,Y,J,1,0.7490088876591569,0.3085941772850414,0.6969660286950131,0.6566413727126147
594,19,Y,Y,J,1,0.75,0.29723556362116366,0.6655832054330568,0.6382578893657851
595,0,X,X,D,1,0.5508182525875633,0.5706009956366744,0.6705744732944589,0.2839904107736531
595,1,Y,Y,J,0,0.5658664605564839,0.58178635649486,0.7056232655814629,0.2801780530034791
595,2,X,X,D,1,0.5807697921932158,0.5581912458846076,0.7390229946791573,0.2922282051245242
595,3,X,X,D,1,0.6282921826537666,0.5493517968646483,0.75,0.2937263776668252
595,4,X,X,D,1,0.584399765686855,0.5477007912406757,0.7498996598894432,0.29694874813771066
595,5,X,X,D,1,0.5962623144767512,0.5273675576718931,0.75,0.3073154219461737
595,6,X,X,D,1,0.585455505694365,0.548551992884311,0.7177852482454508,0.27441397544703505
595,7,X,X,D,1,0.6338766845215258,0.5603627856372417,0.7464790986497941,0.25
595,8,X,Y,J,1,0.6366695904535865,0.5433867080230588,0.7439952414336871,0.25
595,9,X,X,D,1,0.6439841557647694,0.5478705151125691,0.75,0.25502106380111234
595,10,X,X,D,1,0.6100266572481501,0.5679169214463368,0.7491475223377642,0.25
595,11,X,X,D,1,0.6189628287066798,0.5836706776722685,0.7413185405816292,0.2527963283707547
595,12,X,X,D,1,0.6380977273700768,0.6185891941357963,0.75,0.2536152308027073
595,13,X,X,D,0,0.6373029672003705,0.612404319785078,0.7469619591419105,0.2630070456453122
595,14,X,X,D,0,0.6482358070809074,0.5908117033939029,0.7066254601624561,0.30287801661168523
595,15,X,X,D,1,0.6628563365482179,0.5979509747488844,0.6285783745867062,0.31152061795192537
595,16,X,X,D,1,0.7094131045113898,0.6290785396110345,0.6273710249265678,0.27716219582642476
595,17,X,X,D,1,0.7246832643370368,0.6279144148169439,0.6303766625696272,0.31500684632515635
595,18,X,Y,J,1,0.6896493838906441,0.5711367335718267,0.624627385377615,0.30516235855540585
595,19,X,Y,J,1,0.7080022580889949,0.5658909177504758,0.6331999097709816,0.2803320294821446
596,0,X,Y,J,0,0.3790268899613438,0.5471396189705873,0.6209536718458025,0.5244632372268798
596,1,Y,X,D,1,0.3904318251993514,0.501488626885323,0.6172966767845499,0.5092432498549536
596,2,X,Y,J,0,0.41930589874207547,0.4930500596446633,0.605560444848825,0.47675176019807514
596,3,X,X,D,1,0.43808800867978653,0.5076374778317541,0.6127743444892748,0.5020158713299003
596,4,X,X,D,1,0.41399649394364085,0.47513390877392553,0.6284095841642241,0.515647067707877
596,5,X,X,D,1,0.3980200531569155,0.45742254891646433,0.6290232012736665,0.47643028181186536
596,6,X,X,D,0,0.4240754179918895,0.46528039102436625,0.6526777060912704,0.4726080040756413
596,7,X,X,D,1,0.447152845952787,0.4478264266400437,0.6357810229705172,0.4711781354323783
596,8,X,X,D,0,0.4482902495553812,0.4337933901229054,0.6610848128345418,0.48588927296484535
596,9,X,X,D,1,0.4315188774251301,0.42430219197300245,0.6161555253773139,0.49351678979446684
596,10,X,X,D,1,0.4158706354568417,0.3930952026901057,0.6103805622536309,0.46308306318156034
596,11,X,X,D,0,0.4901430801386278,0.38328222215831587,0.6111322159645137,0.43025379374097195
596,12,X,X,D,1,0.5216429681181703,0.3634242987624985,0.5603407683803403,0.4456613801206219
596,13,X,Y,J,1,0.5200007714050587,0.37155174325988183,0.5517202537860918,0.4712811792259232
596,14,X,X,D,1,0.5058539374834014,0.39749835487533197,0.5690949909656449,0.4642731538891501
596,15,X,X,D,1,0.5020791685265912,0.3749531708297731,0.552220555863912,0.4557276748282328
596,16,X,Y,J,0,0.5094735284635794,0.3715028086272773,0.5614560631393166,0.4620793997117327
596,17,X,Y,J,1,0.520957431934323,0.4043442767359019,0.5361667526562598,0.4867892501863452
596,18,X,X,D,1,0.4984833270038569,0.40152589709786535,0.5570767376148457,0.5147273265071065
596,19,X,Y,J,0,0.46304327038723825,0.4195204169039081,0.5435052814262162,0.4978737833938542
597,0,X,X,D,0,0.38621150244300495,0.7398619186677977,0.6619082084276289,0.7089558408370112
597,1,Y,Y,J,0,0.4037069255338315,0.7184429558047419,0.6703868036672372,0.6924076703201361
597,2,X,X,D,1,0.40806021763033284,0.7032404646964964,0.681916923918804,0.7254925237131629
597,3,X,X,D,1,0.4304254639733467,0.7396244667153786,0.6916972947500107,0.7178741064496643
597,4,X,X,D,0,0.39939986839580777,0.749541057004461,0.6741632381992803,0.7192954516895005
597,5,X,X,D,0,0.40751452475258265,0.75,0.6981304761453601,0.6947828528631719
597,6,X,X,D,0,0.44020712574203713,0.7381657669866577,0.7094949771747319,0.732799082136475
597,7,X,X,D,1,0.4839083890010014,0.75,0.6873381217809957,0.7366067451489576
597,8,X,X,D,0,0.4639387877732835,0.7482380217036797,0.7135580345896348,0.75
597,9,X,X,D,1,0.4973295950106177,0.7125753889964734,0.6906945217920156,0.7417346391666096
597,10,X,Y,J,1,0.5083415130651591,0.6871073759455187,0.7225719261050878,0.7021792685549304
597,11,X,X,D,1,0.4915749586429128,0.72700908573824,0.75,0.7424088888334022
597,12,X,Y,J,0,0.5117018147703383,0.7479145002975603,0.75,0.7281383951837443
597,13,X,X,D,0,0.5432415004229627,0.75,0.7294093708749254,0.6994584476591436
597,14,X,X,D,1,0.4977333416301747,0.7155342915905926,0.7466322114210956,0.7475559753092225
597,15,X,Y,J,0,0.4666068405387632,0.6874479128311792,0.75,0.7481822105518473
597,16,X,X,D,1,0.43360514892872165,0.6993587956711511,0.75,0.75
597,17,X,Y,J,1,0.4370975949948101,0.679588030710991,0.75,0.75
597,18,X,Y,J,1,0.42823641522976713,0.6321969420690943,0.75,0.75
597,19,X,X,D,0,0.387956017806678,0.5819038603390316,0.75,0.75
598,0,X,X,D,0,0.5690943025898592,0.43190739340416484,0.5532797632594136,0.5719819715793104
598,1,Y,Y,J,1,0.5759073974220507,0.43246320839328806,0.5513190333300225,0.5972395856147882
598,2,Y,Y,J,1,0.5657111718673614,0.42757703192459395,0.5647839478432649,0.5932119687472798
598,3,Y,Y,J,0,0.5657771510686957,0.39000706515811245,0.5541139077227336,0.6053322266755626
598,4,Y,Y,J,1,0.5435211636588431,0.4041776344988579,0.5702962190500369,0.6280790897260554
598,5,Y,X,D,1,0.5784964323791614,0.40462243980506757,0.5761096909808854,0.6297924679122535
598,6,Y,Y,J,1,0.5108914826111868,0.4398859421874633,0.5844044565517631,0.6446664134614597
598,7,Y,Y,J,0,0.4780341648109621,0.490556366474098,0.605757141363225,0.6023849376231546
598,8,Y,X,D,1,0.4415442927851059,0.4822191935762978,0.6095231510877399,0.5688598686737889
598,9,Y,Y,J,1,0.4690733256098749,0.46608693645532334,0.6369968684614346,0.5639008832320974
598,10,Y,Y,J,0,0.4834239385909702,0.428627971266865,0.6470610506676818,0.5518789060459618
598,11,Y,X,D,0,0.497110077551313,0.41458093720840755,0.6496669524269457,0.5155662625080901
598,12,Y,Y,J,1,0.4969464019711742,0.42413283319084594,0.6796393616683463,0.4908221710454811
598,13,Y,Y,J,1,0.5031148073287403,0.4072143321491523,0.6774099902494645,0.5138881398200127
598,14,Y,Y,J,1,0.5289037231565792,0.44932810318890487,0.7151474346553398,0.49352732294493884
598,15,Y,Y,J,1,0.5017046446506542,0.43803197431067353,0.728187503303294,0.5002791595458752
598,16,Y,X,D,1,0.4433891626150034,0.43069854928818574,0.75,0.528493733663226
598,17,Y,Y,J,1,0.46608808514922623,0.42619038636602224,0.75,0.46084296691351456
598,18,Y,Y,J,0,0.41233849401289435,0.40098070379094086,0.7236775296095982,0.5008402132870132
598,19,Y,Y,J,1,0.3733009659323183,0.40101013908527605,0.7052307169183272,0.5149005213503736
599,0,X,X,D,0,0.46730595828257804,0.6269034397431701,0.4012319127661819,0.30899600537276667
599,1,Y,Y,J,0,0.47469843381403337,0.5980125333335112,0.41462920686757054,0.2895798985567872
599,2,X,Y,J,1,0.4344965940267652,0.6064796671336055,0.4115820670774166,0.25
599,3,X,Y,J,0,0.41025070039361516,0.5657818443996957,0.4100756431581518,0.25
599,4,X,X,D,1,0.4446193182246627,0.5984505809038783,0.3867008311559056,0.28458691067415565
599,5,X,X,D,1,0.43891028729512244,0.6135770010246487,0.3859030139603957,0.29841023577245224
599,6,X,X,D,1,0.38062210567198457,0.59906198796249,0.40848271560309923,0.2832494329060264
599,7,X,Y,J,0,0.38324155944313404,0.6413392773975182,0.3986479726021157,0.25
599,8,X,X,D,0,0.39762166044229585,0.6499791117313181,0.37427687855669495,0.25
599,9,X,Y,J,1,0.3818984424458035,0.661744296349348,0.35528982763322625,0.27208651900322345
599,10,X,Y,J,0,0.42105278964031045,0.6985014363454062,0.35249997135344,0.2505892922728715
599,11,X,X,D,0,0.36073861408255326,0.7234110561819858,0.36932584926528134,0.28794570931413244
599,12,X,X,D,0,0.3413100312251137,0.7071466057130493,0.3257102091736766,0.31643946540254453
599,13,X,X,D,0,0.3298595587910856,0.7480353059175288,0.3300623956212695,0.27006033156316833
599,14,X,X,D,1,0.3352872206674664,0.75,0.33688465121347794,0.250113207276782
599,15,X,X,D,0,0.3703787263506704,0.7346049808722954,0.33934609140669514,0.259176105562722
599,16,X,X,D,1,0.41682990272935794,0.7378028500146973,0.33679751279224135,0.25
599,17,X,X,D,0,0.4691175647430781,0.7238901661518755,0.3168214731437542,0.25
599,18,X,X,D,1,0.5292022960775085,0.6911373021076361,0.3512234028294613,0.2831945927293699
599,19,X,X,D,1,0.5232908296179005,0.7230618760273424,0.3423598632787375,0.2556419212655586
600,0,X,X,D,0,0.6877602932506159,0.49420494526245456,0.7440359431641688,0.38607746133959714
600,1,Y,X,F,0,0.6767449624152438,0.5208155481345424,0.7086236063775875,0.4067002462288967
600,2,X,X,D,1,0.623517871879715,0.5154307728297948,0.701896250513342,0.41611111226593334
600,3,X,X,D,1,0.6450036309620926,0.5150704650726307,0.6908999003607162,0.3785926261266915
600,4,X,Y,J,1,0.6305946259243496,0.5061745855562862,0.6566736378373423,0.3869514095787052
600,5,X,X,D,1,0.5993155335757312,0.48881125957340454,0.6923306676412566,0.4037446281995652
600,6,X,X,D,0,0.6031237399139732,0.4802352440431273,0.6934700472664391,0.42436633717881467
600,7,X,X,D,1,0.6209862304033211,0.42377222820134053,0.7034882043094384,0.40861602066895975
600,8,X,X,D,1,0.6520290408286,0.4141582103466197,0.7107709893304929,0.41545876374450463
600,9,X,X,D,1,0.6390689333006704,0.4224920564825835,0.7242610500472777,0.47113542027744876
600,10,X,Y,J,1,0.6407658027118498,0.4714024870719692,0.7305317111966259,0.44341644036097844
600,11,X,X,D,1,0.6206074253225417,0.45443492175589767,0.705221919084665,0.4442819143530725
600,12,X,X,D,0,0.6519217272424721,0.5048152983458349,0.6931312924630049,0.4440399491664111
600,13,X,X,D,1,0.6699522969755719,0.5045797547904568,0.6550189020643895,0.43915677790609325
600,14,X,Y,J,1,0.6410759096863637,0.5201902446658808,0.6468339612217775,0.43886385118648175
600,15,X,X,D,1,0.6468816496829229,0.534595794893332,0.6402135680935299,0.4280583639826273
600,16,X,Y,J,1,0.6445651040923113,0.5348928031606407,0.6751076562968286,0.42650272025135183
600,17,X,X,D,1,0.6599257564528578,0.543474453885438,0.6595825156157569,0.4161740196096669
600,18,X,Y,J,1,0.7086584884600361,0.5306145910791622,0.6644217878439472,0.39307041926688385
600,19,X,X,D,0,0.7271746032043281,0.5195191232654197,0.6222183732852798,0.41606800173493647
601,0,X,X,D,0,0.7391521858161543,0.5827439980445099,0.32223084983639416,0.42059476786322453
601,1,Y,Y,J,0,0.7179387405705797,0.5903658599609843,0.3622809344932858,0.4193042509584147
601,2,X,X,D,1,0.6833658097777242,0.580394644353797,0.3487273160134297,0.4229976515534652
601,3,X,X,D,0,0.6875612563124281,0.5744109799715358,0.32261593267449346,0.4210865992592305
601,4,X,X,D,1,0.6757586784761321,0.6004933043966484,0.36132762800940177,0.4760844543170209
601,5,X,X,D,1,0.6750691281679103,0.6120637600160886,0.3754867729577708,0.4789219504486192
601,6,X,X,D,1,0.6502194336855629,0.5819362442292523,0.3371836778411713,0.47090233915160074
601,7,X,X,D,0,0.6168412916577128,0.5677705089507407,0.3329585267020501,0.48522298362146804
601,8,X,Y,J,1,0.6101504438387595,0.5653448282047963,0.3188629472667623,0.5274098564919744
601,9,X,X,D,0,0.6010927144040341,0.5654677991774967,0.27989906617667204,0.5455540052319887
601,10,X,Y,J,0,0.6080167806021884,0.5841893154717847,0.2609954449388167,0.5327709001406704
601,11,X,Y,J,0,0.5882617513387329,0.6250051570628834,0.25,0.5383146437619243
601,12,X,Y,J,1,0.5499238216615505,0.638481895368772,0.28244958453589447,0.4977660693523683
601,13,X,Y,J,0,0.5789683905702966,0.6271939678265619,0.28606522292716774,0.5279901923652653
601,14,X,X,D,0,0.5538241200745917,0.6334405779603809,0.2847975044248617,0.5633972265994307
601,15,X,X,D,0,0.5611603174162373,0.6165414198011749,0.25,0.524524800668931
601,16,X,X,D,1,0.5698973491757725,0.6207479572761582,0.2532914435185491,0.5449460345387013
601,17,X,X,D,1,0.5705851028656597,0.5865204645404632,0.27772799315282964,0.5120418227784855
601,18,X,X,D,1,0.5511851217606567,0.6287711756299764,0.2744048141439007,0.4809678513717519
601,19,X,X,D,0,0.5447252101103702,0.6257926196405864,0.26670454597467513,0.48740119083373706
602,0,X,X,D,0,0.3749231360967102,0.3672332639452206,0.2808699323202123,0.6832360669736139
602,1,Y,X,F,0,0.3538784910945351,0.3442817601294991,0.28692456031216557,0.6685300148697468
602,2,X,X,D,1,0.35777082743353433,0.3185072275021366,0.25664314090670676,0.6860802069127676
602,3,X,X,D,0,0.4056699716897488,0.29732979677643634,0.25,0.6790465259833738
602,4,X,X,D,1,0.40792834016819357,0.3016337426541663,0.25,0.6928687493373242
602,5,X,X,D,1,0.4309334199251829,0.2930475066733869,0.29098862861196384,0.6629804124113579
602,6,X,X,D,0,0.47187810015643566,0.26654831252822586,0.3040221974196611,0.6050626453652771
602,7,X,X,D,1,0.5105549607587696,0.3068811846921772,0.28768044318037833,0.5622646776462984
602,8,X,X,D,0,0.5305939902379857,0.31518907954892994,0.2949309326406696,0.5931854293181777
602,9,X,X,D,0,0.5521868050044955,0.29139994680812975,0.28057597287703656,0.539631871009975
602,10,X,X,D,0,0.5639780334146536,0.2825073933516308,0.31943310021312266,0.5228290009986197
602,11,X,X,D,1,0.5446909234044646,0.32340612908850963,0.2762776135766189,0.5230608342191088
602,12,X,X,D,1,0.55893137583332,0.3340882620828059,0.26950179803901037,0.5581012388704457
602,13,X,X,D,0,0.5393424197496163,0.3625939147693573,0.2666632924975561,0.5560380050555384
602,14,X,X,D,0,0.5441697590563599,0.3732473542387787,0.25,0.5927363672742344
602,15,X,X,D,1,0.5245737351484608,0.383074066981793,0.2915760147088216,0.6060040768899649
602,16,X,Y,J,1,0.5408354965202553,0.42880016723075337,0.33404886211303286,0.6347757350143345
602,17,X,Y,J,0,0.5716297690048957,0.461222042441193,0.31728762904210667,0.6105271023729985
602,18,X,Y,J,1,0.5379097918829712,0.4741189389906232,0.33682921101999647,0.6121648103873378
602,19,X,X,D,0,0.5300941161639832,0.468688769113924,0.3383997943347959,0.6031171221166043
603,0,X,X,D,0,0.2643779018336233,0.507647186457318,0.4770429973985347,0.35831765035115776
603,1,Y,X,F,1,0.3056016558445283,0.5114373063096784,0.46640501684349467,0.3682225553303661
603,2,Y,X,F,0,0.3113064201536188,0.5827482450487581,0.4349829308163048,0.38247933542322443
603,3,Y,Y,J,0,0.31935392607186164,0.5958053671554233,0.39108906060222587,0.41741650554643417
603,4,X,X,F,0,0.33253677094647033,0.570957261975537,0.4519524323199586,0.3838961010459355
603,5,X,Y,J,0,0.31793120089254623,0.5729090560920774,0.4571590663300084,0.4066183803616494
603,6,X,Y,J,0,0.34113594787086937,0.540251843192742,0.44198153886887936,0.4402142814983354
603,7,X,X,F,0,0.32533408007280157,0.5633217144541115,0.4431440604648531,0.4513993749609207
603,8,X,X,F,0,0.37225254628917,0.560081782402427,0.4222283505505273,0.45638000837634024
603,9,X,X,F,0,0.3905929098725439,0.5692766303008117,0.396563029842468,0.4169168039194824
603,10,X,X,F,0,0.32759325030255715,0.5684108075450229,0.4083769343459359,0.42845913943801406
603,11,X,X,F,1,0.33123570114979317,0.531726819857523,0.4111820903369037,0.4268448418768565
603,12,X,Y,J,0,0.3420609073563147,0.5102538909485389,0.3677702469389513,0.42220836348979035
603,13,X,Y,J,0,0.3495068555532636,0.5538130785968236,0.3400587209414811,0.42141529431945496
603,14,X,X,F,0,0.3319054855848063,0.5484260885196456,0.3351900654399062,0.3873654420544449
603,15,X,X,F,0,0.3131913001508568,0.5318214897906667,0.3225799562158411,0.42071173653262933
603,16,X,X,F,0,0.3445204796780369,0.587998728562362,0.3111774381937581,0.4631425087942211
603,17,X,Y,J,0,0.35641585996711134,0.6174885543025198,0.29942864894437066,0.4781483368188998
603,18,X,X,F,0,0.34408789800271,0.6455454668578212,0.2835657636461645,0.4887362839115279
603,19,X,Y,J,0,0.3400618806495413,0.6104818957755984,0.27271843446389643,0.5014439787242008
604,0,X,X,D,1,0.5776160061569093,0.7367728829015756,0.38072826856078335,0.26971934905825834
604,1,Y,Y,J,0,0.6479860657017387,0.7461682705678117,0.365514239600748,0.3294453351656948
604,2,X,X,D,0,0.6631326304068804,0.7388988542001198,0.3489926529978071,0.35743008922662484
604,3,X,X,D,1,0.6727266898717169,0.734264099090955,0.3605101689727117,0.39060485369804954
604,4,X,X,D,1,0.6818412637681018,0.7434545539003918,0.36829460642608575,0.3481056166144264
604,5,X,X,D,0,0.7265242136969303,0.7213343985180534,0.35248515003315595,0.36489952356976946
604,6,X,X,D,0,0.7140053259014572,0.75,0.3169712228940467,0.3754496631404529
604,7,X,Y,J,0,0.6965314349925983,0.75,0.37455581826792345,0.38304392298819695
604,8,X,X,D,1,0.6934441221260679,0.7392217593876189,0.41811882742522066,0.3605878462189826
604,9,X,Y,J,0,0.6721733594173914,0.75,0.40819035878444837,0.3380732883761443
604,10,X,X,D,1,0.6875185138567389,0.6969841897522995,0.38182920289539996,0.3433652760421809
604,11,X,X,D,1,0.6737444422393661,0.7236679528371023,0.3699787411712855,0.36166465892208405
604,12,X,X,D,1,0.7130194944765431,0.75,0.33025119996547997,0.35771781651580903
604,13,X,Y,J,0,0.7355564506204932,0.7326394372445154,0.3016677517337107,0.31484102196073743
604,14,X,X,D,1,0.75,0.7083290130439526,0.29204440189994224,0.30425437197088806
604,15,X,Y,J,0,0.7150987378095951,0.7197131161217787,0.25,0.30386157139005054
604,16,X,Y,J,1,0.7097151695772506,0.7039888430469333,0.25,0.30947959728622704
604,17,X,Y,J,0,0.6867212098763017,0.7087785991013589,0.25,0.25
604,18,X,X,D,1,0.6858927094083377,0.7043746127533924,0.25199287147151783,0.31567751466731925
604,19,X,X,D,1,0.6850854113047352,0.702966962102541,0.25,0.32886683569281727
605,0,X,X,D,0,0.36851888683373396,0.3355607357212907,0.44482289256363544,0.34435080586353384
605,1,Y,Y,J,1,0.4377789196183556,0.34356226322283434,0.45417918575968297,0.3457864791085514
605,2,Y,X,D,0,0.45322273977612754,0.35808517611761836,0.4240558941276186,0.3407494678892907
605,3,Y,Y,J,1,0.4749242435610616,0.33600643225612675,0.4620192061692747,0.3888252121098318
605,4,Y,X,D,0,0.48457824742712846,0.34040674259393366,0.5148695445579637,0.4301744408688057
605,5,Y,Y,J,0,0.471383406386586,0.36718136505232546,0.4986975308962022,0.39734283784196567
605,6,Y,Y,J,1,0.5097375094864469,0.4239226633387414,0.446932652126148,0.38468486176397837
605,7,Y,Y,J,1,0.48795281397970536,0.43246231331264395,0.42804501524333727,0.3519564629834902
605,8,Y,Y,J,0,0.4884445543198132,0.40299235584509674,0.4498837574599486,0.34607944608897234
605,9,Y,Y,J,0,0.485386789765834,0.4206953111891728,0.44248623035367834,0.32663792778891254
605,10,Y,Y,J,0,0.4872284194693389,0.39491682392616345,0.4461348597438686,0.3302686253833363
605,11,Y,X,D,1,0.4723221317850793,0.3766276570668986,0.4320249499409839,0.3413149903368048
605,12,Y,Y,J,0,0.4645984643283836,0.36307081822057125,0.4413060221608895,0.3366722008392905
605,13,Y,X,D,1,0.46757643209536803,0.3695780016540349,0.4257734540553062,0.35715075966474497
605,14,Y,Y,J,0,0.4897425268520766,0.3587975583586398,0.43524338154196424,0.3396366297217567
605,15,Y,Y,J,1,0.4926245575221515,0.36067892522353034,0.4308605950766503,0.3074020593965495
605,16,Y,X,D,1,0.46361963805696627,0.34293077200006256,0.45162085464808627,0.3190924844726577
605,17,Y,Y,J,0,0.46565035786148984,0.3255570323857267,0.4694779401781568,0.3034564177955012
605,18,Y,Y,J,0,0.4706306611113931,0.302253243809753,0.45436309479802484,0.2915141781001003
605,19,Y,Y,J,0,0.49321143596945893,0.28884158609305993,0.45286334074142925,0.29271792768036864
606,0,X,X,D,1,0.596642853475968,0.364954764644465,0.419495742323262,0.5578341209174367
606,1,Y,Y,J,1,0.5853741184975476,0.3433740393120152,0.4195668119612354,0.5610706988498231
606,2,X,X,D,0,0.6250418229000955,0.32783250189166274,0.43228042340570727,0.5576340965774131
606,3,X,X,D,1,0.586686076390883,0.30422658602678093,0.43360219595798555,0.566866512005254
606,4,X,X,D,0,0.5914558580280016,0.29788923153324687,0.42530571951206986,0.5589410851028865
606,5,X,Y,J,0,0.554522525762462,0.3274851009391783,0.40252500136873914,0.5143383875899878
606,6,X,X,D,1,0.5665570873101751,0.3698124411660668,0.36642708020243825,0.5125719993151503
606,7,X,X,D,1,0.5395819570647793,0.38350275014054047,0.3598482141752999,0.4674601780595736
606,8,X,X,D,0,0.5320741793889289,0.3853114237590781,0.4048204215382563,0.4472346417476813
606,9,X,Y,J,0,0.5342066311061909,0.40522700581656956,0.41524994729048464,0.46808263665464295
606,10,X,X,D,0,0.5377565923723994,0.37703640721451487,0.4296286225632821,0.42786713983389857
606,11,X,Y,J,1,0.5340723701366419,0.36736853811162423,0.43953306018309857,0.44319868487098985
606,12,X,Y,J,0,0.5407195074159151,0.4074281773028992,0.4498704414010002,0.41691291151579246
606,13,X,X,D,0,0.5146973385286918,0.41664209726336604,0.4369940396229645,0.4009464018059105
606,14,X,X,D,1,0.5308036517774888,0.40420582362660334,0.43586185495382723,0.42809242521149027
606,15,X,Y,J,0,0.5206084028159801,0.4165705134884786,0.44433952319891173,0.4374464083263429
606,16,X,X,D,1,0.5154707749743512,0.4171350736040222,0.42587547802580333,0.4413036518778615
606,17,X,X,D,0,0.4753966164374163,0.4241220945504902,0.42872569411738615,0.4567168075433756
606,18,X,X,D,1,0.49764734054980164,0.38758352269923263,0.42801650094780586,0.4759785198716261
606,19,X,X,D,0,0.48857925660879986,0.38971146197129586,0.43990949076589003,0.5100164818331375
607,0,X,X,D,0,0.49466449167706183,0.481068276724906,0.6017813273084105,0.7412555025174483
607,1,Y,Y,J,1,0.48427334135785793,0.48463019088341747,0.5959595389119199,0.7314292337817393
607,2,Y,X,D,0,0.4989762306508952,0.4642025822786545,0.6187939876815814,0.7106568713155748
607,3,Y,Y,J,1,0.49778159002406686,0.4573627124611011,0.6402350837545426,0.719475351168714
607,4,Y,Y,J,1,0.47465889184135807,0.4539619249351133,0.599348972421534,0.7128783207257421
607,5,Y,Y,J,1,0.47904956685262845,0.4430612372450805,0.5937620031184279,0.6704505902347707
607,6,Y,X,D,1,0.5012878178229178,0.4580637343766667,0.6002315042876601,0.7048803501254478
607,7,Y,X,D,0,0.49104894864220616,0.46075443907959296,0.6007300510286376,0.6899605678243423
607,8,Y,Y,J,0,0.5250619831716415,0.47078539527721375,0.5714950359058731,0.6717094868770462
607,9,Y,X,D,1,0.49431421299272643,0.4288533170508435,0.5785267471285402,0.6648111438004918
607,10,Y,Y,J,1,0.4806397433205156,0.39342137356808066,0.570535596648557,0.6685143383021084
607,11,Y,Y,J,1,0.4918898553459595,0.3338385318883613,0.5338273499125323,0.6605438134441064
607,12,Y,Y,J,0,0.5235137497430803,0.2986474691502836,0.5383558895544743,0.676567073851453
607,13,Y,Y,J,0,0.5132545276341094,0.2824707330519741,0.5102730840322167,0.6723490746389674
607,14,Y,Y,J,1,0.5130850052784256,0.2730335114960214,0.5125381391714244,0.7108525449973085
607,15,Y,Y,J,1,0.5356599284929454,0.27136750567856704,0.4790256682349734,0.7192153444807503
607,16,Y,Y,J,0,0.5192173894209011,0.2705493742100461,0.4467834077351377,0.7174068724149952
607,17,Y,Y,J,1,0.513371613941392,0.28539132083010504,0.45499026518829433,0.7184290836477528
607,18,Y,Y,J,1,0.5084554426099467,0.3007092052682104,0.5408399429904616,0.7126247624297678
607,19,Y,X,D,0,0.5193637713150514,0.29732708806666075,0.549056297709701,0.709970672488044
608,0,X,X,D,0,0.6735711248356026,0.49655618066572793,0.4201018097324169,0.3220460188385717
608,1,Y,X,F,1,0.6840540675075307,0.5198582515778517,0.41239879946273045,0.2989405688330401
608,2,Y,X,F,1,0.6795864980405127,0.5261503820471807,0.41709772674877343,0.297698264483908
608,3,Y,Y,J,0,0.7015041123022395,0.5132827170783879,0.48959571041577177,0.30044272022193846
608,4,X,Y,J,1,0.6980348390712241,0.4723566826733004,0.5033704371525096,0.32810738896765346
608,5,X,X,F,0,0.7230716270752207,0.4942590211784538,0.4675836396859786,0.34733203915636457
608,6,X,Y,J,1,0.7031600738059475,0.5421856910311033,0.4396647136040175,0.32005000088461816
608,7,X,X,F,0,0.7006619215081431,0.5954324445754835,0.44794116246826565,0.333525498072643
608,8,X,X,F,0,0.75,0.5825842369102259,0.418129799197886,0.2972244245043765
608,9,X,X,F,0,0.7135656570029374,0.5858841084067898,0.3870764038252609,0.34576622383361877
608,10,X,X,F,1,0.679304065935533,0.5941460821710107,0.4059671924479425,0.38523909749713825
608,11,X,X,F,1,0.6325478693061994,0.6198226061070597,0.41834439182377037,0.3668147211465506
608,12,X,X,F,1,0.6337952184673037,0.6188438291747266,0.44702913678947437,0.3774732167366029
608,13,X,X,F,0,0.6226462637627203,0.5671933397764672,0.4889486098000067,0.384495298597222
608,14,X,X,F,0,0.6167852137040448,0.5094062670070693,0.48721295823893235,0.3828736472303951
608,15,X,X,F,0,0.6225094816781981,0.5173194526249708,0.5042287150683029,0.343468080608773
608,16,X,X,F,0,0.6472906876230712,0.49709313939636063,0.5155736628757349,0.35327895177124546
608,17,X,X,F,0,0.6200052023191972,0.5183403206343175,0.5156548651992461,0.3657314498721194
608,18,X,X,F,1,0.6522426863116985,0.5131239679015255,0.4808740267920797,0.3769446305834693
608,19,X,X,F,1,0.6951634565427229,0.5122099937041508,0.5055623244301066,0.38673724087317884
609,0,X,Y,J,1,0.3400458472075955,0.5029268075100904,0.5580578818561046,0.5364230827661676
609,1,Y,X,D,0,0.30095015684767146,0.5763965398406389,0.6060748021937785,0.4962257941662989
609,2,X,X,D,1,0.3047514782021787,0.5793579325728199,0.5878034991299157,0.4737080868688842
609,3,X,X,D,0,0.3131473570140284,0.5472468078069459,0.5822757556970253,0.517643964265324
609,4,Y,X,D,0,0.31918977814811345,0.5191849597245491,0.5585993248410874,0.5332335670286285
609,5,X,Y,J,0,0.29928598846155124,0.5153187115025111,0.5499086359488974,0.5285348382155857
609,6,X,X,D,0,0.31425436960118014,0.49741980780932393,0.5124608480961826,0.506630425940028
609,7,X,Y,J,0,0.29331037862283976,0.49437980498488354,0.5196567045933594,0.47990810961622765
609,8,X,X,D,0,0.3265053883589848,0.5062996976025774,0.5314045635474736,0.4526317843151429
609,9,X,X,D,1,0.35319292835052274,0.5528184248313176,0.5648035879696841,0.43108814593500594
609,10,X,Y,J,0,0.32025183478329033,0.5448685661051681,0.5943019049297938,0.4698984567504263
609,11,X,X,D,1,0.3012842913322813,0.537627752750557,0.5640408830978471,0.4277927838344325
609,12,X,X,D,0,0.29362157978903597,0.5736203928862126,0.5837586758074115,0.404902463435175
609,13,X,X,D,0,0.3226611924146806,0.6036072735908784,0.5951043277252926,0.41462900134516856
609,14,X,X,D,1,0.3039015717063774,0.652233335795303,0.6196031730219275,0.42868268108071694
609,15,X,X,D,0,0.2811946609798633,0.6493456977320619,0.6590206683778134,0.4010873715539529
609,16,X,Y,J,1,0.25122908809125655,0.6320239877433438,0.6720713699011788,0.3562807956580665
609,17,X,X,D,1,0.25,0.5952798272957428,0.6958150548219705,0.37175918200695124
609,18,X,Y,J,1,0.2648021939069494,0.5660597854061686,0.6913270771704657,0.3583587100835877
609,19,X,X,D,1,0.27649046958141854,0.597767114287882,0.6876346187840455,0.39211487247528554
610,0,X,X,D,0,0.3590282188931136,0.5002719014802257,0.7279510789482071,0.6349711971387129
610,1,Y,Y,J,0,0.34539028315524145,0.4783245467412433,0.6817015720862024,0.6504999867503138
610,2,X,X,D,0,0.38111364656797203,0.4595007080314818,0.6879159095449854,0.6118907073976579
610,3,X,X,D,0,0.34458518944101507,0.4563691026120578,0.6737343819020474,0.6205213732880114
610,4,X,X,D,1,0.28223947215483525,0.485144692540574,0.6534335618558867,0.6435729383205759
610,5,X,X,D,0,0.27688225555992046,0.46474088298438315,0.6471414813951208,0.6259735192837137
610,6,X,X,D,0,0.26274174653913934,0.47859680234390606,0.6190345226735418,0.6538640357041767
610,7,X,X,D,0,0.29644587207801026,0.44901875630035837,0.6179341505570932,0.6786770899585399
610,8,X,Y,J,1,0.34062629861175686,0.4407970824294306,0.6204979670665112,0.7313598667619843
610,9,X,X,D,0,0.3394389013762829,0.3924096325468546,0.6324643916595235,0.7371868760884168
610,10,X,Y,J,1,0.35517384112117206,0.3257619927187046,0.6851963863608757,0.6970025641461222
610,11,X,X,D,1,0.34580168807464196,0.37026692494608976,0.7047083478374475,0.7028907832152284
610,12,X,X,D,0,0.36313035157731693,0.3465287633776334,0.6690595649670104,0.7351651361003279
610,13,X,Y,J,0,0.356509284076165,0.33605673826872734,0.6541233339451008,0.75
610,14,X,X,D,0,0.35277488912475774,0.3509150511575028,0.6477671875695128,0.75
610,15,X,X,D,0,0.3937925342480245,0.37611843665930295,0.6244944487453209,0.7475260170610138
610,16,X,Y,J,1,0.40120335661189443,0.3414331179351378,0.5802318060608435,0.7441744752896773
610,17,X,Y,J,1,0.3695563157362485,0.3420094196881605,0.5831029666236316,0.7280688767464207
610,18,X,X,D,1,0.367833927985299,0.3361053202242266,0.5906133105126566,0.75
610,19,X,Y,J,0,0.391241332171523,0.33088090031612316,0.6022178804277277,0.75
611,0,X,X,D,0,0.44993167579008875,0.7095010989085668,0.7236347622593158,0.2680523273844809
611,1,Y,X,F,1,0.4881552332246404,0.6786967496246543,0.683349913031152,0.27325099765066585
611,2,Y,Y,J,1,0.5017546167623849,0.6352774029962226,0.6941015774944413,0.258863191856189
611,3,Y,Y,J,1,0.49597327034543576,0.6448617809518671,0.702420153669033,0.25
611,4,Y,Y,J,0,0.5295589328641461,0.6433382800202243,0.7147499320428216,0.25
611,5,X,X,F,1,0.5895665507901787,0.7203294579959254,0.7077841690544187,0.26048862674499135
611,6,X,X,F,1,0.5794408019755706,0.7313161971357163,0.7421261128703269,0.29386730290612967
611,7,X,Y,J,1,0.5638222209963525,0.7166658578375898,0.75,0.2692141310452912
611,8,X,Y,J,1,0.5924989610399548,0.6854357458811233,0.75,0.2711007367197444
611,9,X,X,F,1,0.5729247451666885,0.696765703782498,0.712182771785231,0.25586242524556335
611,10,X,X,F,1,0.5557682861551279,0.6695588660354934,0.7014368328113997,0.2639628203442553
611,11,X,Y,J,1,0.5813973365208722,0.625177302600225,0.704597999606367,0.25812303507345374
611,12,X,X,F,1,0.5556798744815316,0.5866757481213969,0.7353844021463861,0.27474339445866236
611,13,X,Y,J,1,0.5304300631350686,0.621084154162465,0.7018325445987516,0.2993284994182785
611,14,X,X,F,0,0.5814373031786979,0.6224367800258234,0.6940446339542166,0.2865746556763846
611,15,X,X,F,1,0.6145572821327039,0.6059250518373871,0.6593762957895403,0.2640855089225366
611,16,X,X,F,1,0.6065004887719497,0.6478281868839426,0.6429779138219992,0.31368006470004794
611,17,X,X,F,1,0.6060573971486158,0.6739917233871462,0.6399598133988941,0.3105138664962922
611,18,X,Y,J,1,0.5553258586223351,0.7029305940404295,0.6383532282520685,0.2919930443580815
611,19,X,X,F,1,0.5724835194656219,0.6951194372546623,0.6251369262656661,0.3076641705959514
612,0,X,Y,J,0,0.6820122432488158,0.7327477246973899,0.43926679048685174,0.32572362224231766
612,1,Y,Y,J,0,0.691996442116989,0.714562933911642,0.46434929628788263,0.3057194272509886
612,2,X,Y,J,1,0.6679347019229043,0.75,0.39775815368060974,0.3055502085627499
612,3,X,Y,J,0,0.6366148358816257,0.75,0.4224731577281732,0.3108253731705426
612,4,X,X,D,1,0.6225069090853349,0.7162878122966282,0.38552700151539626,0.28321443863609963
612,5,X,X,D,1,0.6044330626991873,0.7132027995659443,0.39972553679997536,0.30737083339538285
612,6,X,X,D,1,0.6253376692269498,0.75,0.3529876731523771,0.33488014056198095
612,7,X,X,D,1,0.6050857081258172,0.7187377153386842,0.336042538444803,0.3261492257476783
612,8,X,X,D,0,0.6074401005619438,0.7195491397010234,0.3021713982141648,0.2897048448006291
612,9,X,X,D,1,0.5937022159375327,0.6899912466952871,0.28538938571276495,0.25
612,10,X,X,D,1,0.6022984189467752,0.6847839494415605,0.2741460572362009,0.32433856655064963
612,11,X,Y,J,0,0.6530738611742664,0.676103094775108,0.31271384372669325,0.3173582448934799
612,12,X,X,D,0,0.6812133890026286,0.6777256366824754,0.3228447653661099,0.3119256509177506
612,13,X,Y,J,1,0.6980607999079915,0.6987178149323232,0.35851088538494835,0.3171769474924838
612,14,X,X,D,1,0.6561016125745063,0.7314931413359012,0.3967112650833282,0.3175350178050844
612,15,X,X,D,1,0.6808046475786663,0.7181662584054318,0.40589678953255287,0.3037022073831917
612,16,X,X,D,1,0.6813172891910529,0.7368617866435792,0.4297414330630802,0.31505512171566047
612,17,X,X,D,0,0.6494015366792244,0.75,0.4716066688233227,0.33457520322601036
612,18,X,Y,J,1,0.6347215258150857,0.75,0.44951371819402497,0.3019944177965106
612,19,X,X,D,0,0.6246490684682504,0.75,0.45000737416549785,0.3404743881337057
613,0,X,X,D,1,0.6764213808410942,0.7484720985220243,0.4877615602408595,0.7364466292913323
613,1,Y,X,D,1,0.7311438142824032,0.732970203561013,0.47895696861484743,0.734928553073519
613,2,X,Y,J,0,0.7433693132462542,0.7492493275341722,0.4684973940812234,0.75
613,3,X,X,D,1,0.7247211030687944,0.7225767822087452,0.457573451343817,0.726220230156416
613,4,X,Y,J,0,0.6855461002141875,0.7319818082934386,0.4556421028893781,0.7446649118026253
613,5,X,X,D,0,0.7018449901755237,0.75,0.5268512488017714,0.75
613,6,X,X,D,0,0.7138927571499958,0.7073177752398814,0.5008121361402974,0.75
613,7,X,X,D,1,0.735001701335056,0.701362996848949,0.5338226515392948,0.7363011356290392
613,8,X,Y,J,1,0.7264768983818496,0.6753480972367648,0.5257698726754106,0.7295318412807794
613,9,X,X,D,1,0.7022517821056526,0.639461850163776,0.519495738024752,0.7207471999589781
613,10,X,X,D,1,0.6958197747270962,0.5757812316191561,0.5450276730393825,0.7015062156830758
613,11,X,X,D,1,0.7161427392830942,0.5573934267032568,0.5141128777729222,0.6795357614677623
613,12,X,X,D,1,0.7150937661585186,0.5690778567619078,0.4873147284862548,0.658275768644905
613,13,X,X,D,1,0.7352310171521672,0.5831797117069214,0.47892116126975603,0.6454450131740957
613,14,X,X,D,0,0.70844415051131,0.5957165204321466,0.47929490760982746,0.6865684963077981
613,15,X,X,D,1,0.7427555657302451,0.6147626675946432,0.47892761975823395,0.7202961349775123
613,16,X,X,D,0,0.7466454779523675,0.6141512594252314,0.5111352836671413,0.7393131114503781
613,17,X,Y,J,0,0.7482771587216606,0.6628105751270699,0.5138134263710779,0.7264746391227098
613,18,X,Y,J,0,0.7450012286244279,0.680441094227758,0.5362471225009815,0.75
613,19,X,X,D,1,0.7155423339193706,0.7067982292495109,0.5439190693701897,0.75
614,0,X,Y,J,1,0.3729122930262751,0.7251021175284833,0.30947323966547846,0.6728906968438133
614,1,Y,Y,J,0,0.35240164730491874,0.7410229330301422,0.26509879453301427,0.7052566618108451
614,2,X,X,D,0,0.38600262864148027,0.75,0.29756964858485163,0.7354978495220396
614,3,X,X,D,1,0.35524630486180614,0.7196370529704678,0.3459929559906366,0.6921780337689668
614,4,X,X,D,0,0.35912483723946925,0.7442277660597085,0.33674739547069116,0.6683246351005939
614,5,X,Y,J,0,0.3497186521536219,0.7247391726747965,0.31676221233087587,0.6706138214984003
614,6,X,X,D,0,0.33581811497134545,0.6794436133754119,0.35791128973146724,0.6352248525916913
614,7,X,Y,J,0,0.37211092819211167,0.697662895529027,0.3716079283002846,0.6557354101128248
614,8,X,X,D,0,0.3545600224771336,0.6606139186082737,0.39793217548813853,0.6215417885290567
614,9,X,Y,J,1,0.35332757228692685,0.6850833923466166,0.41357716691325985,0.5787952613060308
614,10,X,X,D,1,0.30610017271147655,0.6704665525062727,0.4280693417618581,0.5821144779908821
614,11,X,X,D,0,0.3019353675965624,0.6183421566592835,0.41552617659288327,0.5614169255282173
614,12,X,X,D,0,0.2874655920382433,0.6248327926347613,0.4198315405729977,0.5858747513436792
614,13,X,X,D,1,0.2979872612463222,0.6456902738137875,0.444173222145514,0.565761536389151
614,14,X,X,D,0,0.25346054345360325,0.6393996404527609,0.4449226209304339,0.5396871552355482
614,15,X,X,D,0,0.25,0.6296690704269753,0.47920443951441394,0.5290558502862943
614,16,X,Y,J,0,0.2527347887777675,0.6171123380597231,0.4766738912656711,0.5641598951085357
614,17,X,Y,J,0,0.25,0.5753796687381053,0.5112498707533515,0.5074562612480358
614,18,X,X,D,0,0.25,0.5334984124350015,0.47902566190545925,0.49803536479928656
614,19,X,Y,J,0,0.3009984561838309,0.5128525428712787,0.49346894686448206,0.5287325766012582
615,0,X,Y,J,1,0.639852617230184,0.6061543630576766,0.6790402744777619,0.5033138661907552
615,1,Y,X,D,0,0.6386410780025574,0.6196592489512105,0.7180605603718392,0.4915036793189468
615,2,X,Y,J,0,0.6618790071149091,0.6386334588136771,0.7405810259175197,0.4846651819055529
615,3,X,X,D,1,0.6526024010689941,0.6275283797336159,0.6748039094924931,0.4596088473379043
615,4,X,Y,J,1,0.6640385784382589,0.6044212920898422,0.6940923984332916,0.4194098431234457
615,5,X,Y,J,1,0.6758117819625037,0.6179990599907309,0.6592958198766319,0.38735696231958133
615,6,X,Y,J,0,0.6889665833117357,0.6386887508667914,0.655694891909998,0.37149536793239973
615,7,X,X,D,1,0.6935604531754118,0.6475597577609531,0.6674051151633122,0.40024493064433175
615,8,X,X,D,0,0.6766344583626774,0.6462412652230916,0.6888044047291734,0.4090858198262313
615,9,X,Y,J,1,0.6915514864832181,0.6731490965498852,0.6622711650169893,0.4062574499977014
615,10,X,X,D,1,0.6412413799082762,0.6717216668281337,0.7094173787683128,0.39672672395382674
615,11,X,Y,J,1,0.608930808065632,0.6528861161479728,0.7167428986337935,0.41462498635506123
615,12,X,Y,J,1,0.6125501552430377,0.6911167622649845,0.6964036138000544,0.4161375760694225
615,13,X,X,D,0,0.6244025564797877,0.7166173745796618,0.6880409901216608,0.4170917549855475
615,14,X,Y,J,0,0.671210396707892,0.7132853330955489,0.6516434465862659,0.44629031291555654
615,15,X,Y,J,1,0.6465583293765189,0.7227250257193574,0.6290361306240785,0.47016062243873524
615,16,X,Y,J,1,0.6180861034395725,0.7274299219463624,0.6230214338632104,0.45520113397628503
615,17,X,X,D,0,0.6092993462109291,0.7204453341290625,0.698302895765878,0.4603563048280941
615,18,X,X,D,1,0.62901305530609,0.7132596186029166,0.6725929321286084,0.42631036240409775
615,19,X,Y,J,1,0.6532376458155783,0.6779433884214613,0.7231838259071418,0.4129513076770543
616,0,X,X,D,1,0.6784498151330576,0.7447104981990438,0.2518715032556395,0.7379488884475287
616,1,Y,Y,J,0,0.6366307395210812,0.75,0.3114777178112196,0.7462259883466573
616,2,X,Y,J,0,0.6378298720806734,0.75,0.30862589136470675,0.7444564246565896
616,3,X,X,D,0,0.6606435545735139,0.75,0.29088956571387053,0.735695849386734
616,4,X,X,D,1,0.7055889788039944,0.75,0.2971287049814435,0.75
616,5,X,Y,J,0,0.7453533852911709,0.7307062890757455,0.3083217809903242,0.75
616,6,X,X,D,1,0.7318645827774767,0.75,0.2918677550999044,0.75
616,7,X,X,D,0,0.7373075257832118,0.75,0.2758543516594251,0.75
616,8,X,Y,J,1,0.6975327695789408,0.7436921675267664,0.2782447663585524,0.7298218989065707
616,9,X,Y,J,0,0.6841780837980562,0.7452390272873428,0.27665175134510656,0.75
616,10,X,X,D,0,0.717217549830874,0.75,0.25,0.75
616,11,X,X,D,1,0.6972018695766898,0.75,0.267661697038061,0.7344750257307358
616,12,X,X,D,1,0.7235974046216975,0.75,0.25,0.7373909674563699
616,13,X,X,D,0,0.75,0.75,0.25,0.7201302339096131
616,14,X,Y,J,0,0.7215799658051607,0.7334104992675674,0.253533024130583,0.7016586758873726
616,15,X,Y,J,0,0.7055234709905192,0.75,0.25,0.7091232165299546
616,16,X,X,D,0,0.7338032142381041,0.75,0.27020606645881057,0.7473806520560587
616,17,X,X,D,1,0.75,0.75,0.2838805929553564,0.7410391050867291
616,18,X,X,D,1,0.7339964835393706,0.7389643268723795,0.28017392686482195,0.7335072312631701
616,19,X,X,D,1,0.7167688964111498,0.7337602055682477,0.30359854880391746,0.702902704984374
617,0,X,Y,J,1,0.4024880656876033,0.32641289293998793,0.6436043981811854,0.30574861839133854
617,1,Y,Y,J,1,0.41201075208201116,0.3187033745264483,0.6468927944658394,0.3392061831152732
617,2,X,Y,J,1,0.3316323285530362,0.3440844027832018,0.6747287829649093,0.3321327172146028
617,3,X,Y,J,0,0.33037741768185713,0.38728535555948695,0.6744425575665495,0.34548980443714
617,4,X,X,D,1,0.3705122078620034,0.3698403303736377,0.6878035037095315,0.3265250530837558
617,5,X,X,D,1,0.3960484179763001,0.3423289560969375,0.7036129587926129,0.32615203471594634
617,6,X,X,D,0,0.3786706541127417,0.4102746860948536,0.744118979790825,0.35733023709482387
617,7,X,X,D,0,0.3463233375992097,0.42648504241628815,0.75,0.3894671400837533
617,8,X,Y,J,1,0.3638741585729152,0.4367658388489939,0.7479753944656401,0.42689382376815366
617,9,X,X,D,1,0.3606630802771108,0.4278284036700238,0.75,0.44577240439092797
617,10,X,X,D,0,0.3452195720117311,0.41168214836436146,0.7197630022155573,0.47646840318458167
617,11,X,X,D,1,0.3258731607783065,0.4144752393979373,0.7176451593640827,0.44024001525981615
617,12,X,Y,J,1,0.3681453765098389,0.42008842805859453,0.693418193733771,0.4765030983968491
617,13,X,Y,J,0,0.34771771641656435,0.3757376569312081,0.7118359781605245,0.4475758433110312
617,14,X,X,D,1,0.30211880800256674,0.3553077374389978,0.7387393488514893,0.42793225432242543
617,15,X,Y,J,1,0.32847078393966417,0.33858124602875006,0.7299213302734604,0.4146477708440136
617,16,X,X,D,0,0.32405154366186856,0.3209032084584882,0.73016966600528,0.42118149609132405
617,17,X,X,D,0,0.3361103804048103,0.3269941761608318,0.75,0.3885569458095956
617,18,X,Y,J,1,0.35821409846041546,0.2973744106798266,0.7446938296612091,0.37391558036057576
617,19,X,Y,J,1,0.37028847916955426,0.30028747334919226,0.7076773175881289,0.3766314586550622
618,0,X,X,D,1,0.46934988926822996,0.7427421433556279,0.25532102221067215,0.6321600934687325
618,1,Y,Y,J,1,0.47683339615113113,0.75,0.25,0.6276427858059861
618,2,X,X,D,0,0.4728240033012921,0.75,0.258233466628801,0.6010494368182632
618,3,X,Y,J,1,0.4854839860900025,0.7309396848978466,0.2861130540215602,0.6630047878340005
618,4,X,X,D,1,0.46366375469793325,0.7423101806492519,0.2961282788300297,0.6739040664403274
618,5,X,Y,J,0,0.4418609301204201,0.75,0.25,0.6898415741075095
618,6,X,X,D,1,0.43440280991559066,0.75,0.25,0.6950925826492822
618,7,X,Y,J,0,0.43513098952125073,0.7292514453442964,0.25,0.7098224186128148
618,8,X,Y,J,0,0.4571293533854366,0.7383038085126793,0.25582179676845485,0.7103337035523226
618,9,X,X,D,1,0.4940862712189548,0.7482268583336404,0.2541895033989246,0.7471021377577111
618,10,X,X,D,1,0.5275768637859337,0.7422114181642971,0.25,0.7443406208479204
618,11,X,X,D,0,0.5236518410259925,0.75,0.25,0.75
618,12,X,Y,J,0,0.5024637768190626,0.75,0.25,0.7165265544774212
618,13,X,X,D,0,0.49269466303581727,0.75,0.25383349713249337,0.7364478048575153
618,14,X,Y,J,0,0.4877986218546813,0.7442927883134465,0.25,0.7416418154823438
618,15,X,Y,J,0,0.4854052520699826,0.7396864309754264,0.25,0.6832992236982346
618,16,X,X,D,0,0.46771500918574477,0.7299315664965821,0.25,0.6596408904736041
618,17,X,X,D,0,0.45937318921080206,0.7030527523825613,0.25,0.6566987617435053
618,18,X,X,D,1,0.47995525452995447,0.7084396688953553,0.25,0.683714602705406
618,19,X,X,D,0,0.43381305247236124,0.6813199070930998,0.25,0.6937190233312973
619,0,X,Y,J,1,0.7157369869102288,0.4796598794643408,0.7444608067886658,0.7035046712256338
619,1,Y,Y,J,1,0.7270002558870924,0.4583101316746379,0.7379946027756934,0.6877856061974474
619,2,X,Y,J,1,0.7374185602672938,0.4626190968897755,0.7283422319482454,0.6773605482735885
619,3,X,X,D,1,0.727527981130855,0.48642236739818484,0.7291024958099926,0.6818637068616605
619,4,X,X,D,1,0.75,0.4706634376139541,0.75,0.6849802287772752
619,5,X,Y,J,1,0.7167284126195861,0.45853644846999697,0.75,0.7011730288270929
619,6,X,X,D,1,0.7247581885444738,0.44813037937279504,0.7180648607904303,0.7024477314225894
619,7,X,X,D,0,0.6994579945248014,0.45857636645877825,0.7060534400810141,0.7253925715799596
619,8,X,X,D,1,0.7073540175362291,0.48679985563685374,0.684299585774536,0.7115882542930793
619,9,X,X,D,1,0.701512407345426,0.44739120397961746,0.6482202905208586,0.7215732503130393
619,10,X,X,D,1,0.691170966783901,0.41170563416952877,0.6517327369697093,0.7139127994176804
619,11,X,X,D,1,0.6670247411785034,0.40322658287225593,0.6641325645234329,0.7107440348224198
619,12,X,X,D,0,0.6496362195647583,0.4182870641281434,0.6895704523690122,0.7167994214726476
619,13,X,X,D,0,0.6399007515557555,0.40770727636335025,0.6943775843162224,0.7029743412666741
619,14,X,X,D,1,0.6152471428209776,0.4055031167281582,0.7118196767386621,0.7091272817886818
619,15,X,X,D,1,0.5831801057306105,0.3587209512536397,0.7359797587604082,0.6779997638415234
619,16,X,X,D,1,0.5364313935155891,0.3465721212584994,0.7390243001688727,0.6937774056314944
619,17,X,Y,J,1,0.5406160264399158,0.32134268375384356,0.7221585448208233,0.6945371457786298
619,18,X,X,D,0,0.5297816155600803,0.3502583696545393,0.7193506366743476,0.7109309509482059
619,19,X,Y,J,1,0.5940167632070954,0.34529820457746147,0.7299042903584266,0.6967583480515372
620,0,X,X,D,1,0.6424892404223403,0.379347191060629,0.6940595583551721,0.37242375258359756
620,1,Y,X,D,0,0.6054698616705217,0.39481034636042367,0.6919719438268078,0.32113061627575334
620,2,X,X,D,1,0.596058711854595,0.39835760957623684,0.7202966936891886,0.35453388872451624
620,3,X,Y,J,0,0.6226403107790297,0.4029397878369228,0.6682079337670785,0.38503906348995676
620,4,X,X,D,1,0.6355841420442618,0.3983275104160862,0.6719102629613224,0.4114531126740153
620,5,X,X,D,1,0.6602602286322162,0.42480341498270624,0.6378678226843656,0.45147838779392424
620,6,X,X,D,0,0.626423764698448,0.41248109446319986,0.5990872960870753,0.49933469964746513
620,7,X,Y,J,0,0.5947355614164413,0.4116525522728657,0.5808475697800669,0.4963254018249807
620,8,X,X,D,1,0.5971788142874592,0.4204489639008521,0.589008106094939,0.5045587084119396
620,9,X,X,D,0,0.6246153857338583,0.40216854277700786,0.6112155222829292,0.4777227589059037
620,10,X,X,D,1,0.5894933361577824,0.39489486931580076,0.6002518837584325,0.5059801277778041
620,11,X,Y,J,1,0.6159917470549815,0.41287343054381886,0.6325030488530893,0.5076674052425503
620,12,X,X,D,0,0.6109847912147419,0.422224965279492,0.6238281995156424,0.5035149914360488
620,13,X,X,D,0,0.6006452717934888,0.3867958643484772,0.6264583175636703,0.4856710312048231
620,14,X,X,D,1,0.5718157104826508,0.38494190006407036,0.6176193272949405,0.48673432211399104
620,15,X,Y,J,1,0.593846777848209,0.37531723917121074,0.5943901159736625,0.5236250137215758
620,16,X,X,D,1,0.5732690462014726,0.3669232437546256,0.5832747800493375,0.5242071697409595
620,17,X,Y,J,1,0.5903214313727361,0.35382241276271986,0.5604750223054632,0.5580546088196483
620,18,X,Y,J,0,0.5779111976659751,0.35348337375670935,0.5687979751915195,0.5514449738681458
620,19,X,Y,J,1,0.5907742727148081,0.38322333658101293,0.5731418440192817,0.5791108285682672
621,0,X,Y,J,0,0.3526614723509472,0.4109613586619115,0.5115971803750422,0.5712838686762018
621,1,Y,X,D,0,0.3717376498739901,0.4484458613971723,0.5130761716680139,0.553319168448537
621,2,X,X,D,1,0.3557630152428821,0.5008340542053445,0.4606875478886963,0.5527408849932534
621,3,X,X,D,1,0.3508613737406489,0.5122189675507436,0.4658296212131129,0.5073124652944239
621,4,X,Y,J,1,0.31977655751525114,0.5168471682311278,0.4725989996402261,0.5023664594107186
621,5,X,X,D,1,0.3097443448660089,0.5289991475893504,0.4942702203675594,0.4589553752478964
621,6,X,X,D,0,0.3388103356929076,0.5249624084793557,0.49229827028013334,0.4358410836765356
621,7,X,X,D,0,0.34198008558778914,0.5277716475030318,0.4802538965385633,0.44265166113488164
621,8,X,X,D,0,0.2925798146203598,0.48803276533717954,0.4404677481782558,0.5232911794559905
621,9,X,X,D,0,0.29842453119077966,0.5222028850724096,0.3890205390434742,0.4976575942201285
621,10,X,Y,J,0,0.2826807461269566,0.5189979742931394,0.34415430453056145,0.47366808675134453
621,11,X,Y,J,1,0.25094522891494636,0.538503524223087,0.3298898476228968,0.49228480020613
621,12,X,Y,J,0,0.25,0.5793504253611509,0.3329192593390809,0.49250289197983843
621,13,X,Y,J,0,0.2549333216958354,0.6053133043206238,0.31914805147928904,0.4863368322411015
621,14,X,Y,J,0,0.25,0.6292852361463225,0.3270535546339629,0.4945111013567761
621,15,X,X,D,0,0.25,0.6098655787616849,0.3255152213374475,0.5454063769025713
621,16,X,X,D,0,0.26125803500923406,0.6096157688210212,0.3156432226034734,0.571521525826785
621,17,X,X,D,0,0.25,0.6260769858952024,0.3337650455442878,0.5797555038425843
621,18,X,X,D,0,0.25,0.6326688344563988,0.27874713244676075,0.5418686362583066
621,19,X,Y,J,0,0.2775617617604175,0.6287593137929819,0.30034493100115967,0.5073813356546838
622,0,X,Y,J,0,0.5958759883736164,0.39787012468845806,0.2780362291962272,0.6277275728992671
622,1,Y,Y,J,1,0.6045634129929506,0.3977504192355128,0.3083520889938518,0.6357154596331747
622,2,Y,Y,J,1,0.6032920686475671,0.3981802366192492,0.26186422386355795,0.647332221653716
622,3,Y,Y,J,1,0.6289480485397869,0.40385322810341256,0.2574118425575444,0.6769322868004942
622,4,Y,Y,J,0,0.6447504853460273,0.40858949339244977,0.2603202589898263,0.6692936457032992
622,5,Y,Y,J,0,0.6222157630638984,0.36996573774287295,0.2523510266605635,0.6309126862062632
622,6,Y,Y,J,0,0.6507054481108837,0.3639172622522002,0.25,0.6608522221153103
622,7,Y,Y,J,0,0.6580201946026816,0.3093851643179778,0.25,0.6420550210593281
622,8,Y,X,D,0,0.6725791348567219,0.3157824564862269,0.25,0.632775457185505
622,9,Y,Y,J,1,0.6835538943805672,0.33808973285748006,0.25,0.6632019951526602
622,10,Y,Y,J,0,0.701601487926035,0.3643866030537298,0.2531918022064444,0.6689153638959746
622,11,Y,Y,J,0,0.6924897250996725,0.3049747828663606,0.2663661953260877,0.6842788846410979
622,12,Y,Y,J,0,0.698934819469838,0.31740251076441744,0.2724435533479089,0.6834177400682057
622,13,Y,Y,J,0,0.7004990993526267,0.30427578140920325,0.25,0.6784127464194758
622,14,Y,Y,J,0,0.7199875458558138,0.30277533961243713,0.2833678247081771,0.737924280516365
622,15,Y,X,D,1,0.7339935531053061,0.32361297369190867,0.28784537533999865,0.75
622,16,Y,Y,J,0,0.75,0.31833029327200574,0.26938660976207307,0.745094814894298
622,17,Y,Y,J,0,0.75,0.34041639841018506,0.25,0.7255432634751621
622,18,Y,Y,J,1,0.7351915773394964,0.3689640764658595,0.25429978547533205,0.6810723458971017
622,19,Y,Y,J,0,0.7006171346296337,0.35358260230977057,0.2742251902613737,0.6385065371285634
623,0,X,X,D,1,0.6708072559634892,0.5689864216309131,0.5859496002336674,0.4097472784517643
623,1,Y,Y,J,1,0.7065443802342284,0.5809955794979248,0.5764163365360095,0.38737267792626584
623,2,X,X,D,0,0.635545527684847,0.584463869448204,0.5672019716174723,0.32827539131937034
623,3,X,Y,J,0,0.6422977695153195,0.5880548705634053,0.5627012056095956,0.32130102922447645
623,4,X,Y,J,1,0.6512776902473176,0.6004431261266722,0.560894751957479,0.31734799295182753
623,5,X,Y,J,1,0.671402116958207,0.5754170563184976,0.5305183539645025,0.3484286309196785
623,6,X,X,D,1,0.7193176792869668,0.5378291312787895,0.5483778800438273,0.35850931787295076
623,7,X,Y,J,0,0.6790926542566569,0.5510202497100116,0.5707978490893748,0.368326933051395
623,8,X,X,D,1,0.7038796666592775,0.5261833604926504,0.599111459282556,0.388101356333822
623,9,X,X,D,1,0.655569699522687,0.5519573610242081,0.597496449786255,0.3609283142220704
623,10,X,X,D,1,0.6800392088886362,0.5542491560251341,0.6114223948390314,0.36782772316831774
623,11,X,Y,J,0,0.7015479256466635,0.5364136502900465,0.6244040726514072,0.37330578529811376
623,12,X,Y,J,0,0.6700559729525667,0.5224669240167875,0.6352350322850384,0.3896716325305002
623,13,X,X,D,1,0.6761368102737912,0.512156874940193,0.6435434622799622,0.41002832255324106
623,14,X,Y,J,1,0.6572416853577784,0.5175562537496297,0.6423680045537383,0.3604730115414156
623,15,X,X,D,1,0.7035631211536619,0.5472777666161308,0.6512536896782555,0.32528809088469796
623,16,X,X,D,1,0.7052445060626913,0.5755987551167757,0.6661160512524211,0.35564763989773324
623,17,X,X,D,0,0.7129582657572402,0.5516547508176316,0.623562995590599,0.35798499893259295
623,18,X,X,D,1,0.675155145365383,0.5494635057010513,0.6271929762737689,0.3692705840914163
623,19,X,X,D,1,0.6714859221708303,0.5639529526214007,0.5951701107671883,0.40624943420416326
624,0,X,X,D,0,0.3836123682754362,0.3467483105337336,0.3272516069540829,0.669408991005954
624,1,Y,X,F,0,0.3887658209042847,0.3695297060742825,0.3192719574550979,0.6766162322051851
624,2,X,X,D,0,0.3737198343110013,0.3574830015069263,0.2896541541339296,0.6956533938439413
624,3,X,X,D,1,0.3641096344275795,0.4033356354358215,0.30127657282583054,0.6811309003168318
624,4,X,Y,J,0,0.32356238678459764,0.42745039659559836,0.25,0.704477164827244
624,5,X,X,D,1,0.3014634769686008,0.41806613946975285,0.2784657107135798,0.6926011277323652
624,6,X,X,D,1,0.27774332877979335,0.4109961095618744,0.29175072092819426,0.686059124625426
624,7,X,Y,J,0,0.270765113131002,0.3679096106437946,0.2881465893162239,0.6808976150037268
624,8,X,Y,J,1,0.2926454700430055,0.3763486398008529,0.27042086923945896,0.6937582403518713
624,9,X,X,D,0,0.3066542144108916,0.36956170790531284,0.25,0.7321562045641469
624,10,X,X,D,1,0.3227977595104634,0.39010591241961695,0.26916944379135466,0.7174113270688491
624,11,X,X,D,0,0.3810243833689713,0.3916527343232588,0.2844228032273386,0.7396867054064044
624,12,X,Y,J,1,0.3709897854418973,0.3394817333121539,0.3052978589564392,0.75
624,13,X,X,D,0,0.3911612685871931,0.31406980898442205,0.2893244158334147,0.75
624,14,X,X,D,1,0.3582053896833105,0.31096146017513887,0.28488318955778696,0.75
624,15,X,X,D,0,0.38200101884247223,0.3292472752081518,0.25545499955901996,0.75
624,16,X,X,D,0,0.3807978284083896,0.3259813765222556,0.25,0.75
624,17,X,Y,J,0,0.37836757711458174,0.3348304189508871,0.2653024909641062,0.75
624,18,X,Y,J,0,0.4243658193395083,0.32774956352543844,0.2503241923206135,0.75
624,19,X,X,D,0,0.38754373356567845,0.3427191811099079,0.25,0.75
625,0,X,X,D,0,0.2554589507134365,0.28363840705922644,0.5365901261968603,0.3438467969142888
625,1,Y,Y,J,0,0.25,0.26705574523829717,0.558724409276695,0.33738377077618253
625,2,X,X,D,0,0.2915096722852074,0.25,0.5388995219412533,0.34944644195803726
625,3,X,Y,J,0,0.27576962544469763,0.25345216068159687,0.5772447991767953,0.3213566908215597
625,4,X,X,D,0,0.26205277170253766,0.2615033089685736,0.6058638869225793,0.29741186964119015
625,5,X,X,D,0,0.27431941355917294,0.27414315004937495,0.5760562844894245,0.2822445723305275
625,6,X,X,D,0,0.2971044457175042,0.2913079064461512,0.5590202355187239,0.28746054131712245
625,7,X,Y,J,1,0.31419769293660105,0.29510195143307844,0.5823636069401512,0.25
625,8,X,X,D,0,0.3528791203942648,0.28656700090838594,0.6107983818542537,0.25
625,9,X,X,D,0,0.3964243439376388,0.2504543611027829,0.642450836505244,0.25
625,10,X,X,D,0,0.3909637020390476,0.25,0.6041366037952063,0.29418181832049434
625,11,X,X,D,0,0.40632295235355587,0.2821010452562127,0.6424959679291092,0.2932940284666254
625,12,X,X,D,0,0.40106378500158085,0.27546405732104096,0.6356919399422526,0.32011984452627656
625,13,X,X,D,0,0.4086444648237587,0.318577340855053,0.6343749007735555,0.27842275732728566
625,14,X,X,D,0,0.40245562090751325,0.30754749665361364,0.6122447474292009,0.25
625,15,X,X,D,1,0.4223526966088948,0.30735539844092336,0.6281027639201227,0.284343019581559
625,16,X,X,D,1,0.47328052439236323,0.29666418208799883,0.6145283889629076,0.31316421906280095
625,17,X,X,D,1,0.45360179584632987,0.299629542521723,0.6175296692469999,0.29864684551289755
625,18,X,X,D,0,0.4777527432942312,0.2819944879264462,0.6550776343745076,0.3227120548474419
625,19,X,X,D,0,0.422988688600552,0.3102046914578718,0.60532290420109,0.3314636698447016
626,0,X,X,D,1,0.5485182086931395,0.331980599924748,0.6712504070182288,0.7039417212781319
626,1,Y,Y,J,1,0.5653278916269011,0.301188268199542,0.6641091758557442,0.6822067656823717
626,2,X,X,D,1,0.6395917798740143,0.3378837306916226,0.602766527018951,0.7242322515048585
626,3,X,X,D,1,0.6373759363219913,0.31428885104290843,0.6188437906874839,0.7328091859685437
626,4,X,X,D,0,0.6619686473926858,0.35128016325663564,0.6254584666668674,0.718617922283429
626,5,X,X,D,1,0.6833565786805189,0.3282336020933156,0.5942253965405503,0.7093795346732016
626,6,X,Y,J,0,0.6812170669425017,0.3503620091061093,0.5373476629240348,0.7244791606872412
626,7,X,Y,J,0,0.6618225617774647,0.35156005200057094,0.5436183990102665,0.7497453583038024
626,8,X,X,D,1,0.6735354850809528,0.3487035119618882,0.5133219150646695,0.7273164127500743
626,9,X,X,D,1,0.6454585452348578,0.29452048182349777,0.49667939595150673,0.75
626,10,X,Y,J,0,0.587980245997208,0.2863468527865614,0.4946347238467064,0.75
626,11,X,X,D,0,0.5995308260178315,0.29206210323344256,0.5164046937920317,0.75
626,12,X,Y,J,1,0.5937428194719838,0.29194006410521633,0.5076873624250183,0.740742848183683
626,13,X,Y,J,1,0.6223061741185062,0.3208160761106667,0.49253299336200074,0.7147093600403466
626,14,X,X,D,1,0.6523099480386875,0.307697270706625,0.45471844987919874,0.7423313047638282
626,15,X,X,D,0,0.6560331252837118,0.32670217412633784,0.4405680039901011,0.75
626,16,X,X,D,1,0.6571368264825219,0.3340959935396636,0.45817229039887053,0.75
626,17,X,Y,J,0,0.7100794545005598,0.36405218370779135,0.47731476801906375,0.7293694196925248
626,18,X,X,D,1,0.6898745178797868,0.3484734313382331,0.45263442176934476,0.7368464655158864
626,19,X,X,D,1,0.7388868629228053,0.33721625967066005,0.45282834701701036,0.7210036617533652
627,0,X,X,D,0,0.6421460040756052,0.33664280060589147,0.29877045341598,0.5147665392768612
627,1,Y,Y,J,0,0.6631821085005998,0.31720750963345573,0.30169374748070027,0.5264232031709138
627,2,X,X,D,1,0.6543187556050428,0.32631808996087747,0.3040528195539946,0.5691167400076796
627,3,X,X,D,1,0.6529088910289453,0.2809020031311972,0.2919747092239593,0.5383151912360226
627,4,X,X,D,0,0.6575353553915608,0.25861399474881414,0.31336101047761156,0.5126539810093317
627,5,X,X,D,0,0.6336833601513521,0.25,0.30990040839549693,0.5096596486617504
627,6,X,X,D,0,0.5828976356479696,0.25,0.35224655670266924,0.5365090157874852
627,7,X,X,D,1,0.6067335772931584,0.25925496783994084,0.36594440988207094,0.5628089476417659
627,8,X,X,D,1,0.6185488733168407,0.2825412680008811,0.4018818356487924,0.5378421245984697
627,9,X,X,D,1,0.6453061916104336,0.28887509219785046,0.37806020137598395,0.5561972369588164
627,10,X,X,D,0,0.6100338757763089,0.27861991950502685,0.4049319471291929,0.5415719098590677
627,11,X,X,D,1,0.6708272222627587,0.29138117688006937,0.4075139650005377,0.5511316849064266
627,12,X,X,D,0,0.6421433225529227,0.3159616162230926,0.371259336814955,0.49688926354436613
627,13,X,X,D,0,0.6216542544046721,0.2776647978568928,0.35790305723251326,0.4910878392091174
627,14,X,X,D,1,0.6281961363163551,0.29141391629194535,0.3735248391680758,0.49891478161155023
627,15,X,X,D,1,0.6175365054055536,0.25,0.34480773321937275,0.5163906897866951
627,16,X,Y,J,1,0.6368450305584065,0.25,0.3294335049904121,0.5048248804896046
627,17,X,X,D,0,0.6557548889678134,0.2901475844555179,0.3440693056829569,0.4951117885673143
627,18,X,X,D,0,0.6723481430677062,0.2777957851141748,0.3770183091917697,0.47380545878711117
627,19,X,X,D,1,0.6679014594617053,0.270961491169531,0.3676466980502565,0.4682883691284387
628,0,X,Y,J,1,0.33811644571715777,0.6202169150854521,0.5073565609279937,0.28282221376956684
628,1,Y,Y,J,0,0.3336140228112605,0.6285432326573195,0.502239094477507,0.2930487431643343
628,2,X,X,D,0,0.3283868732715257,0.6286591428458173,0.4487333902322576,0.26043220712121945
628,3,X,X,D,0,0.275849138231179,0.6020267317192035,0.456203458354269,0.25
628,4,Y,Y,J,1,0.28165473591239704,0.5856466135086342,0.4623901263149209,0.25
628,5,X,X,D,0,0.2642576958702226,0.5820242481555084,0.4658956606201182,0.2559047206230764
628,6,X,Y,J,1,0.29546331647499136,0.5650622988795917,0.5028937301715077,0.25750129994852594
628,7,X,Y,J,1,0.2970251567444402,0.556632483044561,0.5355258800808661,0.2511724327957682
628,8,X,X,D,0,0.29890873761043296,0.5682547776785631,0.555136441679595,0.2544572695175964
628,9,X,X,D,1,0.28283228919894754,0.5893482229784216,0.592302941328959,0.25
628,10,X,X,D,0,0.25,0.5739682933017689,0.6062051463836796,0.25562616458394744
628,11,X,X,D,0,0.28502852931914213,0.5989102905272233,0.5671664357256969,0.27781235669676874
628,12,X,Y,J,1,0.2860926692384659,0.6031518298738208,0.5928191641086177,0.2659268565260642
628,13,X,X,D,0,0.2713852988221102,0.5773513105116771,0.5619449619010835,0.25
628,14,X,X,D,0,0.28136513740274655,0.6054151565213172,0.507131056798569,0.2725365816111853
628,15,X,X,D,1,0.2746349362102683,0.5842842687362494,0.4557394253612572,0.25
628,16,X,X,D,0,0.3161931750085038,0.5809447211251041,0.4396524387136589,0.2746841048514099
628,17,X,Y,J,0,0.3155727446672518,0.5910824905579891,0.4196911137132957,0.26255504823340176
628,18,X,X,D,0,0.3438190125222615,0.5997433706974475,0.4053548331589134,0.2644188991857622
628,19,X,X,D,1,0.36050160334610665,0.5932038147347598,0.37926003931511276,0.27782433132244994
629,0,X,X,D,0,0.46565790055514605,0.7222915234113254,0.3332937761329098,0.6212558060858424
629,1,Y,X,F,1,0.48754823857311075,0.75,0.3017274752698577,0.5796720073259426
629,2,Y,Y,J,1,0.5049636315268154,0.7205332923316393,0.286524569256402,0.5752540856421987
629,3,Y,Y,J,0,0.5092470383318025,0.6980844367044381,0.2776989456601978,0.542066118506091
629,4,X,Y,J,1,0.49865963321093204,0.6986233790157331,0.25,0.5646472854179575
629,5,X,X,F,1,0.4623946175642185,0.710105463280246,0.25,0.5580454380788787
629,6,X,Y,J,0,0.42511180833366735,0.6985357474666736,0.25862620878016024,0.5250803027451474
629,7,X,X,F,1,0.4461021218510657,0.6744932273153745,0.2957082467101518,0.5742717165202327
629,8,X,X,F,1,0.4740609732759105,0.7165524204078628,0.3630210168398178,0.5687906118726307
629,9,X,X,F,0,0.49327982969221545,0.7391972719921649,0.3496780469738262,0.6172717991643879
629,10,X,Y,J,0,0.5121013830920926,0.7401413952220305,0.365983013992227,0.6395838731381207
629,11,X,Y,J,0,0.5330637933608432,0.7182460553373466,0.3379460968997827,0.6730802163133266
629,12,X,X,F,1,0.5662722836816642,0.6983754769097262,0.3760103963088145,0.6988918730841878
629,13,X,X,F,1,0.5926209697522681,0.73230914210337,0.3674903518014772,0.6855571268727528
629,14,X,X,F,1,0.5736951601856846,0.7071495772060264,0.3959867371162798,0.708331080171292
629,15,X,X,F,1,0.578455298647963,0.644452977672437,0.4108370702759468,0.6737987474044738
629,16,X,X,F,0,0.5052714269171756,0.64939208325634,0.4367166335298473,0.6758365349496015
629,17,X,X,F,1,0.4763428658417887,0.6632255239183226,0.45691447071635977,0.654013286962922
629,18,X,X,F,1,0.5086746296041481,0.6825594849538447,0.46894059859680387,0.6648387896998503
629,19,X,X,F,1,0.5115836859331498,0.6883965568814352,0.45045041502945066,0.65945211679258
630,0,X,X,D,0,0.413013434109547,0.3332293809109654,0.5548907166718988,0.6691248213779025
630,1,Y,Y,J,0,0.4340717870191868,0.3151938899299849,0.5533550267349492,0.6587802213401581
630,2,X,Y,J,0,0.4429930917488019,0.3212597598493331,0.5781099489576359,0.6357198284622607
630,3,X,Y,J,0,0.44947226438059235,0.3136727550101222,0.5726854818203322,0.6520355729401149
630,4,X,Y,J,0,0.4411495729983129,0.2750392128751435,0.5919410143251951,0.6394070429361485
630,5,X,X,D,0,0.43523706679523194,0.3191507722912529,0.5974335899896507,0.6368017892992509
630,6,X,X,D,1,0.4479114607684483,0.3314037945810243,0.5416392391714575,0.6318239076090574
630,7,X,X,D,0,0.44042200920338825,0.30990842621791587,0.51209857145504,0.6321824542834046
630,8,X,Y,J,1,0.43058401319369016,0.3279223993977338,0.5209695944422137,0.6079505944108496
630,9,X,X,D,0,0.43159104803857634,0.33808190145713407,0.5505157436781332,0.6252030849594478
630,10,X,X,D,1,0.4585708028685852,0.33153410925394106,0.5640181599062086,0.6125668384020659
630,11,X,X,D,1,0.4365720754185329,0.3216878328190675,0.6112130443533715,0.6755371074437251
630,12,X,X,D,0,0.44468895501431627,0.30450633231208146,0.5932399089123523,0.644158256067294
630,13,X,X,D,1,0.4240139064208449,0.34039165327215093,0.6133293812011389,0.6270389336327493
630,14,X,X,D,1,0.4201261671618194,0.3324505583326405,0.5879103993457518,0.6293380213569238
630,15,X,Y,J,0,0.41957665337379557,0.2877627804565238,0.6112939823760265,0.6606207918296167
630,16,X,Y,J,1,0.44279088367948305,0.2659545394100153,0.5841377573170118,0.7298712868748478
630,17,X,Y,J,0,0.4524188596457078,0.26907826233877313,0.5533030380863322,0.748844070706843
630,18,X,X,D,0,0.41185628607153885,0.2827851557614502,0.5455063292293798,0.75
630,19,X,X,D,0,0.3918458079047331,0.25,0.5500502821053017,0.75
631,0,X,X,D,0,0.34615489550663925,0.7271623560305647,0.36400705109878756,0.326224872534515
631,1,Y,X,F,0,0.38076166432889613,0.7175561454296618,0.3285522608585951,0.3501747517859518
631,2,X,X,D,1,0.4035047989009772,0.7421067007161062,0.2975789002894608,0.3335768209860618
631,3,X,X,D,0,0.4075503653207124,0.7113718827944048,0.2799839410977813,0.36373203555353456
631,4,X,Y,J,1,0.36612465586214815,0.6919138694956797,0.29728756222137454,0.34042668602487813
631,5,X,Y,J,1,0.3907485998607785,0.6643735557555953,0.32209784064800506,0.35435837979085877
631,6,X,Y,J,0,0.4536116949063656,0.6377995603223097,0.29278396178915495,0.3609056917607762
631,7,X,Y,J,0,0.4379081370706002,0.6622386719569207,0.25,0.3939028343490286
631,8,X,Y,J,0,0.3811719631354834,0.685245259258106,0.25,0.3781604345981371
631,9,X,X,D,0,0.45453638562464754,0.6846165238927219,0.27875314269488705,0.37229272271060754
631,10,X,X,D,1,0.44942818142811797,0.674674319682781,0.25,0.3460860780237202
631,11,X,Y,J,0,0.45033991122470207,0.6647712486370911,0.25640069682611183,0.37652183859935345
631,12,X,Y,J,0,0.47114747699295806,0.6482272115273414,0.29476102009492766,0.36812674786395344
631,13,X,X,D,0,0.4895370853870088,0.6732163997679427,0.3415028531614949,0.40875902292431104
631,14,X,X,D,0,0.46315773429737883,0.6793174282490634,0.3300739825696912,0.3872950995710197
631,15,X,Y,J,1,0.4257655918973553,0.7066132208303708,0.3214937669522466,0.3638722896130092
631,16,X,Y,J,1,0.466055460247838,0.6926938937356405,0.29813722299741274,0.40926705203565594
631,17,X,X,D,0,0.4539021557804145,0.6924332194138503,0.312415343350848,0.41531232054099604
631,18,X,Y,J,0,0.46948940092832925,0.6638326205004922,0.3322057767460298,0.398794040298477
631,19,X,X,D,1,0.4638350115458143,0.6375469784405974,0.2854902951000912,0.37753412789972934
632,0,X,X,D,0,0.31160638726833767,0.4737151716499906,0.7391730276721449,0.38299828296782024
632,1,Y,X,F,0,0.3280843783713347,0.4848066689606086,0.730329098864194,0.36605997720117883
632,2,X,X,D,1,0.3200384525763812,0.51419626897172,0.7337372426474612,0.36453610345586146
632,3,X,X,D,1,0.31760421058542293,0.5385617944122392,0.7419349831359648,0.3507557282021155
632,4,X,X,D,1,0.2913906363917728,0.5212918533712982,0.7124372675791443,0.3556064912789432
632,5,X,X,D,0,0.3176654726331102,0.5030414239964395,0.7278361342703366,0.3942570780807263
632,6,X,X,D,1,0.33987930555150747,0.5079285617517078,0.731501261533336,0.3930297019998639
632,7,X,X,D,1,0.3578223275423061,0.5049882819365271,0.7367296499470166,0.4122161508224149
632,8,X,Y,J,1,0.3752058862376652,0.5039601852991537,0.7499661052980415,0.401169838819187
632,9,X,X,D,0,0.3601647277260484,0.5383522000358566,0.7045676107248342,0.42496828991237356
632,10,X,X,D,0,0.3778402394496406,0.567000129323716,0.686394522736642,0.4336884462043181
632,11,X,X,D,0,0.3895135082663603,0.5521817404474825,0.6948848353463194,0.4575829773467239
632,12,X,X,D,1,0.3624401464534831,0.5821194626872928,0.6455948431136955,0.4913773460491278
632,13,X,X,D,1,0.3525608386496265,0.6313373922311439,0.6698953418142681,0.5257018533388049
632,14,X,X,D,0,0.3299300335019077,0.6170385545987648,0.6485508015239156,0.49489906976887493
632,15,X,X,D,0,0.3261520997895234,0.5883221852445932,0.6416027913192647,0.4860718813056085
632,16,X,X,D,0,0.34071693171926803,0.6132560419626261,0.6417010700107116,0.48951851419588827
632,17,X,Y,J,1,0.31920779372457425,0.6041422010163617,0.6189862768604194,0.5434636927761363
632,18,X,X,D,1,0.300924906116522,0.6412643253107946,0.6676083742925639,0.5596856510191662
632,19,X,X,D,1,0.31121346741777867,0.637555873843595,0.6569596836445462,0.5249333634249632
633,0,X,Y,J,0,0.2503383004819553,0.27345500764919844,0.607114090589252,0.5229426273734632
633,1,Y,Y,J,0,0.25,0.34590752867715857,0.5917170630556983,0.531747511530807
633,2,X,X,D,0,0.25,0.31756234560027446,0.5508088228776542,0.5051654758679064
633,3,X,Y,J,1,0.25,0.30126341255467975,0.5477574550119759,0.4639923574231624
633,4,X,X,D,0,0.25,0.308012681961978,0.5450806442329588,0.4735170573000518
633,5,X,Y,J,1,0.26149888894125756,0.33656721966446224,0.5518687775571249,0.48868342849859087
633,6,X,X,D,0,0.27735204536211155,0.3562939510101564,0.5229941583036706,0.5527214413065622
633,7,X,X,D,0,0.25,0.32158039893863966,0.5270836572532526,0.5501673095900699
633,8,X,X,D,0,0.25,0.3125860542396475,0.5104538415822897,0.5761859914490615
633,9,Y,X,D,0,0.2514969653466616,0.32764360064011483,0.529685095087559,0.5984852618418952
633,10,X,Y,J,1,0.25,0.3298964947630451,0.5432736589852567,0.5894443918946277
633,11,X,Y,J,1,0.2508467601298727,0.35529669656557644,0.5375513698565001,0.5736082020201505
633,12,X,X,D,1,0.2702739511868364,0.3843051130018964,0.5695184084607346,0.5674321819193728
633,13,X,X,D,1,0.27467558756005966,0.35780620956914294,0.5653218511812432,0.5209718122434494
633,14,X,Y,J,1,0.25,0.3265493164760544,0.604292253401909,0.48003434130759315
633,15,X,X,D,0,0.26532107660377263,0.34375911805358733,0.6220253371261985,0.4452438720379706
633,16,X,X,D,0,0.25,0.33898249256211027,0.6350267122933749,0.4558051274959964
633,17,X,X,D,0,0.253760496346262,0.3645028312936122,0.6357598647905212,0.47404334505719625
633,18,X,X,D,0,0.25,0.42976823642603323,0.6618741332261904,0.4320664210998687
633,19,X,X,D,0,0.25,0.47426446393072286,0.6927586820932105,0.3779314242770015
634,0,X,X,D,1,0.7354304005758463,0.7460667979196034,0.3827045392930161,0.5125608367826051
634,1,Y,Y,J,1,0.7460735607634587,0.7431807972713729,0.3739419681690732,0.5473310137753007
634,2,X,Y,J,0,0.7369201055393718,0.75,0.3590632009465324,0.5578915539812653
634,3,X,X,D,1,0.7024301297337394,0.75,0.3618795280917638,0.5531661130906608
634,4,X,X,D,1,0.6958503055760086,0.7404024087919511,0.33417804252122724,0.5559268361500919
634,5,X,Y,J,0,0.6991589548857451,0.7227779496898082,0.3462772478579707,0.5551116855083835
634,6,X,X,D,1,0.729354143765304,0.75,0.31849137022668206,0.5344323728831208
634,7,X,X,D,0,0.726596882353279,0.7460102595779197,0.32104897471818017,0.5336237835235456
634,8,X,X,D,1,0.6994313551707396,0.7101101025207651,0.3169663912628274,0.5038958839894143
634,9,X,X,D,0,0.7020717275660493,0.7110675898719762,0.31869647774535254,0.4846427037656649
634,10,X,X,D,1,0.6963004090807483,0.7145213025451694,0.3427025758358209,0.5095795362561129
634,11,X,X,D,1,0.6927460947594445,0.6724123488016138,0.31897841267383886,0.4860883013624519
634,12,X,Y,J,0,0.712746177814864,0.7051560686019421,0.35270103434134903,0.46992182475269517
634,13,X,X,D,1,0.7393149414999705,0.63777789535329,0.36336957577941814,0.47206201137544057
634,14,X,X,D,1,0.6898591048909688,0.6174194061039119,0.4094427442285324,0.4544329375688453
634,15,X,X,D,1,0.691149272441077,0.6291564342575008,0.4052133819446759,0.4831451343576022
634,16,X,X,D,1,0.6570320511884844,0.621994843391132,0.4077454427034421,0.49941182944911094
634,17,X,Y,J,0,0.6205286976889393,0.6135654179955256,0.39957656539176634,0.5229026463137638
634,18,X,Y,J,0,0.6123820316969957,0.6011702755934564,0.3611103058081719,0.5400737212293931
634,19,X,X,D,1,0.6304287087496075,0.5944202173308499,0.3578422341735648,0.5359372487262744
635,0,X,Y,J,0,0.2741701464285768,0.46236148392691323,0.2911102215141221,0.5243661049323817
635,1,Y,Y,J,0,0.25,0.46606247889820346,0.31090368747465613,0.5460015665162363
635,2,X,X,D,1,0.2616723421083662,0.5109832943073834,0.27305303256473346,0.5262253234439416
635,3,X,X,D,0,0.27484510272114915,0.5353914394419476,0.28262443592533215,0.49629353539763427
635,4,X,Y,J,0,0.25,0.5695590748155348,0.26461020976901006,0.48033978626194135
635,5,X,X,D,0,0.25,0.611696296139352,0.2513826936553502,0.4707173157833003
635,6,X,X,D,1,0.27066563946462874,0.6160667299429504,0.25,0.48102560856939525
635,7,X,X,D,0,0.25,0.5856609294128122,0.25,0.4760334073459605
635,8,X,X,D,0,0.25601469614085304,0.606472153352544,0.26735314692319956,0.47694357261013065
635,9,X,Y,J,1,0.28136162472828713,0.6289541855674374,0.25,0.4647416607175032
635,10,X,Y,J,0,0.264254224125378,0.605947201043533,0.25,0.49434116726614913
635,11,X,X,D,1,0.26316738709110515,0.5531809024042426,0.25,0.49752313470036696
635,12,X,X,D,0,0.26754767387134176,0.5020248408226274,0.25,0.4634973108875601
635,13,X,Y,J,0,0.295403238155038,0.5195850695998067,0.25813073127456077,0.45438312287286525
635,14,X,X,D,1,0.31549877334052007,0.5447829875952532,0.25,0.42647665193286977
635,15,X,Y,J,1,0.2998567356324604,0.557593808536569,0.2502671401177584,0.4232909491365139
635,16,X,X,D,1,0.26911455544255103,0.564590268520854,0.25,0.4374072945604397
635,17,X,Y,J,0,0.25,0.5830320166118216,0.25,0.4596307698496099
635,18,X,X,D,1,0.25,0.6043510926298918,0.25,0.4400420687124097
635,19,X,X,D,0,0.25,0.6244234575729761,0.25,0.45609005015762805
636,0,X,Y,J,1,0.7377605840834502,0.42874974928056264,0.642596503286043,0.3043127435508184
636,1,Y,Y,J,1,0.7269845124101258,0.44634714378599427,0.6438657422295153,0.268190961146805
636,2,X,Y,J,1,0.7165215453737745,0.42427213467500796,0.6263426957619922,0.2864338816304696
636,3,X,X,D,1,0.7058463875860124,0.41734591461671305,0.6308221913337627,0.2774483318028622
636,4,X,X,D,1,0.7414708315739411,0.44852624487361203,0.6286159399392954,0.25
636,5,X,Y,J,0,0.7291074409028553,0.3981615227439816,0.5906393055806684,0.2539614770625098
636,6,X,X,D,1,0.7357448239058643,0.3740442328827316,0.6249509459571343,0.2865383147586266
636,7,X,X,D,0,0.6553709496637433,0.4061258544017312,0.6617996343044882,0.27145859189397387
636,8,X,Y,J,1,0.6313634845741346,0.3629395404521787,0.6638629135255494,0.31226500589875456
636,9,X,X,D,0,0.6307437249153087,0.3460279234736913,0.6635701085042298,0.3249004253871203
636,10,X,X,D,1,0.6581010133359907,0.36177358771801216,0.6758388533207462,0.3073418087606076
636,11,X,X,D,0,0.6416156256951636,0.3367577241388607,0.6812440107536544,0.28097007259417583
636,12,X,X,D,0,0.6140692453629856,0.3426521002028084,0.7039686509985614,0.30628869657687186
636,13,X,X,D,1,0.6382536215919468,0.36921789487561424,0.710853751858122,0.292242787418296
636,14,X,X,D,0,0.6360312069428399,0.32939044731842954,0.6938925972695733,0.25
636,15,X,X,D,0,0.6104744500869965,0.30365245570249416,0.6779996496890974,0.2753246877206786
636,16,X,X,D,1,0.5727656283249207,0.3052471691598721,0.6654275154612621,0.2661567504461366
636,17,X,X,D,1,0.5822452723123025,0.28449066271653467,0.6549259184775739,0.2629173444630128
636,18,X,X,D,0,0.5817170036161979,0.2615149971182925,0.6785793451319366,0.28151925683021967
636,19,X,X,D,1,0.5864530268773192,0.250319961684248,0.7143125172731217,0.2891123661508037
637,0,X,Y,J,0,0.6811232201747699,0.27785878246581824,0.46706371251820566,0.4921869619233617
637,1,Y,Y,J,0,0.6596105109213323,0.27391103996044264,0.4521022219797055,0.46390397668718764
637,2,X,X,D,0,0.6368080295468783,0.2743357175870319,0.44347937036226115,0.4515111393840892
637,3,X,Y,J,0,0.6772912272694658,0.2939335197344921,0.4378458521158857,0.46325837474785236
637,4,X,X,D,0,0.6531868689375977,0.31921779192765304,0.48515229109251945,0.4979444147964837
637,5,X,X,D,0,0.635061616983765,0.28225077283222544,0.5015890291606059,0.4876738790091057
637,6,X,X,D,1,0.6652790349077186,0.2789079985726692,0.5029678815434542,0.4828974337812098
637,7,X,X,D,1,0.6609792599567452,0.2809236957941561,0.5092988524972244,0.46887328223971203
637,8,X,X,D,1,0.7009428297608468,0.2884621827918976,0.5214740690276908,0.4539272524632901
637,9,X,X,D,1,0.6757228430313965,0.2633314010184617,0.5183327906186036,0.4622290643253861
637,10,X,X,D,0,0.6197756808886035,0.2888450877502229,0.551066935615247,0.45596193845113436
637,11,X,X,D,1,0.6358126156354444,0.3027729446571242,0.5525696865192188,0.4667220192680093
637,12,X,Y,J,1,0.6242393369169208,0.3280601446603633,0.5091282677374125,0.44864305284894435
637,13,X,X,D,1,0.611301633260641,0.3403674660791916,0.4688510733966219,0.4417272628235605
637,14,X,X,D,1,0.5925014123439015,0.37063781545125657,0.4859774505120067,0.44050103911777777
637,15,X,Y,J,1,0.5446008269939832,0.3457169804694318,0.47612633294552936,0.4514586415701491
637,16,X,X,D,0,0.5382414658062576,0.3370321735913801,0.4433438924084926,0.4860012222977377
637,17,X,Y,J,1,0.5003281419252168,0.3315882228697057,0.44990859485933343,0.45555232011835217
637,18,X,Y,J,1,0.4716583074832911,0.3388208809800148,0.507530837564525,0.4333391654074585
637,19,X,X,D,1,0.49792834758197085,0.3732122071221291,0.5240490419453824,0.456199306137167
638,0,X,X,D,0,0.3233412677722626,0.6780369948063327,0.7042074248134358,0.5195990123360115
638,1,Y,Y,J,1,0.34501174609369656,0.7275328796608428,0.75,0.4948589434193162
638,2,Y,X,D,0,0.3834646537984217,0.7368188536745761,0.7372369043211777,0.5048686264908613
638,3,Y,Y,J,0,0.3784644811182801,0.7355582641274492,0.75,0.4907790493374889
638,4,Y,Y,J,1,0.39406804336905105,0.7004866579944045,0.7444337849745982,0.4928015195606865
638,5,Y,Y,J,1,0.4107176470935433,0.7112866704703369,0.75,0.45241714992746784
638,6,Y,Y,J,1,0.42367246602315556,0.6974935876596039,0.75,0.5345592327104428
638,7,Y,X,D,1,0.43006949463091404,0.6993499358603139,0.75,0.519623832742108
638,8,Y,Y,J,1,0.4536429403068476,0.7060196971037985,0.75,0.5518013870336006
638,9,Y,Y,J,1,0.47237970763355275,0.6963478738986245,0.7098954902902342,0.5568590158000638
638,10,Y,X,D,1,0.49149110291943404,0.6926144213201971,0.7204160322611636,0.5750639865260297
638,11,Y,Y,J,1,0.456383634691168,0.7383128395355509,0.75,0.5730386443231961
638,12,Y,X,D,1,0.43962214071417527,0.7147593295708439,0.75,0.5482876716751057
638,13,Y,Y,J,1,0.4152602239960871,0.7468207572941034,0.7404152518800706,0.5932526811312263
638,14,Y,X,D,0,0.3875454551098445,0.7220676353417915,0.7156384993553951,0.5443800894120766
638,15,Y,Y,J,0,0.4016320122793813,0.6995573886181919,0.6572648393242511,0.5467778339585602
638,16,Y,X,D,0,0.36865670484482155,0.6876118600951647,0.6881731101743227,0.5871953487608306
638,17,Y,Y,J,1,0.40070296810967765,0.6426610116829093,0.7285724169079474,0.5531393634142818
638,18,Y,Y,J,1,0.42775895786474355,0.6659674511438161,0.75,0.5715932697907279
638,19,Y,Y,J,0,0.4485939378746374,0.6869245855725186,0.75,0.5366083959674266
639,0,X,X,D,1,0.673722894679331,0.5118822758933775,0.44140302564313544,0.6527172709987308
639,1,Y,Y,J,1,0.6272839277514854,0.4908496777825355,0.447961224456571,0.6316116520158922
639,2,X,Y,J,0,0.6388664993962937,0.5118371531792327,0.48486861996226505,0.5943195899568323
639,3,X,X,D,0,0.6609668220294973,0.516137696672021,0.5001419234294409,0.5259140188106315
639,4,X,Y,J,1,0.6541435992447616,0.5469713163879371,0.5077572299713733,0.5325608284352665
639,5,X,X,D,0,0.6597029116105413,0.5636926794963918,0.5121437146657095,0.5304474489735443
639,6,X,Y,J,0,0.6311433725302734,0.5570310397307779,0.4866923244435026,0.5252384351981793
639,7,X,X,D,0,0.5979362920683793,0.5302467558855086,0.49987321658704353,0.5291337089763947
639,8,X,X,D,1,0.6153855757062691,0.5538293526373144,0.49550544233517296,0.4924281771022349
639,9,X,Y,J,0,0.6238358504101266,0.587639129212693,0.4575759000177019,0.5166891053952368
639,10,X,X,D,0,0.6197508746878002,0.606668245883062,0.46041848002334484,0.5217302890254231
639,11,X,X,D,1,0.5990273005763437,0.634870679901032,0.5062922132803296,0.5516070503725217
639,12,X,X,D,1,0.5498746099131253,0.6360004587508329,0.5061590754737437,0.5741505931492673
639,13,X,X,D,0,0.5756131262477645,0.6790001678992268,0.5273333402301817,0.5383289428919686
639,14,X,X,D,1,0.5717747066741692,0.6688129099757283,0.5492452090435027,0.5479471401227534
639,15,X,X,D,1,0.5701436047095371,0.6889877554364284,0.5080814472858487,0.5505757624503775
639,16,X,X,D,0,0.5704234996216446,0.7238082990840182,0.4992040714767132,0.5287750685109884
639,17,X,Y,J,1,0.5914024966200241,0.736377844240863,0.4388192610041159,0.49792922640171
639,18,X,X,D,0,0.603837365228171,0.725445311374643,0.46308485036157343,0.5066489295674123
639,19,X,Y,J,0,0.6201576129809374,0.7330696004996086,0.46252644601554,0.5252887182945372
640,0,X,X,D,1,0.4945763525014734,0.37698480041194915,0.5710502502410737,0.6789886909104319
640,1,Y,Y,J,1,0.46011719507489307,0.35341611369813625,0.5666678604305426,0.6812808374714232
640,2,X,X,D,0,0.42859839970483044,0.3993236065932752,0.5724629561115406,0.6806845025389607
640,3,X,X,D,0,0.4261068349960391,0.431669478036061,0.5372151174389159,0.6991200860112128
640,4,X,Y,J,0,0.38289363339402127,0.4145523051371619,0.5308929176654573,0.6516885922585469
640,5,X,Y,J,0,0.3823250773544329,0.42112025796200764,0.5795842385884085,0.6141963045130304
640,6,X,X,D,1,0.3932508440675593,0.4340160078988104,0.6199122600263575,0.6316129717259303
640,7,X,X,D,1,0.4099120348781569,0.4350784125129159,0.6572856124253935,0.6593037847105785
640,8,X,X,D,1,0.35855287870585817,0.4750507966853519,0.6407095453283818,0.656285026961201
640,9,X,Y,J,1,0.3691776311309275,0.48491336559787523,0.63037031705673,0.6456510317161365
640,10,X,X,D,0,0.3859845041466827,0.5204128309571872,0.6044704525252675,0.6897558851572453
640,11,X,X,D,0,0.3918527402357929,0.5051674468407183,0.581912330720216,0.7049481073783864
640,12,X,Y,J,1,0.4094808359808803,0.48584080327598345,0.6399023049588857,0.6946343480105871
640,13,X,X,D,1,0.4380738342028738,0.4682555293698866,0.6520368461273208,0.7118571314828852
640,14,X,Y,J,1,0.44066720862573966,0.47165905318548207,0.6460096794769569,0.7376642527629732
640,15,X,X,D,0,0.44465112389172884,0.47839894235684477,0.6417086132759451,0.7186810388573396
640,16,X,X,D,0,0.44571029372660054,0.46826250670981584,0.5950900331780848,0.75
640,17,X,X,D,0,0.45378832676099506,0.4481981587723185,0.59030496669863,0.724086267647887
640,18,X,X,D,1,0.4706413823071985,0.45948254970245017,0.5495353935562393,0.75
640,19,X,Y,J,0,0.43067088859181246,0.4861698662999175,0.5543867599415366,0.7256216729754231
641,0,X,X,D,1,0.5335886717292713,0.26337607516921757,0.49541420271172565,0.41878927968409346
641,1,Y,Y,J,1,0.5179270418139409,0.25154395578347,0.48414375445324276,0.3877598223985488
641,2,X,X,D,1,0.518726647562178,0.2981956698437569,0.4286146444540982,0.3902771454584744
641,3,X,X,D,1,0.5384788518019876,0.33005238047369356,0.4533714577271169,0.40680333658147405
641,4,X,X,D,0,0.5017082226779462,0.2935913401325143,0.44064961097448474,0.3607835173974825
641,5,X,X,D,1,0.543645120548736,0.3305766447879402,0.4506352451180072,0.35126676507952115
641,6,X,X,D,1,0.535311439955017,0.35584079597079393,0.4532987928610983,0.3703186153141218
641,7,X,Y,J,0,0.552330239210581,0.3372420546974127,0.47416671000611477,0.3488538610873674
641,8,X,X,D,1,0.5937710117286674,0.3919921830678079,0.5243982212216598,0.346160386679075
641,9,X,X,D,1,0.6189717272491938,0.410131991130877,0.5323413728469788,0.34950750767709166
641,10,X,Y,J,1,0.6308382852556621,0.41992329078502777,0.5163547512032783,0.38673460489875305
641,11,X,X,D,1,0.6275994124296295,0.4285493621276429,0.538256166211314,0.3969060269835982
641,12,X,X,D,1,0.6458653542337668,0.46839832226892597,0.5458633549293805,0.3578751047499099
641,13,X,X,D,1,0.6733039548403567,0.5322775238506016,0.5182909608128773,0.36036888241622494
641,14,X,X,D,0,0.6864272476412773,0.5333203765355471,0.5131835629155441,0.416672637302717
641,15,X,X,D,0,0.6466953306575365,0.555408063257888,0.4934469768854731,0.3561943651690027
641,16,X,X,D,1,0.6566358486843665,0.5113521275334691,0.5393417221329515,0.35934457855904695
641,17,X,X,D,0,0.6914839238083382,0.5276817507026297,0.5396941571432189,0.35543568512863793
641,18,X,X,D,1,0.6563989716016356,0.537281551483367,0.5608840389928316,0.34799211777347494
641,19,X,X,D,0,0.65907100590204,0.5572540854460195,0.541228335697741,0.34267025905423776
642,0,X,X,D,1,0.6905700692598358,0.3972607542353026,0.4203840970299082,0.3463824532624688
642,1,Y,Y,J,0,0.7230662832791555,0.3942760580060913,0.45371552385812947,0.32853669562164517
642,2,X,X,D,1,0.7310774835070674,0.35994976905907816,0.507697859416238,0.298733898307532
642,3,X,X,D,1,0.7194603495766988,0.38515732202998526,0.5487636348710899,0.28879885553773754
642,4,X,Y,J,1,0.7282176240572318,0.37537697555394595,0.6023836907048513,0.25
642,5,X,X,D,1,0.7078129708679954,0.40664986020501726,0.6253808739166337,0.25
642,6,X,X,D,1,0.6878489475895831,0.365838861546455,0.6710580779991127,0.25296035004918804
642,7,X,X,D,1,0.6178877202108446,0.38521692351233106,0.7474391510783189,0.28175900315427466
642,8,X,X,D,0,0.5829769190023908,0.3882675096832229,0.6902823055896742,0.25
642,9,X,Y,J,1,0.6116416646089499,0.4211666243545379,0.6963295162104731,0.2526169294772739
642,10,X,Y,J,0,0.5725441315901386,0.39588478169601415,0.75,0.25
642,11,X,Y,J,1,0.6001075312602911,0.40514306392333194,0.7331995986266435,0.25
642,12,X,X,D,0,0.6379742139554851,0.39403089951761516,0.7276991169277072,0.25
642,13,X,Y,J,1,0.657191010512472,0.4622621555108645,0.6788506754859313,0.25
642,14,X,X,D,1,0.6642434701459821,0.47161528745539444,0.7004087097979393,0.2522121279602072
642,15,X,X,D,1,0.6413780956651173,0.448762658844432,0.6485402329221416,0.2725785076500092
642,16,X,Y,J,1,0.6350985584823206,0.4566503203242517,0.6322311590689016,0.27427512918218006
642,17,X,Y,J,1,0.6808662327787447,0.47627571146999087,0.6350621023796543,0.3221320851311309
642,18,X,X,D,0,0.6545295602921573,0.48991198403574543,0.6226848811875231,0.2929798817441005
642,19,X,Y,J,0,0.638249859549295,0.5021410253734204,0.6448077543530893,0.2799890230044717
643,0,X,X,D,0,0.48069485773888565,0.25408276357796894,0.6563176169425402,0.6706916561838248
643,1,Y,Y,J,1,0.4756481571210197,0.25,0.6636327173059337,0.6311499274782182
643,2,Y,Y,J,1,0.4503930453533617,0.2600826848113869,0.6817987677116087,0.5984312181579674
643,3,Y,Y,J,1,0.4487197180795253,0.25,0.6491153671078905,0.6139972618852582
643,4,Y,Y,J,1,0.3967422524398973,0.28603748933101736,0.6497741330244816,0.6337422750834893
643,5,Y,X,D,0,0.44026877862949076,0.2679711339399202,0.6597284090910861,0.6323895368672077
643,6,Y,Y,J,1,0.4522607913036042,0.25,0.6876833943113345,0.632352391582715
643,7,Y,X,D,1,0.43499570301845863,0.25,0.6696884950465554,0.6504363361235166
643,8,Y,Y,J,1,0.4344972519686549,0.25310767940850964,0.6680015122518662,0.7011879071946696
643,9,Y,Y,J,1,0.45742408210521246,0.26020358832534224,0.6997532561894833,0.6487693963649352
643,10,Y,Y,J,0,0.46466885455346474,0.26080024849002104,0.6845635514951846,0.6182424759542884
643,11,Y,Y,J,1,0.48288417573648595,0.2561186000187074,0.6890086559396289,0.644472646509124
643,12,Y,Y,J,1,0.4974014069111501,0.2943377710691293,0.6805519829784881,0.6359272034574465
643,13,Y,Y,J,1,0.5187027175945232,0.32412084126550783,0.6736260686360912,0.6634267782910699
643,14,Y,Y,J,1,0.5193461769791082,0.3245119385250212,0.6540607200399493,0.6804254157235735
643,15,Y,Y,J,1,0.5240249390672698,0.32830140809690633,0.6400768477802781,0.7051634567284523
643,16,Y,Y,J,0,0.5160763720924403,0.29300392235871464,0.6212518948200858,0.668434970534203
643,17,Y,X,D,1,0.5121352957191501,0.2863013237041363,0.6073299660202794,0.633870100380814
643,18,Y,X,D,1,0.5280959640315687,0.2643987080688033,0.6517006442027659,0.6200123582241575
643,19,Y,Y,J,1,0.5449225154335577,0.26176402045003405,0.6773448912421125,0.5935288736872218
644,0,X,X,D,1,0.5948576492930312,0.6293146718213567,0.6434655138514,0.43699779034637387
644,1,Y,X,D,1,0.5904279122553289,0.5928275746055499,0.6684281552260014,0.4401277288390799
644,2,X,Y,J,1,0.5785381032658503,0.5886615461429431,0.6531813775295475,0.4823641919866254
644,3,X,Y,J,1,0.6057685434081602,0.6013378180705458,0.6455335284816962,0.4777197755610695
644,4,X,X,D,1,0.6355162460050195,0.6397600123739277,0.6490116995417592,0.48157220126639005
644,5,X,Y,J,0,0.6429926909724366,0.6034646019266738,0.6349577554168607,0.46628417124647453
644,6,X,X,D,0,0.6573449563153299,0.6049718881358342,0.6612918018395381,0.43578797363800204
644,7,X,X,D,1,0.7048522558504916,0.5688267562491709,0.6491626631639692,0.45144592558411084
644,8,X,X,D,1,0.710687827478312,0.5561817939763075,0.6667766322604036,0.4719648956625883
644,9,X,X,D,0,0.7276673692151958,0.5543548139334441,0.6524117617374011,0.46139397431479895
644,10,X,Y,J,0,0.7109605024895157,0.5802275434191029,0.6275268278905424,0.4843793114813754
644,11,X,X,D,1,0.7060049195361272,0.5881294728738227,0.6234038701439413,0.5138704957713336
644,12,X,Y,J,1,0.6842336063734471,0.5517716577649728,0.6414553322337853,0.5310304483264622
644,13,X,X,D,1,0.6824033010015474,0.5029421310502581,0.6591701671865885,0.5164426483711049
644,14,X,X,D,1,0.6953915957099803,0.4919488956509324,0.6585824556469659,0.5470608428320826
644,15,X,X,D,0,0.6954555560357205,0.47398783988983845,0.6254223269894149,0.543387034619128
644,16,X,X,D,1,0.7109125184472858,0.4623992119061562,0.588070063748211,0.5307632434095074
644,17,X,Y,J,1,0.7374281801123276,0.4537643305629941,0.6016270339534141,0.531011982965591
644,18,X,X,D,1,0.75,0.5046238796582005,0.591024709819217,0.5091558210045202
644,19,X,X,D,1,0.75,0.4783338499768224,0.6261422309558147,0.5239699372547788
645,0,X,X,D,1,0.4892827729154911,0.6642088210344057,0.5728290925114129,0.6956151930869012
645,1,Y,Y,J,1,0.5022708320837336,0.6893409533702554,0.5948421562582068,0.691902426495291
645,2,X,X,D,1,0.5012579384693807,0.6943268130384022,0.5767089791354736,0.6764430338519247
645,3,X,X,D,0,0.48901060149789344,0.6969187963805953,0.5572223954063648,0.681890707404108
645,4,X,X,D,0,0.4860442036897649,0.6966071849590586,0.5637713572010122,0.6438566898469307
645,5,X,X,D,0,0.45898032749563566,0.7230678681159091,0.5577220184197137,0.630566240043545
645,6,X,X,D,0,0.4593564892493534,0.7022424898226192,0.5885240569679883,0.6271192886085668
645,7,X,X,D,1,0.48724297319157156,0.6531688378992311,0.5683626261439552,0.6342146446632317
645,8,X,Y,J,1,0.46600361620288683,0.6620083554666124,0.5491611167631727,0.6366642836907876
645,9,X,X,D,1,0.44731268754018727,0.6711592504259045,0.5381075595697268,0.6508146518967267
645,10,X,X,D,1,0.44630071931719917,0.6607573092223847,0.5376948548390739,0.6217223509324215
645,11,X,Y,J,0,0.4433881528654102,0.6679219149371772,0.5400671067772777,0.5907080054395732
645,12,X,X,D,1,0.4303139218948315,0.6675086493916741,0.5361710868391723,0.5763585678376365
645,13,X,X,D,0,0.4526258084250287,0.6617708653540371,0.5386294767851925,0.5970710402535648
645,14,X,X,D,1,0.42239350791250996,0.6576129103975304,0.5381787377444223,0.6033473665055366
645,15,X,X,D,0,0.39805527053248746,0.680777377255924,0.5006789717305125,0.5714150395941096
645,16,X,X,D,0,0.4030910820058376,0.7364150342617498,0.519568155396036,0.5651476275892535
645,17,X,Y,J,1,0.3608157079417295,0.7213745867731697,0.5093370925391282,0.5689178582969516
645,18,X,Y,J,0,0.3926021716236219,0.75,0.5343764730386371,0.559730693485361
645,19,X,X,D,0,0.36142328566766807,0.75,0.5207911070096555,0.5638641371269987
646,0,X,X,D,0,0.4719901796816593,0.6433500066255027,0.2559935076476356,0.31616484198420564
646,1,Y,X,F,1,0.5312148677939575,0.6518739486401606,0.2892421193022029,0.3522374672763222
646,2,Y,Y,J,0,0.5192632247148762,0.6031738925997288,0.2903397614909818,0.33560837640021396
646,3,X,X,F,1,0.5103244175861201,0.6007129234443156,0.28901445475237564,0.3827795843506393
646,4,X,X,F,1,0.4983756939614079,0.6360792329151183,0.2971943292710633,0.3673203192613459
646,5,X,Y,J,1,0.5131150079633817,0.6309799705040525,0.3196097048270769,0.37652432471427844
646,6,X,X,F,1,0.5431258999698577,0.6144050343466939,0.33377556175484724,0.3392372072322523
646,7,X,X,F,1,0.5435346252387994,0.6391382101246633,0.3189164451093107,0.3429571847966155
646,8,X,Y,J,0,0.5769595083092184,0.6087455484142728,0.34020950987444765,0.33196391999077485
646,9,X,X,F,1,0.5475044474504981,0.6302534602735428,0.36021351783065464,0.3320853732496367
646,10,X,X,F,0,0.6167822825829278,0.603629535273295,0.3767703816513431,0.40221711219718215
646,11,X,Y,J,0,0.6209038107072504,0.6132893464590013,0.3286183775402244,0.39601547882679256
646,12,X,Y,J,1,0.6223835888280359,0.5858166082450464,0.31777908422208906,0.39632069859766283
646,13,X,Y,J,1,0.5869071430881748,0.6086337193213688,0.3005630513263813,0.42484063906540503
646,14,X,X,F,1,0.6115025969766111,0.5951436542967963,0.2814363307929431,0.4255159730867425
646,15,X,X,F,1,0.5950070059928708,0.5865989845862093,0.3469061409156394,0.45206633145059283
646,16,X,X,F,0,0.6172386277576168,0.5858767010506372,0.3369532279199263,0.41439256637359234
646,17,X,Y,J,0,0.6021085295209344,0.6188948072757987,0.3093725940317476,0.4269370307145275
646,18,X,Y,J,0,0.5800781181625055,0.6076900401570818,0.2701500700138796,0.46109337325570166
646,19,X,X,F,1,0.5712295406371468,0.610163924022349,0.2844560919433816,0.49862293112361666
647,0,X,X,D,1,0.7116386510333412,0.6512399108637803,0.6895045179814128,0.5993223143474905
647,1,Y,Y,J,1,0.7399855877934103,0.6249319212353213,0.7143428043262183,0.6086105986681725
647,2,X,Y,J,0,0.7269106153281862,0.6526720171316341,0.7233258139297736,0.5866578426771251
647,3,X,X,D,1,0.6902429453214094,0.6363135184754566,0.7018219519985935,0.6338764749556031
647,4,X,X,D,1,0.6680360462165298,0.6132488665727523,0.7147215059573314,0.6821281033115589
647,5,X,X,D,0,0.6881110982501615,0.5904077504771964,0.7251229043739535,0.6474963701243469
647,6,X,X,D,1,0.6992189448967885,0.5457457039242439,0.7230275761681606,0.646455168505359
647,7,X,Y,J,1,0.6582863406062966,0.5639806687557826,0.7248301028185956,0.6268876385379609
647,8,X,X,D,0,0.639062305127935,0.5929047334874954,0.7418397461654337,0.6357089870672756
647,9,X,Y,J,0,0.6346038011520763,0.5983158188974093,0.735673084025595,0.6000479552007402
647,10,X,X,D,1,0.6199618760764508,0.6084197718377712,0.75,0.5964143724957267
647,11,X,X,D,1,0.6300413807135309,0.5313861178953044,0.75,0.5999237150815527
647,12,X,Y,J,1,0.6242212492767206,0.5678894617074899,0.7306813958872986,0.5800692236784234
647,13,X,Y,J,1,0.6662685117550337,0.5738901735991709,0.743622930801205,0.5780089498255165
647,14,X,X,D,1,0.6710841388991061,0.549585618871387,0.7417622849635482,0.5592838341772363
647,15,X,X,D,0,0.6868149301119945,0.5380059988946146,0.7086369711819707,0.5580581300735129
647,16,X,X,D,1,0.6674623664812822,0.5185177133348157,0.75,0.5432778389595415
647,17,X,Y,J,1,0.6760041952873516,0.523807635119802,0.7122143994600736,0.5541940723479699
647,18,X,X,D,1,0.7089458303502028,0.47858699620810763,0.7277849462926212,0.55393602166129
647,19,X,X,D,0,0.7454255505658116,0.514248514865614,0.6838783676063148,0.5592677995157231
648,0,X,Y,J,0,0.6504523540453901,0.4110773742788094,0.2586564432049306,0.3573275123035394
648,1,Y,Y,J,1,0.6531397406541946,0.44121629577877186,0.300834610856474,0.36634517255860544
648,2,Y,Y,J,0,0.6599881399184302,0.41779054504474955,0.3286320957963003,0.4176023507598501
648,3,Y,X,D,1,0.6310790258647234,0.3763451685775276,0.341092441872828,0.41384098732088964
648,4,Y,X,D,1,0.5920284455048681,0.3502782520933243,0.3879149768647234,0.40685309314805845
648,5,X,X,D,1,0.5559327237522314,0.3772451462286094,0.38009976826401853,0.443743760868864
648,6,X,X,D,1,0.5885371815474735,0.33264102489918035,0.3751986530406139,0.39564786660494294
648,7,X,X,D,1,0.6098875244285258,0.3449163790622157,0.3539374779983843,0.39203160599124737
648,8,X,X,D,1,0.6371988438644748,0.3413045350152522,0.3460702362437135,0.3998612837194467
648,9,X,X,D,1,0.6549891116274189,0.38155816463587644,0.30696170153477276,0.4045216421912432
648,10,X,X,D,1,0.6630795711551077,0.33227288172416963,0.27872353076320777,0.37466166601597084
648,11,X,X,D,1,0.6465712009773409,0.375187621768859,0.282618800428017,0.35931434062248596
648,12,X,X,D,0,0.6616744544098895,0.3449979990165499,0.25,0.34043186273579995
648,13,X,X,D,0,0.668002316117997,0.31945853586390976,0.25,0.3446203891708276
648,14,X,X,D,0,0.7031401075286563,0.3003004611455439,0.2713846827521485,0.3512012075713329
648,15,X,X,D,0,0.6914895926302453,0.27945347117567754,0.25,0.39329613108471334
648,16,X,X,D,1,0.7196410104232086,0.27484980748663346,0.25,0.4239658687016819
648,17,X,Y,J,0,0.6762387697186704,0.25391568120767016,0.25,0.45020362184874946
648,18,X,X,D,1,0.6603861822919497,0.26093051979025683,0.2835603050943766,0.44068997727534875
648,19,X,X,D,1,0.6572750323797718,0.25,0.28805974740186585,0.4225154481684207
649,0,X,X,D,1,0.5780709779538704,0.38135717076151265,0.6263941300734563,0.7215069599664365
649,1,Y,X,D,0,0.5866986643100088,0.4182032906297219,0.6589812868403067,0.7474343045361491
649,2,X,X,D,0,0.5445080125141195,0.40857627382845785,0.6816144478526855,0.75
649,3,Y,X,D,1,0.517185199855768,0.438967264541057,0.6901510660224156,0.7478745819900632
649,4,X,X,D,0,0.5167183367392378,0.3968052444952181,0.6782815103462889,0.75
649,5,X,X,D,1,0.5264847974913807,0.40004160163554825,0.6677273828228345,0.7270675158560179
649,6,X,X,D,1,0.5345480212612971,0.40553754140947457,0.7129457815505487,0.6855339542488252
649,7,X,X,D,1,0.5204196334988532,0.3994947484308725,0.6904918029013323,0.6767447173597768
649,8,X,X,D,1,0.5132682205329393,0.4197737955718407,0.6919397539598657,0.6935109170207266
649,9,X,X,D,0,0.5089926267219029,0.43051363743178084,0.664049949930181,0.6705549779494349
649,10,X,X,D,0,0.48403290454714043,0.4057123813776087,0.6979746390705022,0.6555695496193472
649,11,X,X,D,0,0.458752912230775,0.36108205165413526,0.699737688911034,0.663628376177276
649,12,X,Y,J,1,0.449090992530711,0.3358372749989496,0.6844477241580692,0.6547515420253535
649,13,X,X,D,0,0.400049473930174,0.3375991556339656,0.7111814895199363,0.6631601452610381
649,14,X,X,D,0,0.4344853852542065,0.39709001793735155,0.75,0.6065698072420483
649,15,X,X,D,1,0.4203976682465901,0.4343610050007657,0.7265515375496892,0.585593584558879
649,16,X,Y,J,1,0.41320575569092716,0.38475207131692046,0.741801101752993,0.5932777619995784
649,17,X,Y,J,1,0.4366429399737899,0.3819206727990213,0.7291631745582074,0.615714306379531
649,18,X,X,D,0,0.4128436305047285,0.39441684424894685,0.75,0.660433764108611
649,19,X,Y,J,1,0.41681799017296095,0.3918204833334373,0.75,0.6852867623227887
650,0,X,X,D,0,0.25940307650071615,0.5277972338930857,0.6614288829459454,0.25376998211530255
650,1,Y,Y,J,1,0.2672678787264234,0.5252984683420417,0.6256756629126796,0.26795446838615555
650,2,Y,Y,J,0,0.25,0.5303602212755889,0.6158482139143685,0.27063161316447526
650,3,Y,X,D,1,0.25,0.5289850965639085,0.6286037773350118,0.2732615809423393
650,4,Y,Y,J,1,0.25,0.5477387382933735,0.6345488288667259,0.27874185448618655
650,5,Y,X,D,1,0.25,0.542389649173973,0.6106709269541243,0.2828493419629594
650,6,Y,Y,J,1,0.2692907417664209,0.49864158529946645,0.5823645647621576,0.2596013702600137
650,7,Y,Y,J,1,0.25805380401948624,0.540283464389973,0.6312135285189673,0.25
650,8,Y,Y,J,1,0.2636355010399256,0.5343436194808191,0.6258775427433388,0.25679212652205813
650,9,Y,Y,J,1,0.25086129944206514,0.5270693826300764,0.6427008767179634,0.2865998092054943
650,10,Y,Y,J,1,0.25,0.5186286776220839,0.6217773184462669,0.2647885553779214
650,11,Y,Y,J,1,0.2569482384063377,0.48233423118547447,0.6296903819040438,0.25
650,12,Y,X,D,0,0.25,0.4954018895953668,0.6449222734794159,0.25
650,13,Y,Y,J,1,0.25,0.49757484052789863,0.6040872278543922,0.26946637880021806
650,14,Y,X,D,0,0.25854233182304515,0.5221750188963662,0.5991821348949649,0.29089853094457196
650,15,Y,X,D,1,0.29449113425154466,0.5042586732561382,0.5989415138325759,0.2870054160381466
650,16,Y,Y,J,1,0.3429273536272064,0.49828188655375183,0.6054461197813218,0.3009614426019379
650,17,Y,Y,J,0,0.32939807170479796,0.48013188892425895,0.61650768730135,0.3676621624472118
650,18,Y,Y,J,1,0.3490907498077303,0.47929637788414553,0.5759753612001918,0.4021555970170011
650,19,Y,X,D,0,0.35893089225242225,0.4516297081517509,0.556651511187912,0.41612944208930003
651,0,X,X,D,1,0.6450514907797646,0.2839279964997524,0.29547706984239014,0.3851956850969102
651,1,Y,X,D,0,0.6540985859712038,0.28795485942941446,0.2969353007083319,0.35088468112601245
651,2,X,X,D,1,0.6657171782718997,0.29731919011725144,0.27345662197915205,0.343320699772058
651,3,X,X,D,1,0.6585129008088161,0.31764396940885203,0.2637456087590257,0.35131809852167184
651,4,X,X,D,0,0.631289892731938,0.3418626258967709,0.26751462399245923,0.35202855141172845
651,5,X,X,D,1,0.6176203900152667,0.4077863912992686,0.2548098367745469,0.34812246214928344
651,6,X,Y,J,0,0.5514236667007283,0.4055550134891889,0.25,0.3403489237623127
651,7,X,Y,J,0,0.550875920562563,0.40722844606296804,0.2915631817562734,0.29317421998686977
651,8,X,Y,J,1,0.5517346015318388,0.4121789304482448,0.31982324215752966,0.32455408952927023
651,9,X,Y,J,0,0.524239299130442,0.4199079268528909,0.30977268223404447,0.3316260765320338
651,10,X,X,D,0,0.5278078340164575,0.4224211361400502,0.30390144499156263,0.3264665302722384
651,11,X,X,D,1,0.4993856885709511,0.40435891197948304,0.27071361569392094,0.3583258249742513
651,12,X,Y,J,0,0.5264493311219595,0.3654827859987666,0.3013041950910422,0.42036957173098244
651,13,X,X,D,0,0.5321833584597025,0.3716338660211904,0.3379490364734625,0.45106818755440187
651,14,X,Y,J,0,0.5357518023274527,0.39428119675421636,0.35656350154453775,0.4409516464048778
651,15,X,Y,J,1,0.5478728682544375,0.3924600539058604,0.337643377434514,0.4730761155985155
651,16,X,X,D,0,0.5426803286629851,0.39999951060355915,0.2997158886986952,0.463703692259934
651,17,X,Y,J,1,0.5602892018808381,0.377132925596671,0.3243526671744429,0.49711487800695486
651,18,X,X,D,1,0.554541988696796,0.445613133378869,0.2665644474273171,0.47833302887226326
651,19,X,Y,J,1,0.5734907169942771,0.4514438840292491,0.2941291170383939,0.4848072607817802
652,0,X,Y,J,1,0.3357573255721477,0.5044908289283307,0.4426387680589853,0.6113799095048781
652,1,Y,X,D,0,0.3229573822382343,0.5008241129905496,0.4134596291014667,0.5763079381091897
652,2,X,X,D,1,0.3013235899722621,0.49110350750799586,0.3820497558959908,0.5906497579382055
652,3,X,Y,J,1,0.2828088040877499,0.4968819322618884,0.37768075846708854,0.596358857249204
652,4,X,X,D,0,0.29759294603931513,0.5313060323444807,0.37925286401144576,0.6250257875165999
652,5,X,X,D,1,0.29531397008711063,0.5269623790710851,0.3562324167446076,0.6224323455648809
652,6,X,X,D,0,0.3113872959080717,0.5444927312250186,0.3223719364476692,0.6213539951009581
652,7,X,Y,J,1,0.3041651813072756,0.5591093032967627,0.34416420207192583,0.6406296041521594
652,8,X,Y,J,0,0.3496919758149637,0.5539450427440958,0.2752624649904261,0.6773581951424481
652,9,X,X,D,0,0.3482583492463159,0.5915081096812662,0.2953858793447683,0.6727904086175106
652,10,X,X,D,0,0.2969673763991098,0.5973583763255004,0.2841157069212885,0.707822451841224
652,11,X,X,D,0,0.2927933763867681,0.5677261884249553,0.2744267951922596,0.6854195328726921
652,12,X,X,D,0,0.31970946812591444,0.5512180386156558,0.25,0.7029710676273894
652,13,X,Y,J,0,0.34488657353983126,0.5317232766339297,0.25,0.7146319834091109
652,14,X,X,D,0,0.35009140821775125,0.5112693943963877,0.25,0.7342222171127206
652,15,X,X,D,0,0.321137501027042,0.48555771666310393,0.25,0.6984965903795609
652,16,X,X,D,0,0.37018929105161585,0.5137666907058468,0.25,0.6573943474423831
652,17,X,X,D,0,0.37629541846616055,0.5664173526336745,0.2561312514311879,0.6593949051575098
652,18,X,X,D,1,0.3944308858488952,0.603885182873953,0.25,0.6462575804584894
652,19,X,X,D,0,0.39627681110160373,0.5882240344770144,0.2582396806851268,0.6590140399999729
653,0,X,X,D,1,0.6597279348677543,0.46954430534504477,0.7270605506267547,0.5475624698411548
653,1,Y,Y,J,1,0.6775647108044515,0.455249159756549,0.75,0.5333723416293021
653,2,X,Y,J,1,0.6864121351299763,0.470423991714398,0.75,0.5618735401624344
653,3,X,X,D,0,0.6870289060330524,0.4896438455852491,0.75,0.5553269134519779
653,4,X,Y,J,1,0.6775201628719459,0.43286544542093963,0.75,0.5615863254420606
653,5,X,X,D,1,0.6590817339483384,0.40615360724305916,0.75,0.5989840346068779
653,6,X,X,D,1,0.6817260482152283,0.38253435679547476,0.7499077958277222,0.593903553071326
653,7,X,X,D,1,0.6288251762953433,0.3762267278393659,0.7052704182451228,0.6101739574925704
653,8,X,X,D,0,0.6103328816193931,0.33673396716982457,0.7375546761258177,0.5479285043031484
653,9,X,X,D,1,0.5871411573509671,0.3198625050046217,0.75,0.5410041895871989
653,10,X,X,D,1,0.5909962095097933,0.3184023057580017,0.7340471816785932,0.5291573523168985
653,11,X,X,D,0,0.6102633151499604,0.29154950093910176,0.7491828807511021,0.48560040063999177
653,12,X,Y,J,1,0.6394343936034477,0.2819969344035135,0.75,0.4636440888456245
653,13,X,Y,J,1,0.6531162620427037,0.2896183350580119,0.7481222363362362,0.4956423674004594
653,14,X,Y,J,1,0.6446864697761686,0.2890651965548084,0.6936125574280707,0.47506591627919864
653,15,X,X,D,1,0.6526124227567858,0.3194875491917461,0.7263813003861495,0.4933843415273271
653,16,X,Y,J,1,0.6963450554617423,0.33369481750583574,0.7002897451622172,0.41732772967969745
653,17,X,Y,J,0,0.6886968996100592,0.25795743892485307,0.6516715953745499,0.42662739319541837
653,18,X,X,D,0,0.6861006689844417,0.25,0.6561474693244745,0.43543524081305235
653,19,X,Y,J,1,0.7082967222488203,0.25,0.6875127342257367,0.43032520363827564
654,0,X,X,D,0,0.2931057871153822,0.4561754685285662,0.5816751402481086,0.4273303712439772
654,1,Y,Y,J,1,0.28335012991475095,0.43489768974515886,0.5552455067280219,0.46566592388576733
654,2,Y,Y,J,0,0.25784820442791034,0.4618960993336765,0.5486498401397247,0.4200244239190668
654,3,Y,Y,J,1,0.25156620496484294,0.5045019896639169,0.608884813571558,0.41211730721218415
654,4,Y,Y,J,1,0.25,0.49201193559347023,0.5970932780461254,0.440248077136853
654,5,Y,X,D,1,0.26508862212841316,0.5024778705023891,0.6190815610099497,0.443154090461843
654,6,Y,Y,J,1,0.25,0.4975119900097963,0.5922061718554064,0.43025228647751756
654,7,Y,Y,J,1,0.25,0.5096972892218521,0.5795373067133451,0.4367092172296071
654,8,Y,Y,J,1,0.2784005920508624,0.5320876725208603,0.5573784410157508,0.4471454870644324
654,9,Y,X,D,1,0.30225187790745844,0.5810636430727678,0.5724668275856313,0.4525325483718222
654,10,Y,X,D,1,0.30702348828088105,0.5773037784675956,0.586571729026113,0.4602239968159172
654,11,Y,X,D,0,0.29338367330574194,0.5871563520211972,0.5489468483181926,0.45356915959289673
654,12,Y,Y,J,0,0.29485443932523203,0.612369931263976,0.5704425505188053,0.49269957201452746
654,13,Y,Y,J,1,0.27521911248536624,0.6121320869486462,0.5276970931541739,0.5169879801636159
654,14,Y,X,D,0,0.28153019735656915,0.5810054472710768,0.5219892191875424,0.5425348845142937
654,15,Y,Y,J,0,0.2634822591950369,0.5384846460967537,0.5540402068870327,0.5223937301620363
654,16,Y,Y,J,1,0.2793953069679008,0.5004602638616719,0.599949160733044,0.5156545164138449
654,17,Y,X,D,1,0.2595630916351536,0.5027318287290787,0.6076117298419594,0.5181955511582175
654,18,Y,X,D,0,0.28199867124427963,0.48910033634542865,0.58756554424556,0.5408755362973081
654,19,Y,Y,J,1,0.29013457016615624,0.4640096852643698,0.5562185156241853,0.5622324761937373
655,0,X,Y,J,0,0.6837027119046795,0.5418532512509475,0.2652574852991476,0.7119562876285526
655,1,Y,Y,J,0,0.6179794869751055,0.4782352494004306,0.2862500807998657,0.7140101856533145
655,2,X,X,D,1,0.5850485681603298,0.4521669653424475,0.2771111162226521,0.7332663941009531
655,3,X,X,D,0,0.5579041889878704,0.46315267605820587,0.27934977926116333,0.7313462250036421
655,4,X,X,D,0,0.574312289532846,0.450340952660783,0.25,0.715950822754543
655,5,X,Y,J,1,0.5467382801805054,0.454017449439275,0.2688430657423921,0.732318493908186
655,6,X,X,D,0,0.5552208432665502,0.41001541496844995,0.2852381626720898,0.7459917191349739
655,7,X,X,D,0,0.5650269572555605,0.3831683451571763,0.2804734467778584,0.747923922071004
655,8,X,X,D,1,0.5720829765986263,0.3928253758273818,0.2971855230738166,0.7391057043390665
655,9,X,Y,J,0,0.5801200683943754,0.38981463840186326,0.28770497397245937,0.7247177514698752
655,10,X,X,D,1,0.6071763999906146,0.3744102348277134,0.31180007466003185,0.7260887463163506
655,11,X,Y,J,1,0.6249837487442617,0.3774104509445809,0.33588172008657424,0.75
655,12,X,X,D,1,0.6045394555225918,0.393581359195054,0.3380780767033408,0.75
655,13,X,X,D,1,0.5759462303998097,0.3728678723942127,0.31746958566438,0.75
655,14,X,X,D,0,0.563640517733553,0.3507715192074887,0.3218028788721941,0.75
655,15,X,X,D,0,0.5222410718837598,0.33162355239607827,0.33508029531698164,0.75
655,16,X,X,D,1,0.5299209881805077,0.34252573128910907,0.3358864801580483,0.75
655,17,X,X,D,1,0.5519384068783865,0.32621390830381286,0.3364982776906586,0.7442211174085204
655,18,X,X,D,1,0.5567006435795975,0.33701339057937374,0.30350552125951685,0.7143274169368451
655,19,X,X,D,1,0.5187872489977049,0.3178061509772594,0.31088212716469915,0.7241828718694683
656,0,X,X,D,1,0.5267213163418398,0.5244442496045436,0.31090562389567367,0.4847074930698145
656,1,Y,Y,J,0,0.5180475970638746,0.5249998228948908,0.31131174714483606,0.473619213057073
656,2,X,Y,J,1,0.4818617839916014,0.5322122696181626,0.3299113096256394,0.4952164119878566
656,3,X,Y,J,1,0.4742299139867036,0.5481246420399462,0.3599536152630949,0.4842335437294127
656,4,X,X,D,1,0.4587177021315404,0.5588232409273978,0.3159307711041884,0.4870408012788936
656,5,X,X,D,0,0.48013078084385596,0.5694370028469202,0.2734268212156216,0.49323029081983955
656,6,X,X,D,1,0.4719799283351955,0.5571242308221979,0.26234664140577746,0.5092840768839898
656,7,X,X,D,0,0.4645990724259512,0.6052586854856461,0.26598198496109693,0.5097095000636096
656,8,X,Y,J,0,0.47581621866262985,0.6104686619234646,0.2795756206561518,0.5000475111806333
656,9,X,Y,J,0,0.4621514394854077,0.5780088680303284,0.29481222765627896,0.5268469320456352
656,10,X,Y,J,1,0.47521925252177016,0.5496073655476968,0.32129340615509844,0.5242223078457973
656,11,X,Y,J,0,0.4844937628812143,0.5843950744565104,0.2709230981355568,0.48637879526450767
656,12,X,X,D,0,0.46308791588014625,0.601840060354915,0.31159920383057055,0.49339146298833975
656,13,X,X,D,0,0.4649360637290201,0.6227438048538699,0.31666549150906564,0.4627955864556046
656,14,X,X,D,0,0.5439306713973764,0.6036297070448007,0.32109957715422593,0.4691242295439633
656,15,X,Y,J,0,0.5457896063081085,0.5682584029892448,0.35729152109747303,0.47033234101636423
656,16,X,Y,J,0,0.537310637807244,0.5764965746998477,0.3714369324921551,0.4838668662480885
656,17,X,Y,J,0,0.5927898178974609,0.5564880562801487,0.30054374907737336,0.4717741022582835
656,18,X,X,D,1,0.6278472717642449,0.5616768890126606,0.305544932308008,0.4487608934821801
656,19,X,Y,J,0,0.5888134540255058,0.5480228442706668,0.347324202395319,0.449338831837825
657,0,X,X,D,1,0.3610404823059306,0.3518780715843323,0.6612178404935123,0.3361800678522931
657,1,Y,Y,J,1,0.40685008564895847,0.3142679729456833,0.6435832959884187,0.34127625318103677
657,2,X,X,D,1,0.40504980058492646,0.3232998398614551,0.6201977234362328,0.3233445262557714
657,3,X,X,D,0,0.3945468566930783,0.31874604135359086,0.6555819904156748,0.3221165192393164
657,4,X,X,D,0,0.37597912436445524,0.32241880545362084,0.6822614832032876,0.31635711410664696
657,5,X,X,D,0,0.40732779775562544,0.3380219751154354,0.7288668393829639,0.33844399835013583
657,6,X,X,D,0,0.4007291673085921,0.375696179067926,0.7310815892299538,0.35173723517987204
657,7,X,X,D,1,0.39965855775272063,0.3576734689382815,0.75,0.3885533860572599
657,8,X,X,D,0,0.35914368271107255,0.3207863695683804,0.7424308379933959,0.3561055394049207
657,9,X,Y,J,0,0.3636533690691128,0.3522379513392836,0.75,0.4056877305174865
657,10,X,X,D,1,0.37785720040454895,0.376190770145345,0.75,0.3331411805177694
657,11,X,X,D,0,0.40055763932236466,0.349299544174265,0.7121856997534006,0.3280064094303861
657,12,X,Y,J,1,0.4447935888926615,0.3340988367370219,0.6876518828702772,0.32320864067734384
657,13,X,X,D,0,0.455643493255417,0.34335648950820596,0.6610273491332984,0.30508773866185035
657,14,X,Y,J,1,0.4499932876908519,0.33329745789073967,0.6689982146349124,0.33734386088703694
657,15,X,Y,J,1,0.46348630336315605,0.3622981776886365,0.6934299835184408,0.3538200251044106
657,16,X,X,D,0,0.5167757758114331,0.3472172263306068,0.7291941159561623,0.37815493117155985
657,17,X,X,D,0,0.5204424671282855,0.39807770064544584,0.7281612504700887,0.37012780391805555
657,18,X,X,D,0,0.5240344506892484,0.40986129954181494,0.7101596898191043,0.38238026647134526
657,19,X,X,D,0,0.4964699323464713,0.3829863900110721,0.692229297638277,0.36544761595576514
658,0,X,X,D,1,0.31800404541703103,0.4783208876281685,0.3796931411629856,0.5683561199469267
658,1,Y,Y,J,1,0.289608749165988,0.507172334896399,0.3508406673359335,0.5185829569820193
658,2,X,X,D,1,0.2947978249389191,0.4873142677939546,0.3636887504967862,0.572807085009937
658,3,X,Y,J,1,0.32049959774759423,0.46641009229296904,0.40919184041501316,0.5871753532444693
658,4,X,X,D,1,0.3674435595203416,0.45516909720256243,0.4179372054896092,0.5954718336574835
658,5,X,Y,J,0,0.3770402949813954,0.4808288798576977,0.40365315936668894,0.5837788432500416
658,6,X,Y,J,1,0.40026813174678,0.4864404362615506,0.3791535493966067,0.5921785411975498
658,7,X,X,D,0,0.37873844234914766,0.45558908512298246,0.42251265575685665,0.5678926135337775
658,8,X,X,D,1,0.38890798651302855,0.4724651140310344,0.4165155790617827,0.5299559227537513
658,9,X,X,D,1,0.4003678554985736,0.432063916880457,0.38421605856727825,0.5679281529874831
658,10,X,X,D,0,0.3606011560047926,0.44852299048350347,0.36334372987554175,0.5714556799444703
658,11,X,Y,J,0,0.4037061786128807,0.44145658033937224,0.3879680179697714,0.5531914340425769
658,12,X,X,D,1,0.4132613767112685,0.4038554896065354,0.39919075728507486,0.5305736067327682
658,13,X,X,D,1,0.46187942479103206,0.3867630803053279,0.4454853182725968,0.526194895845061
658,14,X,X,D,1,0.3971316245726666,0.3879465691749891,0.4244570343335152,0.5615397180169387
658,15,X,Y,J,0,0.36922720129129805,0.3705029094830571,0.4304782700319838,0.5380584329138081
658,16,X,Y,J,1,0.40142747680242336,0.38303130873861246,0.428846881380329,0.5551092567545541
658,17,X,Y,J,0,0.397820451415601,0.38058830781316544,0.4137995019464546,0.5506211175648631
658,18,X,X,D,0,0.40633490304829434,0.37222131647417883,0.3774586726892299,0.5119520956074306
658,19,X,Y,J,0,0.3707555614971156,0.3733313650863731,0.3902263331216458,0.5250365848986496
659,0,X,Y,J,1,0.5746275948452144,0.7238987560296802,0.386428092667693,0.7431794141653433
659,1,Y,Y,J,0,0.5526124101891234,0.75,0.43608584894525304,0.75
659,2,X,Y,J,0,0.5694139880061173,0.695689544228064,0.4384358297926714,0.75
659,3,X,Y,J,1,0.5215738722643513,0.6727906013705158,0.42790182108184843,0.75
659,4,X,X,D,1,0.5235305377321702,0.678105413440233,0.41456700323721013,0.7366058396686961
659,5,X,Y,J,0,0.5028287590160296,0.7177661199431442,0.38449683725404527,0.7249812460473952
659,6,X,X,D,0,0.4753737191061782,0.7400144754989565,0.34573657267292746,0.75
659,7,X,Y,J,1,0.486873092398523,0.7427127269057358,0.3762129607705151,0.7170978381727509
659,8,X,X,D,1,0.4495149458522756,0.722866365536766,0.35483415360399945,0.7357540830007187
659,9,X,X,D,0,0.4893276263554237,0.6862209846946794,0.3594640594878054,0.7192633668043282
659,10,X,X,D,1,0.45732766563539334,0.6824762320558911,0.35363721788886304,0.7047437166592876
659,11,X,X,D,0,0.5065234615446942,0.6644005394042664,0.3337643460596767,0.7348345513005305
659,12,X,X,D,0,0.45508982639999224,0.6833113316230823,0.3012313997409395,0.7229194790661676
659,13,X,Y,J,0,0.4860000902114545,0.724751702685529,0.31261685083212926,0.75
659,14,X,X,D,0,0.5129454942723385,0.7126283643288626,0.298863622383191,0.7070891739499147
659,15,X,X,D,0,0.4841876235391606,0.6972113516882286,0.28907093580805104,0.6853826826960738
659,16,X,X,D,0,0.4961891641760221,0.6669614091864214,0.25,0.7017472119090892
659,17,X,X,D,0,0.4675858548445608,0.6795921858724916,0.2813293359730886,0.6867750284572377
659,18,X,Y,J,1,0.47667842387211423,0.684031118963465,0.27176763662799086,0.6611855194436592
659,19,X,X,D,1,0.47727889485891195,0.7128457656882538,0.2529954713510226,0.6810112308442602
660,0,X,X,D,1,0.6254228239625951,0.6309053633041277,0.2528627449964853,0.45356156935529124
660,1,Y,Y,J,0,0.6318870827065199,0.6370707824769826,0.25,0.4277918766797031
660,2,X,X,D,0,0.6026031545004987,0.6547670719877856,0.25,0.39252928534371045
660,3,X,X,D,1,0.6059496459806833,0.6435769426216218,0.25,0.3927457805847497
660,4,X,Y,J,0,0.5821927964155669,0.6381578532161902,0.28587454583340655,0.3952917759208033
660,5,X,X,D,1,0.5414935639578387,0.6322389851926992,0.2851378909821606,0.40524085074329963
660,6,X,X,D,0,0.5667899420245095,0.6716442205131168,0.2541436311136488,0.437403987007042
660,7,X,Y,J,0,0.6061918369050397,0.681355285936553,0.2801295407093006,0.38614091312767185
660,8,X,X,D,0,0.6448626755961859,0.6847993872056283,0.31839092630378224,0.3745308305598669
660,9,X,X,D,0,0.5739777609469282,0.7226714432342242,0.31896300400628286,0.39430758706465985
660,10,X,X,D,1,0.5564668632779941,0.708829168420552,0.3173311856402873,0.38624166926625175
660,11,X,X,D,0,0.5676770665117545,0.6659840671211097,0.2993019243850653,0.380913005714178
660,12,X,Y,J,0,0.6007032768697654,0.6831780724010316,0.2989806727591008,0.4500356529621054
660,13,X,X,D,0,0.5659299128548124,0.6759433217055507,0.3575194858560323,0.42447035603674227
660,14,X,X,D,0,0.503209204836397,0.6662855032951446,0.35645020657202314,0.4017187227695366
660,15,X,X,D,1,0.47864210483647224,0.6741135730750107,0.3524512714675659,0.38659557899828867
660,16,X,X,D,0,0.5133798787885115,0.745048539133007,0.3542219802112564,0.4605808503799021
660,17,X,X,D,0,0.5248994869829565,0.75,0.3540595862081007,0.46925805403964377
660,18,X,Y,J,0,0.5267068054366587,0.75,0.33275420598041333,0.4602055619115615
660,19,X,X,D,0,0.5108072641028166,0.7237257714283103,0.37395441322890366,0.4905989898610881
661,0,X,X,D,1,0.311314446657905,0.4292128867499657,0.5869307574638194,0.38654417262810287
661,1,Y,X,D,0,0.34763956429551446,0.42934213790222747,0.5252047142864664,0.32863356622102113
661,2,X,X,D,0,0.3022914176106178,0.4411756633229876,0.5240571380340773,0.29201803943605953
661,3,Y,Y,J,1,0.29792559835034504,0.4156516938886683,0.49810414737373393,0.2744528348746912
661,4,X,X,D,0,0.3213608609522743,0.3912294780742206,0.48258403619902124,0.2770552549581912
661,5,X,Y,J,1,0.32885242945235715,0.4032750467998422,0.46156496141727116,0.2741812294183673
661,6,X,X,D,0,0.3486303764716022,0.42177789078168704,0.46383469675618616,0.27379926011208783
661,7,X,X,D,0,0.32764992852760355,0.40517774825016,0.4468135823343093,0.2859097198958068
661,8,X,Y,J,0,0.3124512448378298,0.4061891650034686,0.4324931988166389,0.3046012289444627
661,9,X,X,D,0,0.28105453093073923,0.35306640284171864,0.41817893557762065,0.26915708669210914
661,10,X,Y,J,1,0.26486176197672284,0.30714632688783877,0.4196716435665236,0.277079118145482
661,11,X,Y,J,0,0.25,0.3338369672626309,0.43414676349059017,0.2935052733354909
661,12,X,X,D,0,0.25,0.3370540763989874,0.42153945646606183,0.31357748424383775
661,13,X,X,D,0,0.2545329345585942,0.33857902983861016,0.39641352067842706,0.3308578564358314
661,14,X,X,D,0,0.25,0.33646160548514153,0.43285044447666854,0.3230806516208885
661,15,X,Y,J,0,0.323067384149522,0.3680261319132661,0.42242811886756987,0.347693874363339
661,16,X,X,D,0,0.35728818134362456,0.3696518225414505,0.4617760562600025,0.3349935872778445
661,17,X,X,D,0,0.36409853027850425,0.3458415244899742,0.5100041822151536,0.30124279090242123
661,18,X,X,D,1,0.3667937202956625,0.29020277705682496,0.5306740235048658,0.28268863766854113
661,19,X,X,D,1,0.3969031004612787,0.26645908321332074,0.527691561413523,0.29143652407769277
662,0,X,Y,J,1,0.4808641211122903,0.3348168567990155,0.4376018437538965,0.735828105974456
662,1,Y,Y,J,1,0.4852372134916291,0.37869609289057954,0.43205557524684257,0.7186492064295804
662,2,X,X,D,0,0.45356512420438,0.4003946428606477,0.44429056515639737,0.7354978717132546
662,3,X,X,D,0,0.4338101837176802,0.4290621096366287,0.41257163931942054,0.7494675484243775
662,4,Y,X,D,0,0.4254483625444189,0.4355449274756248,0.45184878638110787,0.75
662,5,X,X,D,0,0.4192917462182527,0.4281466927622484,0.4281843332471248,0.6869244910025373
662,6,X,X,D,0,0.4480952282792381,0.42964467400579254,0.4753884972168254,0.6852535423840352
662,7,X,Y,J,0,0.4375266218470628,0.4327234284252799,0.5307497081351037,0.642190956257812
662,8,X,Y,J,1,0.45653575758244314,0.44604514562414666,0.5679297965538705,0.6518344872631903
662,9,X,X,D,0,0.4815502434199236,0.47136615824006434,0.5511660890377509,0.6678320520585681
662,10,X,X,D,1,0.49340965353922683,0.46680757791195815,0.5094931134012461,0.7038309489636102
662,11,X,Y,J,1,0.5096414617360726,0.48873241808915036,0.5271347509513976,0.7110170015094106
662,12,X,Y,J,0,0.5492045345929452,0.44840922790773174,0.5538544244193634,0.7263986751606987
662,13,X,X,D,0,0.5123046814922892,0.4381658401634549,0.5501009099410378,0.7307587743878459
662,14,X,X,D,0,0.5516188251551681,0.4585073427691848,0.5415495236885941,0.75
662,15,X,X,D,0,0.5571216369250391,0.4709000469542089,0.5393111255340447,0.75
662,16,X,Y,J,1,0.5883023384864972,0.4805380808816716,0.4970693634935715,0.75
662,17,X,Y,J,0,0.5985625642248749,0.48074314073378205,0.4654305687688867,0.75
662,18,X,Y,J,1,0.5791442146875373,0.47932864359436433,0.4428240140279099,0.75
662,19,X,X,D,1,0.5728275937712874,0.47386995151910993,0.42489757630078023,0.7016028826312053
663,0,X,X,D,0,0.43474463353101067,0.3872529991058222,0.6884483072859626,0.5674384403479189
663,1,Y,Y,J,1,0.4532478564125456,0.41392954382628355,0.6472976780804223,0.5412341875035726
663,2,Y,Y,J,0,0.4746022834643202,0.4190541815554153,0.6537371234758699,0.5496791420869723
663,3,Y,Y,J,1,0.45156960603271656,0.3999015105077989,0.6636064071947465,0.5085414922410558
663,4,Y,X,D,1,0.44570682802282513,0.42091871313087936,0.6651788733827781,0.5411607262918429
663,5,Y,X,D,1,0.4710955959354845,0.384033486729471,0.6735637543882417,0.5222597291966239
663,6,Y,Y,J,0,0.46285980782657254,0.4045462673551068,0.6368348432873294,0.5514485722305887
663,7,Y,Y,J,0,0.46138545948423276,0.3844016823507349,0.6638151247520667,0.5183824934671263
663,8,Y,X,D,0,0.46189998118370323,0.35911061763533797,0.6707235876375656,0.5040327817673583
663,9,Y,X,D,1,0.4286803860702773,0.339341850172638,0.6952383856794762,0.5017685893352808
663,10,Y,Y,J,1,0.4390950562667438,0.339207180536609,0.6875481459846283,0.4851894549009231
663,11,Y,X,D,0,0.4374128965128787,0.31597159298551963,0.6836682847559282,0.4788092910329136
663,12,Y,Y,J,1,0.4777540789501073,0.359717803951796,0.6726802159435975,0.4862261178106318
663,13,Y,Y,J,1,0.5236279669173064,0.3273947292945802,0.7081211770691619,0.4590219370548006
663,14,Y,Y,J,1,0.4933981143330823,0.3176045641901497,0.6860110777389954,0.4445990081304365
663,15,Y,Y,J,0,0.44958758794756926,0.2929338631551876,0.699599130286849,0.4653790194266212
663,16,Y,Y,J,1,0.48102371616254014,0.3100120340314368,0.7082600461767784,0.47901029049265087
663,17,Y,X,D,0,0.4581993564396763,0.31753639139945056,0.75,0.4827701360489181
663,18,Y,Y,J,1,0.46494174489883017,0.31821432854024045,0.75,0.4857372873769006
663,19,Y,Y,J,1,0.48901328122173626,0.30374063234797294,0.7299155574576967,0.46262616612985474
664,0,X,X,D,1,0.6548651140699451,0.682555914421278,0.7107197350229436,0.5239326563378457
664,1,Y,Y,J,0,0.6999108676775951,0.7079211180366269,0.6762804382871216,0.5398495567359664
664,2,X,X,D,1,0.7284415901867575,0.7252735145785127,0.6636910472801676,0.5437737764411198
664,3,X,Y,J,1,0.7206689314958754,0.7025163211482285,0.6502736602018605,0.5265160970526339
664,4,X,X,D,0,0.7088411117277352,0.6977405090478038,0.6528755498237454,0.49352673042026945
664,5,X,Y,J,0,0.7069919510238416,0.6834116818088551,0.6738163460933684,0.520020155259065
664,6,X,X,D,1,0.7455455553237237,0.7210437364279966,0.6951951496156666,0.4781357664578604
664,7,X,X,D,1,0.7187924807061188,0.7095707185725181,0.6980070298081953,0.4831569253484495
664,8,X,X,D,1,0.7368734593519731,0.7182563007182653,0.6683807396962416,0.4959307831725935
664,9,X,Y,J,0,0.7078968223392949,0.6803966898230557,0.6728947714756206,0.48514827948461925
664,10,X,X,D,1,0.75,0.6883684209987722,0.6641330162444394,0.5231709016634146
664,11,X,X,D,1,0.75,0.7140989930968309,0.5904224997492041,0.5357325011051702
664,12,X,Y,J,0,0.75,0.6974661314604523,0.5626552264737696,0.5303037061852689
664,13,X,Y,J,0,0.7119707579272929,0.6996067728093397,0.5812118272533223,0.5550692704853107
664,14,X,X,D,0,0.6969384581545995,0.6924326316186836,0.6001515071828508,0.5694911544755806
664,15,X,X,D,1,0.7059643109535014,0.7484869381998297,0.5638531685100606,0.5885771842774961
664,16,X,X,D,0,0.7312831398759791,0.7413026403986525,0.5673247999742376,0.5890218717749603
664,17,X,Y,J,0,0.7171523720533695,0.75,0.5671157434657814,0.6273088633363076
664,18,X,X,D,1,0.7240593361260914,0.7234422207301643,0.5423792550835004,0.6313750726556594
664,19,X,X,D,1,0.7166591676977853,0.7094206543958476,0.5261787947030371,0.5940611725409695
665,0,X,X,D,0,0.46773126029184076,0.45090622737160113,0.635810134918358,0.44528467852551323
665,1,Y,X,F,1,0.4807566501601245,0.42479793993231985,0.6243162147605195,0.4492826113781831
665,2,Y,Y,J,0,0.48075286575310006,0.4583070096512699,0.6131804083015406,0.4605076617071072
665,3,X,Y,J,1,0.48776615092175735,0.47148751896548413,0.5811018088909685,0.44826743696415455
665,4,X,X,F,0,0.4563115166338406,0.46940321109786837,0.5429831294684003,0.4802313277754958
665,5,X,X,D,0,0.46331462969348375,0.47226434878653734,0.5625491959139265,0.4721043596724418
665,6,X,X,F,1,0.45615474683978924,0.44807245683000535,0.5365751318158328,0.4702302073323196
665,7,X,Y,J,1,0.4426787388899426,0.42205557943224564,0.47540976728666723,0.516065920703918
665,8,X,X,F,1,0.47944900802582324,0.4586151396679968,0.49911882399599844,0.5587518517643281
665,9,X,X,F,1,0.45822147030391885,0.45978126156955806,0.5322412368541013,0.5309028517522756
665,10,X,X,F,0,0.5043436581287355,0.48068275040966896,0.517030267302026,0.5353003739738748
665,11,X,Y,J,1,0.5060156331583909,0.47986235746427125,0.5234469864528711,0.5499275476671713
665,12,X,X,F,1,0.5559306184511243,0.48751030213170476,0.5062457787103569,0.5857657227961488
665,13,X,X,F,1,0.5724128358107662,0.44051498574572623,0.49711990482587937,0.5920612467101461
665,14,X,Y,J,0,0.6461105674855029,0.49004551443808114,0.5341143604652552,0.5746596930337233
665,15,X,X,F,0,0.6675198485182844,0.5039489596426374,0.5595327424080754,0.573433817653808
665,16,X,X,F,1,0.636072813814922,0.5109858391780316,0.5372147209283115,0.5946247286802726
665,17,X,Y,J,1,0.6472443288381229,0.42647814921275523,0.5505731522036342,0.5870118473225234
665,18,X,X,F,0,0.6665520458948978,0.4171391085316718,0.5041096833751367,0.5971687626602242
665,19,X,X,F,0,0.6605047183014063,0.4116723668175976,0.48276904196769527,0.5792538149159345
666,0,X,X,D,0,0.4398639536190277,0.3987069541220016,0.27239366425676426,0.58930323190339
666,1,Y,Y,J,0,0.5156572344551873,0.39800842703865413,0.29241125267837514,0.5966270247248368
666,2,X,Y,J,0,0.5395747471996197,0.3876651444922238,0.2887730078715833,0.5799184824030601
666,3,X,Y,J,0,0.5185223661109688,0.3462378963558799,0.30121130951517333,0.597865863657264
666,4,X,Y,J,0,0.5247807655785137,0.3146551603951681,0.2788988714133088,0.6217927856655988
666,5,X,X,D,1,0.5294203341766618,0.25071141155243953,0.25,0.5811345616300403
666,6,X,X,D,0,0.4871324270223375,0.2528603448555886,0.2858651489366184,0.5455186005435898
666,7,X,X,D,1,0.4853640542944133,0.2525584691905708,0.2830539370306758,0.5436010872863363
666,8,X,X,D,1,0.51711973116928,0.29364873124759744,0.3066814803933248,0.5159544859626678
666,9,X,X,D,1,0.5442544370343754,0.3000195035311328,0.30942530780435207,0.5278750441751091
666,10,X,X,D,1,0.5428627245506723,0.3389989611976741,0.2860799649182168,0.5577503845140733
666,11,X,X,D,1,0.5326986717379519,0.31136637796786504,0.271284989171031,0.5461431984762841
666,12,X,X,D,0,0.5295507832852153,0.3316988661590628,0.25,0.5157067196658222
666,13,X,Y,J,0,0.5383350226981941,0.31673074604183993,0.25,0.527611651071068
666,14,X,Y,J,0,0.5281437946649609,0.29108457295166307,0.25,0.5155871183579936
666,15,X,X,D,0,0.5394308636309547,0.30837523690557667,0.26782566285934933,0.4953003700009869
666,16,X,X,D,0,0.5225441388404695,0.30428753964992905,0.3286059330880317,0.5157799966035672
666,17,X,X,D,0,0.46528910210265295,0.28978333139504403,0.3191501840921986,0.5292676074305017
666,18,X,X,D,1,0.4388530395625299,0.3251325914852188,0.31738601872182365,0.5264328282272038
666,19,X,X,D,1,0.37719260052245607,0.3442156599591828,0.3144959179728187,0.5469969199617752
667,0,X,Y,J,1,0.403469544016004,0.5175804526963157,0.2650051083260879,0.26372248782281266
667,1,Y,X,D,0,0.4285108738283695,0.4853172926619944,0.2928804517648014,0.2559757847914407
667,2,X,X,D,1,0.47097828114154777,0.5102222208063136,0.2817596137399858,0.2546115535956908
667,3,X,Y,J,0,0.44913325491367134,0.5293114034492217,0.3055689658388502,0.2828634495891331
667,4,X,X,D,0,0.4329195045319404,0.5227296363730979,0.307093142961102,0.30750272291327796
667,5,X,X,D,0,0.4510833943006255,0.5500667599811098,0.34011334537014115,0.2866853626903766
667,6,X,Y,J,0,0.43974104404200703,0.5060119624875881,0.3649700592709091,0.3411866825654185
667,7,X,X,D,1,0.46814539211052925,0.5095152468773797,0.34363367404922224,0.3502719407976032
667,8,X,Y,J,0,0.46057121989612276,0.49704611543791843,0.358125062823256,0.3191815022283104
667,9,X,Y,J,0,0.48949163056016065,0.5144925341208373,0.34589951760900994,0.3065780746143855
667,10,X,Y,J,0,0.4756169817226885,0.5106899890787966,0.3443164428750173,0.29215536764770533
667,11,X,Y,J,0,0.4625383415158679,0.54565170734904,0.3239321775974771,0.34603660644156126
667,12,X,X,D,1,0.49285758392791124,0.5241769391174212,0.30546824604933326,0.3553653971714898
667,13,X,X,D,1,0.44175863601425425,0.5337148596797501,0.30063123809048203,0.3766734492289125
667,14,X,X,D,1,0.44255456829430356,0.5370082211488724,0.2791565100485967,0.39968652945165795
667,15,X,X,D,1,0.42712624621492506,0.5567969530681791,0.2898895259484,0.35499663949332005
667,16,X,X,D,1,0.4337612752843221,0.585033401732828,0.3289501072973668,0.3464601656623642
667,17,X,X,D,1,0.42545529854125524,0.5719120775043037,0.3227649233223836,0.3617243789559227
667,18,X,Y,J,1,0.4166681100737232,0.5505765740328172,0.312684305031389,0.3548810843858394
667,19,X,X,D,1,0.4051294422314075,0.5643627178072754,0.3010686620958475,0.3651067522881835
668,0,X,Y,J,0,0.3074991760918847,0.6301798612793522,0.5411762090752106,0.5668632493737618
668,1,Y,Y,J,0,0.3359303452859771,0.6162819350054153,0.5464414337709859,0.5174036828126326
668,2,X,X,D,0,0.30912526104206733,0.5854411094905388,0.581402166336842,0.5008292718995215
668,3,X,Y,J,1,0.3078310270261096,0.5579544100947463,0.5801797406964475,0.4747898211542181
668,4,X,X,D,1,0.30579240303328553,0.5526656651117836,0.5933453125190528,0.4526334049969036
668,5,X,X,D,0,0.2881704371484879,0.558928120601674,0.5737125415542728,0.4235224935239496
668,6,X,X,D,0,0.2762289871976651,0.5752040946756636,0.5375806276673665,0.4329083238357847
668,7,X,X,D,0,0.31839925012727494,0.6093882561146445,0.5307098818560032,0.47832407921480563
668,8,X,X,D,1,0.29194719623494886,0.5994460978641649,0.5213748520077962,0.49144757552207163
668,9,X,Y,J,0,0.2770582663169546,0.5707884651195033,0.5192197583802126,0.44988832877511387
668,10,X,X,D,0,0.2976462132774123,0.5649711403848058,0.5024694252230313,0.4686763981866411
668,11,X,X,D,0,0.255279052821461,0.5826860882417881,0.48108245493585566,0.5044283801174979
668,12,X,X,D,0,0.25,0.5573695405116597,0.48286507572122733,0.5241886021725709
668,13,X,X,D,0,0.3041904949832238,0.5558559108291394,0.4726553860166663,0.5524904083080302
668,14,X,X,D,0,0.3428489142759594,0.5449568705500927,0.4489290665994458,0.5682352002213266
668,15,X,X,D,1,0.3046049028630265,0.5600165098465143,0.3806989468946922,0.5660417249630485
668,16,X,X,D,0,0.3007085789288588,0.560133332153711,0.3737249280273726,0.5979938417090207
668,17,X,X,D,0,0.25,0.5727084406868594,0.41687232174087263,0.6033147356812867
668,18,X,X,D,0,0.25,0.5676026515986345,0.4459766091570117,0.6038119681590857
668,19,X,Y,J,1,0.25,0.5553854818705903,0.4775630038809807,0.5961916206449124
669,0,X,Y,J,1,0.25023608821093407,0.6968037673190747,0.5158575218427597,0.4261504378155018
669,1,Y,Y,J,1,0.25,0.7354178439959509,0.4855170866353654,0.46195175084363055
669,2,X,X,D,0,0.2533515719667073,0.7125321608709448,0.4966071790766431,0.455804656244866
669,3,X,Y,J,1,0.27777900356757507,0.6996429239747937,0.49390669733145937,0.45987587535300706
669,4,X,X,D,1,0.29702305117033345,0.6912066929310879,0.45634812739743347,0.48774347692237924
669,5,X,X,D,1,0.3116724531945236,0.6883896796732979,0.5038063564014034,0.4797786617901027
669,6,X,Y,J,0,0.29736623700088194,0.7237953066043646,0.5184645761705727,0.4723308760242309
669,7,X,X,D,0,0.29879461397345575,0.6807341736699982,0.535911846389617,0.47754812970402194
669,8,X,X,D,1,0.30822718756445827,0.7000238645292094,0.5342578651725431,0.49494371917178176
669,9,X,Y,J,0,0.2854920316324687,0.7077266205578766,0.5125229910993322,0.5422766043686124
669,10,X,Y,J,1,0.29389730472340125,0.7104574109247155,0.5342168089302762,0.5135805812895309
669,11,X,X,D,1,0.2652926701095715,0.7044663592139929,0.5055767054663586,0.5432541905552458
669,12,X,X,D,0,0.25417452290667125,0.7346504865896643,0.528456480201693,0.5634273079246913
669,13,X,X,D,0,0.2538754623315966,0.75,0.555819728427645,0.5543540160724483
669,14,X,X,D,0,0.2549001031105534,0.7481356713870415,0.5723631665849929,0.55835606988159
669,15,X,X,D,0,0.2982541570341309,0.75,0.5400063186723363,0.5717302032771235
669,16,X,X,D,0,0.2936398591561445,0.7160887994508185,0.5737215007857134,0.5944701005982949
669,17,X,X,D,1,0.27480932234443517,0.75,0.5485068622874671,0.5530834202229808
669,18,X,Y,J,1,0.25,0.7470997883064443,0.5451569246335036,0.5714247194849827
669,19,X,X,D,1,0.25598325867060956,0.7076660905590832,0.5446844704923129,0.5658228296458597
670,0,X,X,D,0,0.27069194012098174,0.4044251293081728,0.6025682619859487,0.5225804227425626
670,1,Y,Y,J,1,0.25,0.41367833424382644,0.6342665665141748,0.54331238875069
670,2,Y,Y,J,0,0.25,0.43398253860919,0.632524662244359,0.5252050362574591
670,3,Y,Y,J,1,0.25,0.48721713350442003,0.6278496831099362,0.46574758354673274
670,4,Y,Y,J,1,0.25,0.4816602427049983,0.6391560115738514,0.5052630221964322
670,5,Y,Y,J,1,0.299812852637785,0.4610444597209534,0.6791645595383244,0.4862712259959653
670,6,Y,Y,J,0,0.30038750640547296,0.5039644816597995,0.6683910822007721,0.4728914663300716
670,7,Y,Y,J,1,0.29858196852246377,0.4982568592704804,0.6520342628022596,0.4729260533223661
670,8,Y,Y,J,1,0.2749877140628141,0.5051792593322005,0.6471741980641849,0.4794036041846265
670,9,Y,Y,J,1,0.2636594186538265,0.5145471204491009,0.6778840841095473,0.44604534116178274
670,10,Y,Y,J,0,0.25,0.4992663976385546,0.636094807388244,0.40165093563516074
670,11,Y,Y,J,0,0.26222953244419156,0.5081900114040186,0.6324300190331141,0.36845679888646715
670,12,Y,Y,J,1,0.26534221621761034,0.5252733086494668,0.6471748358094025,0.34657279112884787
670,13,Y,X,D,0,0.25,0.5234745772858167,0.6554534302551518,0.3133462717285524
670,14,Y,X,D,1,0.2746160107652983,0.5231665866236253,0.672234333562968,0.28965344358171863
670,15,Y,X,D,1,0.28617621352723954,0.49618571052038624,0.6731446834497202,0.3240367161571668
670,16,Y,Y,J,1,0.2920345158339771,0.4948562266113713,0.6607419710700574,0.3141592202239942
670,17,Y,Y,J,1,0.2954587570507381,0.5214090666967972,0.637524149157395,0.3432832501931281
670,18,Y,Y,J,0,0.3464719343819966,0.50236413854597,0.6560353509010017,0.3585182954192807
670,19,Y,X,D,1,0.3918650767972296,0.5036927965838035,0.6456854740829158,0.37704422960535927
671,0,X,Y,J,0,0.6370867491164629,0.6843619370893905,0.2536777168908917,0.532992220133406
671,1,Y,X,D,1,0.6687921251107006,0.6864023860577391,0.2716306274618579,0.4996037103151724
671,2,X,X,D,1,0.7134650793367671,0.6034479347964096,0.320945683340304,0.4785049303235257
671,3,X,X,D,1,0.7441448892357808,0.6188597056448757,0.3395192339634411,0.499329368968645
671,4,X,X,D,1,0.75,0.6070486749426053,0.33998627340264925,0.49075762696059
671,5,X,X,D,1,0.7377021428336865,0.6455495143963097,0.3222602150315294,0.47199645043932337
671,6,X,X,D,1,0.7266679742292517,0.6742255355901391,0.33594971992456696,0.4764251289378218
671,7,X,X,D,0,0.75,0.693263352467368,0.3645677719491064,0.43050485531702304
671,8,X,X,D,1,0.75,0.6422195396125162,0.35616231287536093,0.4278831591406657
671,9,X,X,D,0,0.75,0.6346322569827728,0.32001059324196357,0.4250524224113123
671,10,X,Y,J,0,0.75,0.6421226574385964,0.2909013498493049,0.4235711018738105
671,11,X,X,D,1,0.7479617578967466,0.6875093910434463,0.31888971278589495,0.4061915682934099
671,12,X,X,D,0,0.75,0.7255318497986676,0.3415542663139058,0.4076956781334867
671,13,X,Y,J,0,0.75,0.75,0.31162477283435436,0.4001432189948988
671,14,X,X,D,1,0.7492643642629381,0.729455064251783,0.3107359727415082,0.3855668056224695
671,15,X,Y,J,0,0.75,0.7411219670009066,0.2853514236671374,0.3543864005691656
671,16,X,X,D,1,0.7205689685233627,0.7179679579191189,0.296929377285583,0.3654033029739203
671,17,X,X,D,1,0.7396478601978901,0.75,0.2912701240886884,0.3597751832711189
671,18,X,X,D,0,0.75,0.75,0.27914613006948163,0.35971647343941615
671,19,X,X,D,1,0.75,0.75,0.25329096680188407,0.35887858686008356
672,0,X,X,D,1,0.6834710202650678,0.5756969835272037,0.606266225184815,0.36110702962790003
672,1,Y,X,D,0,0.665490209868914,0.5838337745406134,0.5802769320686578,0.36761139965234313
672,2,X,X,D,1,0.6957349912405738,0.5789270697794408,0.6000425663885385,0.31821762231872386
672,3,X,X,D,1,0.7298319483070703,0.5259606352686833,0.585478116662864,0.3000431626937067
672,4,X,X,D,0,0.7477805777495038,0.552281325635706,0.565679135940051,0.29648853911845
672,5,X,Y,J,0,0.7154196063649262,0.548478091243315,0.5609041364663341,0.2904526254260855
672,6,X,X,D,0,0.7394853961907644,0.5629977029624972,0.5407950619113555,0.2901373619940056
672,7,X,X,D,1,0.75,0.5887111517470026,0.531074561832163,0.30953776502186797
672,8,X,X,D,1,0.7348989663694152,0.6107545680683374,0.5471106632322073,0.31958504027770374
672,9,X,Y,J,1,0.7382458817794398,0.6284412255179233,0.5229631843447694,0.2918923329118981
672,10,X,X,D,1,0.75,0.5918386809302333,0.5570963802224068,0.3086805430653753
672,11,X,X,D,0,0.75,0.5782948578501804,0.5711731015977188,0.31993138637806207
672,12,X,X,D,1,0.7217519943171874,0.5786290931735841,0.5828547262891154,0.3068789951822978
672,13,X,X,D,1,0.7109472381318845,0.5719159056486615,0.5607216954227622,0.31165595146527486
672,14,X,X,D,1,0.730836299467633,0.5826009936111461,0.5704520814618407,0.321647626086621
672,15,X,Y,J,0,0.75,0.5980293753950788,0.596117339833649,0.33443584456573794
672,16,X,X,D,0,0.7221779552544987,0.6284867875403719,0.5780583167957847,0.35499403090489756
672,17,X,Y,J,1,0.7293666709773018,0.6171343296344126,0.5537413767215883,0.37598174574152027
672,18,X,Y,J,1,0.711255385451124,0.6207687238155435,0.5907885259983994,0.38205546629398185
672,19,X,X,D,1,0.7069139023054725,0.6016786932989198,0.566556017507997,0.38389802934506106
673,0,X,Y,J,1,0.30244671329494394,0.6848641871437533,0.6928532962288481,0.27003600409006245
673,1,Y,Y,J,1,0.27930782423776856,0.7031768545027047,0.7249657626165826,0.25
673,2,X,Y,J,1,0.28401510330646795,0.7075617441383871,0.7483923056212727,0.29016504968482715
673,3,X,Y,J,1,0.25831619480273654,0.7198945664716766,0.7332681741800013,0.31999292311725985
673,4,X,X,D,0,0.2559960330392024,0.69137919240459,0.6756897030727678,0.29508304713184597
673,5,X,Y,J,1,0.27663565625565684,0.6891213309036328,0.6977121921465764,0.2762300437367566
673,6,X,X,D,0,0.27378640943470284,0.67108848731628,0.6991748356017866,0.27877157583815626
673,7,X,Y,J,0,0.27958531153401267,0.6726383394224146,0.7031207818206101,0.29648071356581646
673,8,X,X,D,0,0.32127681176501266,0.6899635312293809,0.6377981856247625,0.2949384892767611
673,9,X,Y,J,1,0.30984718313902915,0.6705188846053046,0.6287028575999152,0.3227262966766902
673,10,X,X,D,1,0.287180599258059,0.6772938230184191,0.6328916829902422,0.2991053792850979
673,11,X,Y,J,0,0.2652223193780183,0.6723245867031712,0.6298890263769085,0.31676713012756136
673,12,X,Y,J,0,0.26856865924955636,0.6585773893183932,0.6361055053802409,0.30668488720841414
673,13,Y,Y,J,0,0.250143994189047,0.6766185197330205,0.6046408676711146,0.3069263322557085
673,14,X,X,D,0,0.2581818153499847,0.6555169424383106,0.6016133238972036,0.29644009121432924
673,15,X,Y,J,1,0.25,0.6401621266919904,0.5700875010829499,0.3258701003457754
673,16,X,Y,J,1,0.26536577492982955,0.6479974680828048,0.6090446697967544,0.3157737334352535
673,17,Y,Y,J,1,0.30100343986152756,0.6184414979298011,0.595438181362535,0.3391486547262114
673,18,X,X,D,0,0.28566120946660195,0.6101146186253148,0.5681612802907385,0.3727025039496063
673,19,X,X,D,0,0.32633336967919846,0.6098851289030008,0.5395670447141081,0.3928481596072473
674,0,X,Y,J,0,0.6780319796100196,0.5007527004525967,0.30809941255413176,0.6101343691303001
674,1,Y,Y,J,0,0.6812400982830816,0.5266458911132833,0.29178103989154525,0.6166701634159667
674,2,X,Y,J,1,0.7068139059430223,0.529942201025126,0.29112482886154256,0.6211243347142837
674,3,X,X,D,1,0.7233646931767601,0.5391901821370477,0.2772602408355509,0.6184741958251025
674,4,X,X,D,1,0.7285330408307199,0.5405641561804557,0.34025305268191197,0.6069483455979354
674,5,X,Y,J,0,0.7368162513507092,0.5789279534351622,0.339366580412018,0.6044152527527298
674,6,X,X,D,1,0.717119242429571,0.5670421354503062,0.38790046735283373,0.6563004959943025
674,7,X,Y,J,0,0.7437667185246666,0.5817384210631192,0.3809160363130089,0.6822844796480518
674,8,X,Y,J,0,0.7030002437612844,0.5549221063005191,0.3738699627783877,0.6542213349412987
674,9,X,X,D,1,0.7087238577893257,0.5452198462976875,0.3991758824323968,0.6516084218687139
674,10,X,X,D,1,0.6978951503243144,0.51029513530844,0.4029049295240885,0.6441640975922026
674,11,X,X,D,0,0.7134430116029429,0.5300856293273167,0.4160074117160274,0.6443115575871263
674,12,X,X,D,0,0.6687530753889515,0.544451039294594,0.42413889081278666,0.6363892216483424
674,13,X,X,D,0,0.670089856595395,0.5553099375156298,0.43027436677754816,0.6562572722575761
674,14,X,Y,J,0,0.70092513958062,0.5483902326956678,0.4168220220414527,0.6590192804088554
674,15,X,X,D,1,0.7120047392729819,0.5301155360017588,0.4227278729569157,0.6592535002158445
674,16,X,X,D,1,0.6858161806156469,0.48828081289293734,0.44358587703387264,0.6110911688420996
674,17,X,Y,J,1,0.6997261140192339,0.5021694711310956,0.437288578601393,0.6852651349209855
674,18,X,X,D,1,0.6697439035905612,0.5276041805870562,0.46508087630471207,0.6678092697963809
674,19,X,Y,J,1,0.7055575429075531,0.4980626341788173,0.484175339630102,0.6177426581951964
675,0,X,X,D,0,0.25997765116543975,0.36503470247558406,0.4102849973492609,0.38503674622994016
675,1,Y,Y,J,0,0.25,0.3319580495271293,0.3822909547232596,0.39898047073496273
675,2,X,Y,J,1,0.25,0.3232010858390497,0.3358071067960683,0.4191518411803954
675,3,X,X,D,0,0.2566664279364699,0.31058550767975135,0.2989393669118268,0.41471363752935664
675,4,X,Y,J,0,0.25,0.30223206688392984,0.3218059154423703,0.41599283649678387
675,5,X,X,D,0,0.25,0.3245743729100125,0.3432931151329638,0.37738271840349835
675,6,X,X,D,0,0.25,0.33542315970508757,0.32774296828162885,0.3377239346640629
675,7,X,X,D,0,0.2640506888405767,0.3386094692136435,0.297474785534041,0.3239551749628462
675,8,X,X,D,0,0.25279941555082164,0.3531357581899574,0.31881650000163014,0.30590139083996515
675,9,X,X,D,1,0.26385841174208674,0.2967714458254689,0.34489049904484465,0.32026931747674825
675,10,X,X,D,0,0.2791531469448217,0.26541132302281506,0.3141308831695107,0.35332213566544074
675,11,X,X,D,0,0.28629238380212446,0.25,0.28602473935820694,0.3652391211916572
675,12,X,X,D,0,0.3052846738530361,0.25,0.31777556756837444,0.353546329709412
675,13,X,Y,J,0,0.29880309039295866,0.2553940897343152,0.35198237973324,0.34929778354317637
675,14,X,X,D,0,0.25,0.25329537113626366,0.3675716236483387,0.3311367823845545
675,15,X,X,D,1,0.25,0.2824158502991269,0.3538309011181129,0.2985138609515654
675,16,X,Y,J,1,0.25989062521569606,0.2843945368347799,0.3813057066571925,0.3316663275922547
675,17,X,X,D,0,0.25,0.258780797246604,0.38859129126643244,0.32687790538709083
675,18,X,X,D,0,0.25,0.25,0.33922339779350874,0.32737210442764997
675,19,X,X,D,0,0.2547142500103219,0.25,0.34723940283242233,0.38497461007291106
676,0,X,X,D,1,0.680576576727854,0.6304141560458535,0.27850384098445835,0.4717604147839417
676,1,Y,Y,J,1,0.6945296227942479,0.6075109427519053,0.26657197509493313,0.479315127444194
676,2,X,X,D,1,0.6905041774585825,0.5791518561811946,0.25,0.49428298885853705
676,3,X,Y,J,1,0.6504761149651022,0.5869646320444153,0.25,0.4963020904088781
676,4,X,Y,J,1,0.654142714390247,0.582726928375301,0.25,0.45923605188989464
676,5,X,Y,J,0,0.6503397709937369,0.5653432622545698,0.25359075717741747,0.44320024304982475
676,6,X,Y,J,1,0.6216363242939249,0.5168216782707263,0.25,0.4367545979739866
676,7,X,X,D,1,0.6044615147948883,0.4984141588248472,0.2586971454220754,0.42986852100226375
676,8,X,X,D,0,0.5695239964737212,0.5099221955567146,0.25,0.43260934307148885
676,9,X,Y,J,1,0.5734507719453563,0.4474703327503865,0.25,0.37669172439016607
676,10,X,X,D,0,0.55995397889368,0.4966173704286815,0.261799933786491,0.35834840015348063
676,11,X,Y,J,1,0.5654747766442172,0.5150316365219629,0.25,0.32545206983681124
676,12,X,X,D,1,0.5664211591848168,0.5091811903532983,0.2611248474080721,0.338496147247679
676,13,X,X,D,1,0.5785547174806914,0.5404491840933731,0.25,0.3489755323084071
676,14,X,X,D,0,0.5334162764296043,0.573182056664032,0.25,0.3271253667346483
676,15,X,X,D,0,0.4815432399044428,0.5796224289450732,0.25090486207814705,0.3140544836590675
676,16,X,Y,J,0,0.47333531121283823,0.5748215730995954,0.25,0.3409062461025905
676,17,X,X,D,1,0.47288551225103004,0.5744193486360248,0.28458586246877576,0.3287990737723362
676,18,X,Y,J,1,0.47701467860853186,0.5789238284864274,0.3403321970286991,0.35750148173854485
676,19,X,X,D,1,0.5288179099678711,0.5740562493809821,0.32778490636344815,0.3549167423233001
677,0,X,X,D,1,0.7237974370620375,0.42342610221394666,0.44503274300537143,0.7386105201204413
677,1,Y,Y,J,0,0.7063404088944835,0.43256657560512696,0.4879458264389664,0.7385260531998823
677,2,X,X,D,1,0.6444930364255155,0.44969339339349645,0.4694278766724689,0.75
677,3,X,Y,J,1,0.6646859522452132,0.4757451565055172,0.5313444153187941,0.75
677,4,X,Y,J,0,0.6541378351489117,0.4249101122492089,0.5579850093066272,0.75
677,5,X,X,D,0,0.6998491423212709,0.3924901353974788,0.5728505726340248,0.75
677,6,X,Y,J,1,0.6948096552767089,0.35579029187569283,0.591952902836174,0.75
677,7,X,Y,J,0,0.6663711678931316,0.3683839318666066,0.5676725601885134,0.7014228945489609
677,8,X,Y,J,1,0.6545352967049568,0.37280747472634107,0.5242072149901694,0.6783146780741174
677,9,X,X,D,0,0.6293712859959736,0.3517085324784198,0.5317948428386917,0.7056374798459162
677,10,X,X,D,1,0.6769826523939521,0.36785492616128934,0.5709434388586047,0.7284810918832828
677,11,X,Y,J,1,0.6245302227497137,0.34238703926898784,0.5757165450175449,0.7251109218235097
677,12,X,X,D,1,0.6489448970556017,0.34862252924222564,0.5618070739499751,0.7461833439108551
677,13,X,X,D,1,0.6286759766026895,0.3251808889655631,0.5710725573422641,0.7266635947328514
677,14,X,X,D,0,0.6183006291785061,0.29926821438471235,0.5485364687343823,0.7370676243222638
677,15,X,Y,J,1,0.618954709689657,0.27877282789446245,0.5056306076144262,0.75
677,16,X,X,D,0,0.660285940156457,0.26249510638797663,0.5347541993654814,0.75
677,17,X,Y,J,0,0.6750170077252133,0.26461587732698755,0.5203393330065387,0.75
677,18,X,Y,J,1,0.6548933464555119,0.2609480032947899,0.5267735721330158,0.7477174394231357
677,19,X,X,D,1,0.6293797549231577,0.25,0.5383915036009699,0.7432069634064864
678,0,X,X,D,1,0.6877826160540661,0.6999860623636838,0.6276091826256643,0.30072515269392364
678,1,Y,Y,J,1,0.6898512308877457,0.6471127707517544,0.5972836109561237,0.3302721083626354
678,2,X,Y,J,1,0.6932368388095482,0.6549234542652237,0.654081183918042,0.2898903573427809
678,3,X,X,D,0,0.6730789995854154,0.6337944339154362,0.662832276075524,0.30568808201513015
678,4,X,X,D,0,0.6690327928977358,0.6663812532599552,0.6880080879653641,0.2726738789049226
678,5,X,X,D,1,0.6756109577820789,0.6785944420979613,0.6877441522335606,0.27952331718052553
678,6,X,X,D,1,0.6837018500415943,0.7128492402231026,0.6812747020690522,0.25
678,7,X,Y,J,0,0.6284199320740097,0.75,0.6647111854026823,0.25
678,8,X,X,D,1,0.6266901382778634,0.7254374901192109,0.6625295941817538,0.30208189574759214
678,9,X,X,D,1,0.6329209456624018,0.7239648476622337,0.6300538424725826,0.31199227892843623
678,10,X,X,D,1,0.6470798527637494,0.7284695250818779,0.580669798836292,0.30428899310761814
678,11,X,X,D,1,0.6548504849934842,0.7240145449789843,0.6041860934603818,0.31345119640152586
678,12,X,X,D,1,0.6529822036652626,0.730104152723103,0.6211562246020312,0.3479792946103583
678,13,X,Y,J,0,0.6638326804986685,0.6950175665351274,0.5970590870162344,0.3573610207159487
678,14,X,Y,J,0,0.6779464010358999,0.7472375075515176,0.6484619294490273,0.349551055598597
678,15,X,X,D,0,0.6828220881684738,0.75,0.6111310420948597,0.3491244182013978
678,16,X,Y,J,0,0.6629862343943493,0.75,0.6339077729149751,0.3432173602223667
678,17,X,Y,J,1,0.6640633797287481,0.7010341139368028,0.6437712478067333,0.2965999719063301
678,18,X,X,D,0,0.6715544981505831,0.6802514186387392,0.6175998877085016,0.3358462427238766
678,19,X,X,D,1,0.6332981856703866,0.6854583822424026,0.6038813252067905,0.34391887944996996
679,0,X,X,D,1,0.5625449935775724,0.31880360471561775,0.31529162286242757,0.31574532896998847
679,1,Y,Y,J,0,0.5597970638797363,0.29536004170790486,0.34733093630308315,0.3212145293314161
679,2,X,X,D,1,0.5964483669925701,0.2536713867949546,0.347583903528689,0.30949116806392823
679,3,X,Y,J,0,0.6218505506391057,0.25,0.38071603538679,0.2813282887399198
679,4,X,X,D,0,0.6381146538565308,0.2599431500727992,0.3760472137055861,0.2619979198714505
679,5,X,X,D,1,0.6188459938458568,0.2653328356884814,0.359676322233083,0.2729845568646022
679,6,X,X,D,1,0.5989620521799333,0.26853150874260995,0.3661133311391416,0.2874625157834365
679,7,X,Y,J,1,0.5919687727982692,0.3134349323219492,0.41439413975370143,0.3112764335734694
679,8,X,X,D,1,0.5887311306622147,0.34250654661135904,0.4293901362064755,0.2812285399159967
679,9,X,Y,J,0,0.6033995366925725,0.30978844885117074,0.38777336874345425,0.28016287392963096
679,10,X,X,D,1,0.614441470133423,0.27792647648932595,0.4237859688951272,0.3016250264082896
679,11,X,X,D,1,0.6182474073377068,0.28677880289756447,0.4855081999730717,0.2671601424205977
679,12,X,X,D,0,0.633825378078333,0.3103060087480467,0.45267767754945215,0.2777409578661362
679,13,X,X,D,1,0.6514348527349161,0.3119019374340255,0.5005784208419972,0.25
679,14,X,X,D,1,0.6538511628728744,0.2926828188374265,0.47649465046997463,0.2698876191539712
679,15,X,X,D,1,0.6710078747505838,0.312922538544178,0.45899989404487923,0.31635607986774295
679,16,X,X,D,1,0.6432737489125551,0.28959718930744305,0.4410461218137721,0.3443055126275916
679,17,X,X,D,1,0.629716247022659,0.30890654270387324,0.47806812728466197,0.36945271100777477
679,18,X,X,D,1,0.6426513790473258,0.26856253974070193,0.49590216768310885,0.35385597789777284
679,19,X,Y,J,0,0.6612546632506207,0.25948945802069606,0.5360243838049216,0.35884368373321995
680,0,X,X,D,1,0.392939178445342,0.5801592899025463,0.6795070356586967,0.6871242099927812
680,1,Y,X,D,0,0.4124230921109997,0.6109730669237491,0.6894286261873858,0.684006720440603
680,2,X,Y,J,0,0.4145539505747586,0.5771033390284315,0.6761547761938226,0.715080006577079
680,3,X,X,D,1,0.4252556672671806,0.5633888970782651,0.6550505381727669,0.7157861824106787
680,4,X,X,D,1,0.4544211444643518,0.5791667071397335,0.7030007044479103,0.6634979256838218
680,5,X,Y,J,1,0.4468986901061661,0.5691583232990338,0.7039553240944911,0.665167586982514
680,6,X,X,D,0,0.43340318507064707,0.5933207643082067,0.6924512698729353,0.6524698400160028
680,7,X,Y,J,0,0.4551341229617371,0.5908096042285423,0.7165030626917669,0.6739712424362299
680,8,X,X,D,0,0.5037269533384993,0.5671024896982592,0.7215993870740786,0.6759867702223423
680,9,X,X,D,0,0.46932476228737535,0.5822437200642554,0.7134522942011965,0.6995414342368125
680,10,X,X,D,1,0.47230029644637356,0.6182207496723842,0.75,0.6970730008003727
680,11,X,X,D,0,0.5013195149928737,0.6026784960325903,0.7255937762630982,0.6945954171948554
680,12,X,Y,J,1,0.4979324892611212,0.6291221761599717,0.7166979584333595,0.6959529379007815
680,13,X,X,D,1,0.54976800779285,0.6476640395191696,0.7119309609822537,0.7271990564277153
680,14,X,X,D,0,0.5685064119250285,0.6724178154586685,0.7306322620648869,0.75
680,15,X,X,D,1,0.5932838039642392,0.6616268408048849,0.744744119440287,0.75
680,16,X,X,D,1,0.5853193119149893,0.6989012887784841,0.75,0.75
680,17,X,X,D,1,0.547878583378923,0.7056188336623718,0.75,0.74379377047577
680,18,X,X,D,1,0.5724694731953159,0.6756669276955789,0.7205499043428238,0.75
680,19,X,Y,J,0,0.5513290496141566,0.6467631065731424,0.75,0.75
681,0,X,X,D,1,0.7466322210005489,0.4202526639014131,0.35380935052819806,0.5779790856432869
681,1,Y,Y,J,1,0.75,0.3856929658703064,0.3321591649829635,0.5796101936229134
681,2,X,Y,J,1,0.7365208246702177,0.3434136284271009,0.34162369417871447,0.5704535831772354
681,3,X,X,D,1,0.75,0.33304026071452897,0.322606114256852,0.550935788793976
681,4,X,X,D,0,0.7346537459051808,0.3735442905821137,0.2817261839665385,0.5616548617100298
681,5,X,X,D,1,0.75,0.34932742598625943,0.2883589487623996,0.5559427567772263
681,6,X,X,D,1,0.75,0.3274987762832038,0.25279884199733044,0.5610436787362287
681,7,X,Y,J,0,0.75,0.3094088976823046,0.266533857279389,0.5347577165429339
681,8,X,X,D,1,0.7303390762905784,0.283849698910573,0.30836781152030923,0.553883681337068
681,9,X,X,D,1,0.7393013090809956,0.2695177183072158,0.31785791735450786,0.5406812732777257
681,10,X,Y,J,0,0.6693508863357723,0.2595684108300902,0.29276956260669507,0.5303560879672705
681,11,X,X,D,1,0.6800952568405638,0.2508282784442998,0.2700390583617441,0.5670733569885492
681,12,X,X,D,1,0.6542993142983096,0.25,0.2762161600464032,0.5292362132331548
681,13,X,X,D,0,0.6538826548493755,0.27015162094074224,0.25,0.5182493880106392
681,14,X,Y,J,1,0.6442432039707201,0.25,0.28606849840027615,0.5439729340011838
681,15,X,X,D,1,0.6021107219695396,0.25,0.3125959916888195,0.5522363129300887
681,16,X,X,D,1,0.6168753946406084,0.25,0.2960721250953213,0.5485504028917548
681,17,X,Y,J,0,0.6112147513423533,0.25,0.29558995448258324,0.5535148593364578
681,18,X,X,D,0,0.5656088003237554,0.2959594783058515,0.33208248740661767,0.5408720094079509
681,19,X,X,D,1,0.589675808406115,0.2592236031251629,0.3301602871648955,0.5617739114740151
682,0,X,Y,J,1,0.4899788858602248,0.540658025872069,0.29362867331077475,0.32742749502855656
682,1,Y,X,D,1,0.5050935065583522,0.5022341684779899,0.28305646403392914,0.31534918090232034
682,2,X,Y,J,0,0.485170470041042,0.5016119554752789,0.2734534113775922,0.3218027829028453
682,3,X,X,D,0,0.48841313868536357,0.5019500418145971,0.25,0.32666979649707845
682,4,X,Y,J,1,0.46470076851312003,0.5431563953244565,0.2555299452917882,0.30439233884205397
682,5,X,X,D,1,0.4586191975902279,0.5494066367735112,0.25,0.3051642915519642
682,6,X,Y,J,1,0.4701243173397797,0.5574791476533671,0.2578236481208816,0.30582019638277536
682,7,X,X,D,0,0.48769172636540215,0.5416121416472068,0.25,0.3365920071674864
682,8,X,X,D,1,0.47617037498475645,0.5435116308059774,0.26214365355442065,0.33210303041682915
682,9,X,X,D,0,0.463410632549939,0.5360108119289844,0.25,0.2988091677889657
682,10,X,X,D,1,0.42937025032246223,0.5761708901123874,0.31428290308566426,0.344363387427877
682,11,X,X,D,1,0.42059191929244183,0.5809539561082864,0.2841226883046868,0.37988356743363694
682,12,X,Y,J,1,0.4224262481239193,0.6171257832242107,0.27500969328588676,0.37753385337053175
682,13,X,X,D,0,0.4228831350660917,0.6279692894181726,0.25,0.39963994845525885
682,14,X,X,D,1,0.41664126353014486,0.5906429174808959,0.26307691927681254,0.4081948926609314
682,15,X,X,D,0,0.3964117297953331,0.59990828051136,0.27514917681578155,0.32856175845499136
682,16,X,X,D,0,0.3901285873260229,0.5939558766576916,0.29634319832150446,0.326051916236347
682,17,X,Y,J,0,0.37754837936158514,0.5946373496900191,0.33424383961373627,0.3350516236814309
682,18,X,X,D,0,0.40962436111369926,0.6141763931823261,0.3296959868051571,0.3178014463105829
682,19,X,Y,J,1,0.4154875085717454,0.625448438423595,0.32617840204543413,0.3471695631962203
683,0,X,Y,J,0,0.5057172913704471,0.6776206526889663,0.49329936657324597,0.4644813027357668
683,1,Y,X,D,0,0.4644283198947402,0.6702286835759553,0.4662850029054416,0.45070913434485516
683,2,X,X,D,0,0.4512381997581868,0.6988368779271489,0.46383209683564874,0.47031584402918053
683,3,X,X,D,1,0.4617730425402199,0.6929153791180638,0.4488869166344106,0.4702624379863369
683,4,X,X,D,0,0.4850168364738727,0.7162189930866125,0.4248336047809925,0.4420632742532585
683,5,X,X,D,0,0.495317862405205,0.7412116896392775,0.42655477244547846,0.4498944894968303
683,6,X,Y,J,1,0.4996552480573407,0.75,0.4553384196521361,0.4397950781419646
683,7,X,X,D,1,0.4637912828699533,0.75,0.4449124479784559,0.44526036043878425
683,8,X,X,D,1,0.5030277706585835,0.7350855770053512,0.46993771615661545,0.4663099326002198
683,9,X,X,D,0,0.49795230881744107,0.7252712073212687,0.48655837811580244,0.4634623090811678
683,10,X,X,D,1,0.5288962339436395,0.721933792065629,0.4684942624282869,0.4319081745800223
683,11,X,Y,J,0,0.5372033288064356,0.7233920263997845,0.4823201663118449,0.40689168341355014
683,12,X,Y,J,0,0.5235793254203932,0.7122270493866089,0.49583344006309593,0.4235861397691194
683,13,X,X,D,1,0.5035960788193663,0.7122246023545191,0.504866224407579,0.3776693967468441
683,14,X,Y,J,0,0.5221798047141957,0.7107040454122184,0.4642469887351548,0.3322213764099644
683,15,X,X,D,1,0.5002126331685663,0.7400871585868469,0.41411170646236206,0.302930129659422
683,16,X,X,D,1,0.5193456158216571,0.7227102579813057,0.42481320895444,0.2899892198678979
683,17,X,X,D,1,0.538874803599238,0.7047396224319543,0.4247862410513636,0.2534426392493287
683,18,X,X,D,1,0.5774351754617952,0.7304219974073898,0.41542643529109036,0.25
683,19,X,X,D,1,0.5528662608081245,0.7295287902463538,0.45808246149489906,0.25
684,0,X,Y,J,0,0.7258652910630241,0.31272646422240635,0.6648689049456078,0.32496243381964385
684,1,Y,X,D,1,0.6910373717175251,0.3125577501376414,0.7067991432519408,0.3226412219869844
684,2,X,X,D,1,0.6949867618042006,0.2963960240084225,0.7071148242407741,0.26033648277709703
684,3,X,X,D,0,0.6881992369393164,0.3066559696368602,0.7285927553206831,0.25189604922788095
684,4,Y,Y,J,0,0.7225600722247336,0.27279542730694606,0.7201347091563928,0.25
684,5,X,X,D,1,0.7007482427690366,0.2956268513685404,0.7397846482653403,0.27300148851014944
684,6,X,X,D,0,0.6730352747157435,0.297936044638003,0.7223507805002883,0.2934574922068033
684,7,X,Y,J,0,0.6557575515282251,0.2567621420231937,0.734365510623227,0.25
684,8,X,X,D,1,0.6331256524067861,0.2626942786429919,0.75,0.25
684,9,X,X,D,1,0.601992892435294,0.2561522198332488,0.7137204739304884,0.25
684,10,X,X,D,1,0.5791687991174985,0.25,0.715438453955294,0.2791259715611649
684,11,X,X,D,1,0.5675467446469901,0.2540048310209359,0.6932686828764364,0.2990567760900505
684,12,X,X,D,0,0.5396921923287246,0.2531636646608496,0.691379129129339,0.32425935209055523
684,13,X,X,D,0,0.5681229626546095,0.25,0.690847174563083,0.33090612614386217
684,14,X,X,D,0,0.603650028596212,0.2867408304555617,0.6736001172913394,0.38216108281232786
684,15,X,X,D,0,0.5858905458630238,0.26427239912410083,0.6583679760577651,0.41836321299951884
684,16,X,X,D,1,0.5965658412816373,0.25742535305944514,0.6334303530806179,0.4243948009849093
684,17,X,X,D,1,0.5689327000987341,0.28454460500869183,0.6305889370804632,0.4165459855666249
684,18,X,X,D,0,0.5810312787055306,0.2863982690717017,0.6325840206113617,0.4138668558487112
684,19,X,X,D,0,0.6035100320015102,0.2593420703169012,0.6073395465114433,0.4141329817722819
685,0,X,X,D,0,0.27158117761908857,0.4310293930728829,0.5764906445859819,0.3699494978503427
685,1,Y,Y,J,1,0.259472916314755,0.4428761489482066,0.5523254264795294,0.35664356642666606
685,2,Y,X,D,0,0.27829902035521065,0.4210011758928433,0.5416859224224154,0.32120414652288626
685,3,Y,X,D,0,0.25,0.3811257175256656,0.48931081311645946,0.3475964680048237
685,4,Y,X,D,0,0.2652545186739269,0.38719163315881683,0.4659885410810559,0.33064846642562895
685,5,Y,Y,J,0,0.2584252107991609,0.40690361141565984,0.5099815633967635,0.3541707333081586
685,6,Y,Y,J,0,0.25,0.4444954689860251,0.5093213647465522,0.3279007711612075
685,7,Y,Y,J,1,0.25,0.5003873338653836,0.4977908709677836,0.316829772338253
685,8,Y,X,D,1,0.25,0.49303813658471224,0.47656861431589714,0.3348856554837913
685,9,Y,X,D,0,0.25,0.5009928433646379,0.5015882430217549,0.31980654741561415
685,10,Y,X,D,1,0.2860480244454105,0.46457149756415367,0.5704662596743221,0.32282602342094946
685,11,Y,X,D,1,0.31404623623175676,0.46036216997434576,0.5610437067792974,0.35940749714808357
685,12,Y,Y,J,1,0.34726027191549136,0.4498462695738775,0.5497051668724308,0.3511022881925682
685,13,Y,Y,J,0,0.3878739966973431,0.4166821894906414,0.5085583926029785,0.3656655087796896
685,14,Y,Y,J,0,0.4133691299205925,0.43533585613869563,0.537745036283027,0.3976440697330211
685,15,Y,X,D,0,0.4236993693209057,0.4219798739805962,0.5244989633503735,0.40541807707587585
685,16,Y,Y,J,0,0.3955451280136316,0.4410458743801809,0.562357178550569,0.39632768263002993
685,17,Y,Y,J,1,0.39474257969074095,0.43198212541681913,0.6053324494638973,0.3984239122960775
685,18,Y,Y,J,1,0.3977238007917794,0.43458886454415346,0.6195209804258989,0.3578117580174972
685,19,Y,X,D,0,0.384072818583843,0.41039658055432177,0.6238752487198151,0.34073236906038945
686,0,X,X,D,0,0.5189183138439142,0.3237012082907059,0.6484162083751713,0.33352981009308397
686,1,Y,Y,J,1,0.5341172670908058,0.3233196695384527,0.6612700147385407,0.28827065673033486
686,2,Y,X,D,0,0.4959226518234741,0.3259929457173742,0.6387439672891677,0.33157115498281897
686,3,Y,X,D,0,0.555721586097671,0.29964879201924666,0.6281764564723228,0.31954059958607045
686,4,Y,Y,J,1,0.5762915691549495,0.28156661179753634,0.6257854655866979,0.3426614224529365
686,5,Y,Y,J,1,0.5476883274829171,0.28605494480190263,0.6433272520065011,0.3429830335500729
686,6,Y,X,D,0,0.5569884156197319,0.29178437907959753,0.6483438825939896,0.3263716015037836
686,7,Y,X,D,1,0.5729628028035995,0.30889496272191463,0.6251153755048869,0.2857569115785472
686,8,Y,X,D,1,0.5982303222038404,0.3053138308448789,0.6491138727564508,0.27185583718260997
686,9,Y,X,D,0,0.5803057416695996,0.30893434228261907,0.6375245616769973,0.25
686,10,Y,Y,J,1,0.5681077694538257,0.3279030481657289,0.6503367099761149,0.25
686,11,Y,Y,J,1,0.5806292225047386,0.3171723895593717,0.6421154299517718,0.25
686,12,Y,Y,J,1,0.6314438917763915,0.3615951738652691,0.6778704233544092,0.25
686,13,Y,Y,J,1,0.6583318261772307,0.3642177067314528,0.728906954926887,0.25635159689576137
686,14,Y,X,D,0,0.6832910106044191,0.3990658502300111,0.7003215637272884,0.2533127474233478
686,15,Y,Y,J,1,0.6540295214023932,0.4103960877543841,0.7039821985092181,0.25
686,16,Y,Y,J,1,0.6809379564932582,0.40320009920074645,0.7236983940609562,0.25473049845764967
686,17,Y,Y,J,1,0.6702896599422113,0.4304203486816528,0.7457432608031616,0.25
686,18,Y,Y,J,1,0.6814289861344549,0.42629988034841865,0.75,0.25
686,19,Y,Y,J,1,0.6703323712319673,0.4315628683524543,0.75,0.27738316599049706
687,0,X,X,D,0,0.6079713170741724,0.3099476439889372,0.6964612584829575,0.6134880219570558
687,1,Y,Y,J,1,0.612585443100985,0.34588729593958945,0.7108332819994244,0.6079177469712914
687,2,Y,X,D,0,0.6427597967442065,0.3159768389679296,0.7288935035552946,0.6127307087595463
687,3,Y,Y,J,0,0.6465690512485708,0.31731424611930104,0.7343072627113227,0.6004430706889643
687,4,Y,Y,J,0,0.6639973610248974,0.27438469401220655,0.7146246776100331,0.5646737510091195
687,5,Y,X,D,1,0.6591354342777829,0.30779536783323974,0.6919844648352814,0.5704188623233362
687,6,Y,Y,J,1,0.6575638350239583,0.3508518453305636,0.6878988649882505,0.5436766500492548
687,7,Y,Y,J,1,0.6616117101928013,0.36865521822712993,0.6737422817970006,0.5316957859596777
687,8,Y,X,D,1,0.6728004810083559,0.3584440424681158,0.6997499175761431,0.5462312757756346
687,9,Y,Y,J,1,0.6762437447655714,0.3365112394611913,0.6988558931692102,0.5596280950134158
687,10,Y,X,D,0,0.6544859055845859,0.32291984892307524,0.7319864268563493,0.5234684658197094
687,11,Y,X,D,0,0.6068955820276166,0.308696301110315,0.6789204820557038,0.5400356262915417
687,12,Y,Y,J,1,0.6130169891755252,0.2941936385411775,0.6602834814590313,0.5870534614093172
687,13,Y,Y,J,1,0.6072712238493176,0.30771035683731646,0.6700549803014106,0.5618198895740099
687,14,Y,X,D,0,0.5964517105205018,0.2738476737086484,0.6428445291024032,0.5936667200581985
687,15,Y,Y,J,1,0.5964360374967386,0.291527282383484,0.6303590216060011,0.5573893067911941
687,16,Y,Y,J,1,0.5633597577507068,0.29179357697832964,0.6518105492292677,0.5389106146232782
687,17,Y,Y,J,0,0.5789783096415168,0.2961210531356573,0.6605419481203707,0.5312299446767559
687,18,Y,Y,J,1,0.5949703666218557,0.289195636405383,0.6600311941887864,0.5292310762786588
687,19,Y,Y,J,1,0.5941631400881203,0.27076883562908266,0.6641826939092057,0.5285300964890434
688,0,X,Y,J,0,0.5906477146050144,0.3137120082427368,0.5826266347802551,0.5852955128227173
688,1,Y,Y,J,1,0.5839792283904444,0.264050497963625,0.6007637290750718,0.5475271545785587
688,2,Y,Y,J,0,0.5852580708220765,0.3167593123054681,0.6224313109615104,0.5474998621800727
688,3,Y,Y,J,0,0.569156056196586,0.353487511135909,0.6203045012881085,0.5446921973972145
688,4,Y,Y,J,1,0.5264241023779197,0.3470453389769116,0.6092690062138437,0.5609824106219673
688,5,Y,Y,J,1,0.5214285647679041,0.3227266052413376,0.5976772693698358,0.5703146686561396
688,6,Y,Y,J,0,0.5328276231934238,0.3207824505267773,0.5800403099602531,0.5336358144116559
688,7,Y,Y,J,0,0.5388917705361623,0.28578496760102384,0.5938782395430231,0.5101854149123939
688,8,Y,X,D,0,0.5435481128844685,0.2871841698441947,0.6299614963365995,0.5271118154734696
688,9,Y,Y,J,1,0.5310045578208212,0.3196898015696258,0.6582168962310574,0.5295383004132866
688,10,Y,Y,J,1,0.5755953660785708,0.3252395765497804,0.6695721039160687,0.5140415604580987
688,11,Y,Y,J,0,0.5796705602179203,0.35365391094822274,0.6774892642162887,0.5005270463409374
688,12,Y,Y,J,1,0.5975740459106542,0.32516558234514636,0.6660772879075884,0.5119303763219301
688,13,Y,Y,J,1,0.6060641598970108,0.4018527182594589,0.6889120955890035,0.5029199941882706
688,14,Y,Y,J,1,0.5943386596211645,0.40855591655345413,0.6941449510833821,0.5375633317371783
688,15,Y,Y,J,1,0.6174066813464916,0.42845262648988364,0.6949322888994027,0.5169386353176708
688,16,Y,Y,J,1,0.6269735918576003,0.4094727320908131,0.6629122625822169,0.49177371931845526
688,17,Y,Y,J,1,0.6414841466928131,0.36925251093837425,0.658400824791102,0.4930220931263945
688,18,Y,Y,J,0,0.6367275181751898,0.370891147058095,0.6245848880304359,0.47765751699864595
688,19,Y,Y,J,1,0.6512548335532806,0.3698387738018307,0.638672351535663,0.4910219907356167
689,0,X,Y,J,0,0.45699766069359554,0.5295564698694127,0.32132436429211525,0.48064199338890606
689,1,Y,X,D,0,0.46931510410994776,0.46767129865744905,0.31094743139028286,0.4618386964491262
689,2,X,X,D,0,0.45354898718974596,0.42968092782349726,0.32968762330742873,0.4809873446342129
689,3,X,X,D,0,0.4844613652139376,0.4406830725252527,0.3101354938384088,0.4654462302223344
689,4,X,X,D,1,0.5477411833553434,0.4752394719149042,0.3560848575641969,0.4481041347975501
689,5,X,X,D,1,0.5408931828931287,0.45687542692524696,0.3510960224653396,0.45193799775544613
689,6,X,X,D,1,0.515367368038701,0.4890018764946275,0.38020938495889184,0.447317968289473
689,7,X,X,D,0,0.4824579945235493,0.42992652084695504,0.40135304454051585,0.4653217598205104
689,8,X,X,D,0,0.47203781095976555,0.3813875802331458,0.3958633706535607,0.48913478600451
689,9,X,X,D,0,0.4439844947759758,0.37161902836930677,0.37639328691924645,0.4669376659984759
689,10,X,Y,J,1,0.4320413076018922,0.37047329737459184,0.36861933893211374,0.4310372608771642
689,11,X,X,D,1,0.463448059961751,0.35761588511429837,0.3641323982443018,0.43357115248893496
689,12,X,X,D,1,0.4834210945646654,0.3757330204314208,0.34564922484769917,0.41302647331468906
689,13,X,X,D,0,0.4233326699302141,0.3724716205702637,0.3699975643830315,0.43185687822183216
689,14,X,Y,J,0,0.3940904590499189,0.3743580528260558,0.39966501028954454,0.443306847613033
689,15,X,X,D,0,0.39798036813782045,0.3407222634161485,0.40980923243580936,0.46243882842841993
689,16,X,X,D,0,0.3859345492051894,0.3419852718412047,0.4071002920434383,0.5040746161514837
689,17,X,Y,J,1,0.3831966509168732,0.3676034722791597,0.43293348964562045,0.4975088301734911
689,18,X,X,D,1,0.3715942962426389,0.3372146560624954,0.4317482755720888,0.5051264771245416
689,19,X,X,D,0,0.35835818666123476,0.3492821581401964,0.3979028448825425,0.4994107398399559
690,0,X,X,D,1,0.606839706960006,0.6556842297096694,0.6998086497226828,0.300779807420365
690,1,Y,X,D,1,0.6440237510325807,0.681709939148475,0.7256551543578439,0.2988047455699588
690,2,X,X,D,1,0.6346416078482937,0.6857927671873849,0.732843398033977,0.35387810902923256
690,3,X,X,D,0,0.610592962070792,0.6703525308854331,0.75,0.32488767743147645
690,4,Y,Y,J,1,0.602360969030433,0.6954672289535607,0.7433949584710242,0.2988698446415749
690,5,X,Y,J,1,0.5939581357452207,0.6876636295861763,0.75,0.3081875662453822
690,6,X,X,D,0,0.5720676252437552,0.6786027721436247,0.6974332566335724,0.3147091966975385
690,7,X,Y,J,0,0.5765255248304685,0.7141858406931088,0.6997915959528626,0.2912623814599057
690,8,X,X,D,0,0.5874973124571263,0.7351287197294936,0.7470236174308629,0.27997160142864835
690,9,X,X,D,1,0.6406713666473334,0.75,0.7109359034807134,0.2653506830900164
690,10,X,Y,J,0,0.6113007007936401,0.75,0.75,0.2576982510010124
690,11,X,Y,J,1,0.6044686194016097,0.7480715304813023,0.7219224703983762,0.2806338491300689
690,12,X,X,D,0,0.5866317355696291,0.75,0.7292501293602653,0.302957350221982
690,13,X,Y,J,1,0.5879116630238342,0.75,0.7369303660722664,0.3014847850448698
690,14,X,X,D,1,0.6443553333299203,0.7421468003280846,0.7269231270864507,0.30461041441508047
690,15,X,Y,J,1,0.6378675518111141,0.7200938174294025,0.7184763663138527,0.34271074425227627
690,16,X,X,D,0,0.6067600813428684,0.7289441654283826,0.7365440880170054,0.31577240584498567
690,17,X,X,D,0,0.6035876293438055,0.75,0.7322561880962468,0.3631698203698711
690,18,X,Y,J,1,0.5879402926692816,0.75,0.7342675222382993,0.39946336240169117
690,19,X,X,D,1,0.5846176830037515,0.75,0.7482529008538313,0.41168928224753587
691,0,X,X,D,1,0.6099846188268017,0.7274459623767546,0.46178696204827896,0.5334972233350654
691,1,Y,X,D,1,0.6338588855301485,0.698362049251554,0.468956482878276,0.5390935973378967
691,2,X,Y,J,1,0.6583920911009744,0.6826469242051381,0.49893333561343445,0.5426954554067006
691,3,X,X,D,0,0.6540681328654352,0.694149929610853,0.4859926630304421,0.5529882266877564
691,4,X,Y,J,1,0.6592226524806438,0.7054278601992314,0.5110622487699177,0.5578888397943279
691,5,X,X,D,0,0.6379893717003559,0.6691995671350548,0.5456832442289756,0.5660521955998516
691,6,X,X,D,1,0.6553769911061521,0.6795253216989068,0.523018956729798,0.563321759422705
691,7,X,X,D,1,0.6478895857378777,0.6652219598397697,0.5721596263210845,0.5894973947982004
691,8,X,X,D,1,0.6744596260835183,0.6566811535243944,0.5732468602710493,0.6284775656827267
691,9,X,X,D,1,0.6578118054825955,0.6343290546213665,0.5706731343096009,0.6119445344459868
691,10,X,X,D,0,0.6764127379073115,0.6570709478174172,0.5540941769818252,0.621506420879021
691,11,X,Y,J,0,0.6894267551269934,0.6628362663898035,0.568380190991474,0.6479101714210924
691,12,X,Y,J,0,0.687267172622202,0.7052827426551813,0.5199350778331298,0.602374628393076
691,13,X,X,D,1,0.6684641860337401,0.6743665344516807,0.5342004995209124,0.6274830326452546
691,14,X,Y,J,0,0.6635278075833974,0.6942764183273354,0.5413645308164795,0.5934349134131371
691,15,X,X,D,1,0.6926348788050846,0.6847081056762595,0.5186230783457085,0.608932436722118
691,16,X,X,D,1,0.7285017622369225,0.6656928352775385,0.552585336302607,0.6088246971560218
691,17,X,Y,J,0,0.7399146367232353,0.6476708477216294,0.5535503840073429,0.6344971558838234
691,18,X,X,D,1,0.75,0.6545148077823763,0.5429200085909778,0.656648976720401
691,19,X,Y,J,1,0.7497489701623083,0.6728803144562612,0.5437602690196446,0.6110883281275192
692,0,X,Y,J,1,0.6235699385709553,0.7279356166414848,0.4074057396311626,0.2967651708655781
692,1,Y,Y,J,0,0.6273659794039281,0.7297301215430588,0.4090057302722343,0.2665526069407885
692,2,X,Y,J,0,0.6521215387076083,0.7020647427881188,0.394424329642753,0.2693680862760317
692,3,X,X,D,1,0.6641083395072752,0.7132417444445722,0.4610943063084073,0.25
692,4,X,X,D,0,0.6618702768529989,0.7254608571773977,0.4452711360798214,0.25
692,5,X,X,D,0,0.6737173285668436,0.7348901648606407,0.45718605273086116,0.26115321440652706
692,6,X,X,D,0,0.7097919552036747,0.736469752504203,0.481452363326891,0.25
692,7,X,Y,J,1,0.7225430380383605,0.7163060961021058,0.4654526389220744,0.26047166021620577
692,8,X,X,D,1,0.6835154158762136,0.7211725293997043,0.44548402194177594,0.282824432526372
692,9,X,X,D,1,0.6309339116278476,0.7092238093840694,0.4275473960420214,0.31503050027521196
692,10,X,X,D,1,0.6745556972048474,0.7312497618678689,0.3941262467741288,0.2921839145540201
692,11,X,X,D,1,0.6926182648822318,0.75,0.4078011035260432,0.27818727136362387
692,12,X,X,D,1,0.7188528229420222,0.75,0.3639935943005267,0.3000019802013666
692,13,X,X,D,1,0.75,0.7326959080747464,0.37671107723299935,0.34980029195705925
692,14,X,X,D,1,0.7377499636734655,0.7437070701133599,0.3542132756518913,0.33138518869310624
692,15,X,Y,J,0,0.6776292890721274,0.7074878350071531,0.35636045092613294,0.35000012549963605
692,16,X,X,D,1,0.6204166109064895,0.7100349723732705,0.32492119935783437,0.37091714358843364
692,17,X,Y,J,0,0.5903941275951828,0.6809454924719736,0.3362187193671164,0.3998069265841252
692,18,X,X,D,0,0.5766896737189804,0.7016164685614675,0.36358186544851767,0.41645725316549714
692,19,X,X,D,0,0.5809133453971165,0.6935428749338673,0.35510355175871083,0.3741709000087829
693,0,X,X,D,0,0.449511200067566,0.4809161218807266,0.734691576957078,0.4614892684717294
693,1,Y,Y,J,1,0.46456148187464646,0.5081833812323918,0.718930939612846,0.46809120005021443
693,2,Y,Y,J,0,0.49031602312401285,0.5239467128799024,0.7177226956426249,0.48999014969332516
693,3,Y,Y,J,1,0.49624944991462505,0.5535313200552064,0.6883355524899968,0.4864935521771475
693,4,Y,Y,J,1,0.48940942172816276,0.5325257712971273,0.715849942638919,0.5052708091365926
693,5,Y,Y,J,1,0.48243215797346545,0.5047999487715087,0.7220251210688936,0.4947058783776552
693,6,Y,Y,J,1,0.5002331246687661,0.5391669322167344,0.75,0.471549747437622
693,7,Y,X,D,1,0.5354204871686649,0.5581870805959457,0.75,0.5046280162423884
693,8,Y,Y,J,0,0.5262751345281259,0.5740457638398277,0.6865155205386999,0.49668827758060463
693,9,Y,Y,J,1,0.5638027910680773,0.5734711948193638,0.644254691425935,0.5489452443178076
693,10,Y,X,D,1,0.5479538437339854,0.5942209797777226,0.6346001954494618,0.5663749373869217
693,11,Y,X,D,1,0.5660400454195852,0.5951823800949114,0.659696823537633,0.5806389674801535
693,12,Y,Y,J,1,0.5336425248338232,0.6275336436290585,0.6809256905455606,0.5682182030562974
693,13,Y,X,D,1,0.5063326424026031,0.5929204324591415,0.6676331417952636,0.5780635789598374
693,14,Y,Y,J,1,0.5004092662360907,0.5857756615341397,0.6477975355423788,0.49401101532159397
693,15,Y,Y,J,1,0.4928604164939877,0.6046964810558866,0.613807939837745,0.5094105579224515
693,16,Y,Y,J,0,0.5007515432252123,0.5750130477569093,0.5997607325113852,0.5052863440972868
693,17,Y,X,D,0,0.4421363794318727,0.6116306789885115,0.6102753941196818,0.5358611439048441
693,18,Y,Y,J,0,0.42322667752891535,0.6080604781951441,0.6244881124115587,0.5645177284183108
693,19,Y,X,D,0,0.4435772015212664,0.5645837937837261,0.6145316015460178,0.5429249214312906
694,0,X,X,D,0,0.47104395717896286,0.30616241751612727,0.6090303777086865,0.7491103192539508
694,1,Y,X,F,0,0.4866100557161159,0.2850148974586155,0.6620955856278709,0.75
694,2,X,X,D,0,0.4562049955358598,0.25,0.6806694840149033,0.74180633915521
694,3,X,X,D,1,0.4171004016966675,0.2592069956385482,0.712730351357468,0.75
694,4,X,X,D,0,0.450122400064865,0.25447687477190234,0.7251832297497035,0.75
694,5,X,Y,J,1,0.4190610893171044,0.26552061536242766,0.7336466675858633,0.75
694,6,X,Y,J,0,0.44476154179468447,0.31221876298842394,0.7240131290691143,0.75
694,7,X,X,D,1,0.46754501482480565,0.2681023329556579,0.6834589714446598,0.7166970609755138
694,8,X,X,D,1,0.4383007550817919,0.25,0.7378940853627769,0.730616903200647
694,9,X,X,D,0,0.4574916564377378,0.25931181301667316,0.7019562305350863,0.7263624213741054
694,10,X,X,D,0,0.4934332938045078,0.3197158997042455,0.6847427135249885,0.75
694,11,X,X,D,1,0.4477243454664255,0.32567784037582054,0.6850888092624184,0.7444934434639419
694,12,X,X,D,0,0.45838117340120255,0.3406571434457849,0.651114293025231,0.75
694,13,X,X,D,1,0.4655077950530633,0.33921062969825944,0.6287628473571663,0.7463216042912733
694,14,X,X,D,0,0.45765950525639587,0.3332133000435526,0.6179056133710865,0.75
694,15,X,X,D,0,0.46603185449747137,0.3127310471699033,0.6772645448789438,0.75
694,16,X,X,D,0,0.4793543040121686,0.317677426358646,0.6591466050785315,0.7342760936431244
694,17,X,Y,J,1,0.4972194221320974,0.37130243533303353,0.6599996495528332,0.7409328166806347
694,18,X,X,D,0,0.5176162592821545,0.3823255727419868,0.6717055332505022,0.7277129234600298
694,19,X,X,D,1,0.4894378303822598,0.3715972780116478,0.6785598254359578,0.6608413082280231
695,0,X,Y,J,0,0.6755443699449823,0.5610995167958015,0.6946805419275797,0.485384140253416
695,1,Y,X,D,1,0.6912242260918144,0.5658257766431187,0.6989161171668737,0.4831171757326274
695,2,X,X,D,0,0.6874814787816007,0.547815344580933,0.6639313953946422,0.5055869870909567
695,3,Y,Y,J,1,0.6893956589302297,0.5526399923912394,0.7294653576849044,0.48354286405522917
695,4,X,X,D,1,0.6363660225625404,0.5262759835805987,0.739200206131536,0.4856117676142883
695,5,X,X,D,1,0.6528318682143602,0.5079650197488732,0.7287529877208917,0.4882649242987102
695,6,X,X,D,0,0.6361504567874187,0.48653254097629894,0.75,0.4974475796472481
695,7,X,X,D,0,0.6419408224829293,0.5006905062802176,0.7249603663391159,0.5179946538197037
695,8,X,Y,J,0,0.6319809620890088,0.4872731676447149,0.7335300435976123,0.5252015821174656
695,9,X,Y,J,1,0.5970496712757929,0.5220007775728159,0.7138182300844571,0.5460246744063375
695,10,X,X,D,1,0.5491151250424434,0.5363336762493988,0.731542501491483,0.5563370703459832
695,11,X,Y,J,1,0.5626085901864903,0.5037292785703595,0.7094483892310215,0.5407699474171305
695,12,X,Y,J,1,0.6137788972600335,0.42884326499768266,0.7106656190794521,0.5625329748398136
695,13,X,X,D,1,0.6234638630863107,0.4192062830088024,0.72758818255426,0.5940159046623007
695,14,X,Y,J,1,0.5761070359916559,0.4313030097264652,0.75,0.6017638944575892
695,15,X,X,D,1,0.5783431128197267,0.43188582784611423,0.75,0.5995051968872129
695,16,X,X,D,1,0.5620022251360676,0.41562302361470177,0.75,0.6378170954174603
695,17,X,X,D,1,0.549125075875826,0.3925325744360616,0.742197610427164,0.6431986528173615
695,18,X,X,D,0,0.5555341444793628,0.39784530961845316,0.7437453023974435,0.6737387158835489
695,19,X,X,D,0,0.5449491283411471,0.4208900566644894,0.75,0.6771530987184304
696,0,X,Y,J,1,0.48213216066788095,0.7048183834854145,0.49135046151494893,0.32293487733809934
696,1,Y,Y,J,1,0.4628459243371133,0.6858147271996321,0.4944443316465178,0.35654632198559894
696,2,X,X,D,0,0.4473253956275187,0.7043566536757532,0.5402722320290496,0.3522858682128397
696,3,X,X,D,1,0.4274460894015378,0.6822703813539404,0.5292597285414921,0.3530318984581614
696,4,X,Y,J,1,0.3960654561259468,0.6734416664771334,0.5367043941107427,0.38007804015362373
696,5,X,X,D,1,0.3818258607276619,0.6711002187820831,0.571889343790589,0.3846734846832026
696,6,X,X,D,1,0.4163942293802851,0.6843212075072368,0.5687094677304751,0.3581658023929368
696,7,X,X,D,0,0.42726040843694013,0.6949122030924618,0.5448388110603746,0.34920150820332224
696,8,X,X,D,1,0.4591832639829462,0.6822758321742973,0.5719305571294087,0.3384863083728842
696,9,X,X,D,0,0.5036002160717987,0.6730688568784939,0.5707453104968271,0.37892309043085015
696,10,X,Y,J,1,0.49213014739345934,0.6935942851698947,0.5849511700980863,0.36304294039632184
696,11,X,X,D,1,0.5096209108926367,0.711067110182432,0.5837908172823864,0.3570513947610563
696,12,X,Y,J,0,0.5089019136507622,0.75,0.5947025215263168,0.3640487200562316
696,13,X,X,D,0,0.510103076585257,0.7249363165534591,0.5616527348766782,0.38106228093142436
696,14,X,X,D,1,0.48533676347126065,0.75,0.5299185051897914,0.3717961045821068
696,15,X,Y,J,0,0.4942544959547669,0.75,0.5111343459519571,0.3734921366398163
696,16,X,X,D,1,0.47377432104612865,0.75,0.4977301663644464,0.40504828754617683
696,17,X,Y,J,0,0.45007081712297947,0.7463003940740516,0.4864113008537393,0.37158540552457603
696,18,X,Y,J,0,0.46816625717022425,0.7053459675042244,0.508119929802669,0.35273980954699635
696,19,X,Y,J,0,0.4490341598864324,0.7327184018300537,0.47426407841420243,0.3350370752876051
697,0,X,Y,J,1,0.5471950472474791,0.6133501657159994,0.532529800212246,0.3484131678247557
697,1,Y,Y,J,1,0.5704314361239977,0.5809003352251647,0.48859129895832654,0.3254778273077961
697,2,X,Y,J,1,0.5875477130021473,0.5556716649483129,0.5089301485488493,0.32705092825376914
697,3,X,X,D,1,0.5878432091993095,0.5603162766069348,0.5029080881004863,0.31173001062252975
697,4,X,X,D,1,0.5638108502298055,0.6262143629704634,0.465039102854765,0.3186787392767864
697,5,X,X,D,1,0.5682685304429195,0.6171604932200242,0.45774401357079486,0.3161884553710113
697,6,X,X,D,0,0.5518685890139422,0.6342332300783091,0.4849776765611805,0.3008261228295727
697,7,X,X,D,1,0.5496469829494492,0.624366497272015,0.44999751781555114,0.257422290250151
697,8,X,X,D,1,0.5734738666798114,0.6403092297820527,0.3964431607972956,0.25
697,9,Y,Y,J,0,0.5849517332962221,0.6525570193226247,0.4520802136912985,0.25
697,10,X,Y,J,0,0.5830795742841014,0.6260619918857392,0.44227362834395584,0.25
697,11,X,X,D,0,0.6072132145735569,0.614897301045949,0.42152270842930833,0.25
697,12,X,Y,J,0,0.5925470078872135,0.601406640559426,0.38655895579370514,0.25
697,13,X,X,D,0,0.6199816358782387,0.6010389777602531,0.4040347004962517,0.26838787633714134
697,14,X,X,D,1,0.6312070462091776,0.6104050865159739,0.4276772873029797,0.2608638492587797
697,15,X,X,D,1,0.6544903996488785,0.5889163031086156,0.4245296402819621,0.2928201216334679
697,16,X,Y,J,0,0.5808175824014936,0.5694179956798748,0.4479313455343473,0.2576021890279076
697,17,X,Y,J,1,0.6196894468799834,0.5692365362519923,0.46584985711562327,0.25
697,18,X,Y,J,0,0.6356725012188821,0.5827325710751313,0.4694416959864169,0.25
697,19,X,X,D,0,0.6262762705103047,0.5732110165909248,0.5074180500025371,0.25
698,0,X,X,D,1,0.5088740054961962,0.4202782589720844,0.7158266026674862,0.6459704179508043
698,1,Y,Y,J,1,0.515989894272462,0.41219939841747094,0.7474701334433068,0.6823086610530057
698,2,X,X,D,0,0.4910385202530785,0.4296138495805166,0.75,0.6784353295515033
698,3,X,X,D,0,0.5015155781657061,0.39785314103223485,0.7305726738568834,0.6737300052097815
698,4,X,X,D,1,0.4883035501622675,0.40713184208097286,0.7457179119879117,0.6989939691070246
698,5,X,Y,J,1,0.4940440823839084,0.38268698494974573,0.7298422950404441,0.7092129702079855
698,6,X,X,D,1,0.4833237534092073,0.36588779192717197,0.746225940218682,0.7092230687943848
698,7,X,Y,J,0,0.4409248525216003,0.3545033899476809,0.75,0.6647446608726806
698,8,X,X,D,1,0.4009641909525288,0.33614980741198175,0.75,0.6884801479489769
698,9,X,X,D,1,0.41407423715554614,0.331522087513463,0.7411774536810801,0.6941483689672993
698,10,X,Y,J,0,0.4368884935730923,0.31019906365619926,0.75,0.7188357257448814
698,11,X,Y,J,0,0.47006476070341335,0.35078845509789025,0.7301028252789563,0.7104943215338123
698,12,X,X,D,0,0.45542091945632646,0.37777993569669566,0.744395111795144,0.7330014041142866
698,13,X,X,D,1,0.48212449528890294,0.3544352670491027,0.75,0.7301691982247198
698,14,X,X,D,1,0.4967266868808103,0.36901466947130623,0.7169844881965917,0.7478038310837953
698,15,X,Y,J,1,0.5268744363131075,0.3931478468899166,0.75,0.7486026947296038
698,16,X,X,D,1,0.5381788118536265,0.4102595017588407,0.7223675990282875,0.75
698,17,X,Y,J,1,0.5210494344177041,0.37510012624930306,0.6693679484463602,0.7455032071678319
698,18,X,Y,J,0,0.48893908738340247,0.34420300565123235,0.6452092766198637,0.75
698,19,X,X,D,0,0.4539196389937289,0.29741544996923397,0.6833618449560527,0.75
699,0,X,X,D,0,0.5843421743619945,0.391214959355063,0.42287347052736957,0.7220296457238533
699,1,Y,Y,J,0,0.6106390492485955,0.37002104485889503,0.4473104835499171,0.6927360793616368
699,2,X,X,D,0,0.6010282099274337,0.374673716168162,0.431159328337209,0.7051365798393807
699,3,X,X,D,0,0.5642433777068413,0.3962493326428323,0.44485250024607387,0.7335577931772215
699,4,X,Y,J,1,0.5774002738876325,0.37297630414448074,0.4433269544770067,0.75
699,5,X,Y,J,0,0.5667487310007813,0.34665915326730584,0.454411749017925,0.7447214569566627
699,6,X,Y,J,0,0.6007984025097242,0.3825849151810653,0.41254529374151083,0.7341725713151872
699,7,X,X,D,1,0.6263123590351662,0.36421982463617736,0.41295575657294215,0.7174599600026128
699,8,X,X,D,0,0.6367321846899847,0.34563694197520695,0.41153076498730223,0.7075309730056044
699,9,X,X,D,1,0.6545670548874367,0.3830281692113683,0.42170320614055345,0.6997931749678161
699,10,X,X,D,1,0.58818169328926,0.36513232668424533,0.4485881822857605,0.6653332583732738
699,11,X,X,D,0,0.5714462223190523,0.3733468070528626,0.5071693880118228,0.6715668604734624
699,12,X,X,D,1,0.5586704306078568,0.3483394839931726,0.4988823984080889,0.7185109811140505
699,13,X,X,D,0,0.5235264882466041,0.31245905460426304,0.48762231472223944,0.7077289395101026
699,14,X,X,D,0,0.5247965088451679,0.31454215378919514,0.49217555991141865,0.7044462614150886
699,15,X,X,D,0,0.5138498956880276,0.30244649085864866,0.4513508878384585,0.7349511242643674
699,16,X,X,D,1,0.5371506729532324,0.28587876347994307,0.4610743839512681,0.7400026865373379
699,17,X,Y,J,0,0.5150517473518856,0.30597153160581025,0.4721368282155809,0.75
699,18,X,X,D,1,0.5095176386780543,0.285116131049722,0.49831223368627214,0.75
699,19,X,X,D,0,0.505100011791005,0.3170686217802381,0.5066488652616374,0.7363294782977944
700,0,X,X,D,1,0.5968987736190786,0.33867000858883367,0.3895817503687414,0.3710160377656282
700,1,Y,Y,J,0,0.6104864569632461,0.3861170792368755,0.40665379412441915,0.3836934673727517
700,2,X,X,D,1,0.614955577701209,0.3724922255591006,0.4297386328043244,0.37455063776442976
700,3,X,X,D,1,0.6414555582550578,0.3484673462402429,0.4253168050615463,0.35153792965631486
700,4,X,Y,J,1,0.6473193966187915,0.34547367705193066,0.447901597342039,0.36691726784556095
700,5,X,X,D,1,0.6558123408651568,0.3714115966823965,0.46090340182749334,0.33271945037139844
700,6,X,Y,J,1,0.6297917662107301,0.3881245491409077,0.45483906115111894,0.3125749904526946
700,7,X,X,D,0,0.6210597674142596,0.40289687081955594,0.5266557433426012,0.3142215881852748
700,8,X,X,D,1,0.6027502993796593,0.3178298398137024,0.48974979728270407,0.2841376094391733
700,9,X,X,D,0,0.5937459031895875,0.3299310162861205,0.5065497840534181,0.3075577421132913
700,10,X,X,D,0,0.5934353723272257,0.32472922667231474,0.48637938481077153,0.31108516042197865
700,11,X,X,D,1,0.5679390522710785,0.30968162325816706,0.4547836740060645,0.33606754483501383
700,12,X,X,D,1,0.5458547868344651,0.3215936470784122,0.46091129400684505,0.34547341313877034
700,13,X,X,D,0,0.5298539614491337,0.3283503132626578,0.5031005155704098,0.32228195632072826
700,14,X,X,D,1,0.5251566381021282,0.327687808917765,0.5199120601200201,0.27805682971775886
700,15,X,X,D,1,0.5013505996888052,0.315547869331475,0.542006155270559,0.27772042775594447
700,16,X,X,D,1,0.49281921542432494,0.2834114588770012,0.5075532673500981,0.26604317268902083
700,17,X,Y,J,1,0.5147554500471354,0.31428940992506643,0.49966210267067745,0.25117054354442936
700,18,X,X,D,1,0.4890539842651419,0.2874468302302242,0.48997183635392894,0.25
700,19,X,Y,J,0,0.4446700430905661,0.2897193703954174,0.4865838721766283,0.28237188766427324
701,0,X,X,D,1,0.6722760323867298,0.6257111267142806,0.4960561345881888,0.6380023080903898
701,1,Y,Y,J,0,0.6773447535408792,0.5946879676222964,0.5078542431664699,0.6266483237270187
701,2,X,X,D,0,0.6861747761997309,0.567723934296198,0.5197779765289712,0.6770253093078947
701,3,X,Y,J,1,0.6695097936733404,0.5802820766268098,0.52855361955036,0.643223548506802
701,4,X,X,D,0,0.6909615797528164,0.564533727219293,0.581524268197179,0.6683404016486088
701,5,X,Y,J,1,0.6748537962502741,0.563036382104562,0.5537959900523706,0.6264390820745491
701,6,X,Y,J,1,0.715117627887084,0.6059267401512051,0.5311633605360306,0.5876457232774205
701,7,X,Y,J,1,0.7473672680609238,0.6200285831812875,0.5379685928810738,0.6007237465031462
701,8,X,Y,J,1,0.75,0.628826455013917,0.5468961587181391,0.6079639161251409
701,9,X,X,D,1,0.7487688233272581,0.6247528156857206,0.5409670402113931,0.596607315940466
701,10,X,Y,J,1,0.75,0.6368873488459739,0.524153147496067,0.563744930618413
701,11,X,X,D,0,0.75,0.6341210340017318,0.47315660233220325,0.5818967684311201
701,12,X,Y,J,1,0.75,0.6079797212512794,0.4530000783715531,0.5539476878040497
701,13,X,X,D,0,0.7394276363567652,0.5533664547719613,0.4787794646236425,0.5794593607213635
701,14,X,Y,J,1,0.7201483178459136,0.618940654392084,0.48718930942192173,0.5359134111161606
701,15,X,X,D,1,0.7146992399110083,0.6285513564362326,0.4966096047934665,0.5425775491165482
701,16,X,X,D,0,0.6723669343211371,0.6116066563605818,0.4836727912014842,0.5548317517686981
701,17,X,X,D,1,0.6996745426863242,0.638637895023755,0.47989441606868166,0.52602346551391
701,18,X,X,D,1,0.7156413869980626,0.687376611720722,0.5166662485115205,0.5315954724793202
701,19,X,X,D,1,0.703263497567466,0.6582001823819007,0.5175602833148162,0.5514478273048272
702,0,X,Y,J,1,0.5464825974301271,0.5808258024051451,0.748391867397022,0.5119516261867145
702,1,Y,Y,J,0,0.530751717997956,0.5793147435040207,0.7141081007317747,0.47615914842652046
702,2,X,X,D,1,0.4712589080420718,0.5358842110986864,0.7136953935061137,0.47036758243273036
702,3,X,X,D,0,0.461403458449012,0.532526460976332,0.6951725192657184,0.4761714371427907
702,4,X,X,D,0,0.43670702437341063,0.5042379568939545,0.7133989743606338,0.4665881927016847
702,5,X,X,D,0,0.4262964077797824,0.5265626781252516,0.7443643488811418,0.45009025968027394
702,6,X,X,D,1,0.3990620438153724,0.5592543742694709,0.7381135206007611,0.44454118220220834
702,7,X,X,D,1,0.3813366845051381,0.5935513822131547,0.75,0.4262830167781919
702,8,X,X,D,0,0.36264723953188444,0.6014769115841753,0.75,0.4437381803780346
702,9,X,X,D,1,0.3290910259815624,0.6487660044837407,0.7112491178523982,0.4248089548176229
702,10,X,X,D,1,0.32556465029569315,0.6366477678413313,0.736742644201056,0.4155354478543854
702,11,X,X,D,0,0.3316786793339634,0.5702962885735563,0.75,0.4017260333836516
702,12,X,Y,J,0,0.3129391145918245,0.568000540220873,0.7449493544682009,0.3936952029693153
702,13,X,Y,J,1,0.2805014890570434,0.6089165452203841,0.75,0.4143283952150438
702,14,X,X,D,0,0.30151000148148305,0.5949188518800825,0.7267302901038963,0.43021355434999586
702,15,X,X,D,0,0.3226846930840567,0.6304126806937242,0.686709285089041,0.4218403958455548
702,16,X,Y,J,0,0.3272031835400729,0.6535066804652556,0.7220483721072337,0.4165021582838218
702,17,X,X,D,0,0.3396830858027762,0.6354636624755686,0.75,0.43127978702749953
702,18,X,Y,J,0,0.32097651813264305,0.5783787389222477,0.704600191828099,0.4142728701285861
702,19,X,X,D,1,0.332089612021855,0.5878128185548664,0.743589368253541,0.44757158649613976
703,0,X,X,D,0,0.5348223827227658,0.5710758077858598,0.5414582091706805,0.722103060296188
703,1,Y,Y,J,0,0.5012292325696569,0.5191407044498767,0.527844480467191,0.7370576752425765
703,2,X,X,D,1,0.5593043897659934,0.5520893997178197,0.5175224523242631,0.75
703,3,X,X,D,1,0.5911514589048825,0.5799444244219193,0.503817181209054,0.7148854209388296
703,4,X,X,D,0,0.5961383792923917,0.5742759202529404,0.5094041980220355,0.7074534038636557
703,5,X,X,D,1,0.5783273026400325,0.6050199467257334,0.5603494893435557,0.7027312021704395
703,6,X,X,D,1,0.5741826856786756,0.6196759768088018,0.5473308467927288,0.6903804947786674
703,7,X,Y,J,1,0.5502536441545602,0.6103007377766384,0.561973036386982,0.694882732714277
703,8,X,X,D,1,0.5179827252216134,0.6271920550888292,0.545139566399241,0.6807276150308585
703,9,X,X,D,0,0.5114978752753314,0.6765024187248344,0.5701266962038898,0.6991969213534165
703,10,X,Y,J,0,0.5294997299353665,0.6533582195480427,0.6003139512836508,0.6940187106265895
703,11,X,X,D,0,0.508181615995859,0.6885441590714411,0.6263419896848827,0.6879653820293543
703,12,X,Y,J,1,0.4770152219115481,0.6743562951801241,0.6096263734806825,0.685438952947148
703,13,X,X,D,0,0.44416740708027286,0.6492879070596135,0.6048406693897446,0.6477818508076894
703,14,X,X,D,0,0.433190969446922,0.6514991327283528,0.6139256933339561,0.6028224651458335
703,15,X,X,D,1,0.45284439674183896,0.6445998961246148,0.6422917758479881,0.5891949418952899
703,16,X,Y,J,0,0.42226586100145286,0.6645081500112313,0.6539641729195246,0.5395979905547421
703,17,X,Y,J,0,0.36950675545674827,0.660658897556202,0.6685697656890961,0.575787184013468
703,18,X,Y,J,1,0.39131271790763306,0.6436465686393771,0.6710841087029655,0.5805559428747166
703,19,X,X,D,0,0.3951533705014149,0.6367198319598832,0.6666685215559588,0.5509830227053718
704,0,X,Y,J,1,0.6733920622767876,0.531092121788893,0.563967103679106,0.5068204653244017
704,1,Y,Y,J,0,0.6338318682399908,0.4865714188673648,0.5700141546448487,0.5173276957536097
704,2,X,X,D,1,0.6950955168785029,0.4724858985501016,0.5423781004233451,0.49858084978488737
704,3,X,X,D,1,0.6824552358752136,0.4930165434656191,0.5635630364319518,0.525119191739024
704,4,X,Y,J,1,0.7135689012962703,0.4731139327544565,0.5944276502439443,0.5683226425657505
704,5,X,X,D,0,0.6906839162456667,0.43625375237401104,0.6024834835594579,0.5914606191561527
704,6,X,Y,J,0,0.6803752730080909,0.43994075333350563,0.6033688955926513,0.6082574907642007
704,7,X,X,D,0,0.7115540351465072,0.44272247376927826,0.6134773855209761,0.6123187146716892
704,8,X,X,D,1,0.6944224926940807,0.41410653878772014,0.6331955789763615,0.5932845682876715
704,9,X,Y,J,1,0.6617132020799095,0.4146844505939603,0.6161349341221628,0.5798997633672951
704,10,X,X,D,1,0.6657854563495582,0.4150727650754809,0.5910892658037964,0.5783203928666826
704,11,X,Y,J,1,0.694096295063543,0.3840637720723231,0.5735085159594026,0.5846968259663774
704,12,X,Y,J,1,0.7098707221062006,0.32426538884322803,0.5736153212711816,0.5926205299424676
704,13,X,Y,J,1,0.7067539397773244,0.33492493847093824,0.5977530098667775,0.589612889921983
704,14,X,X,D,0,0.6882223534234091,0.37571890961458454,0.5779632033695267,0.5826241635745023
704,15,X,Y,J,1,0.6779979586225673,0.40232875525992456,0.6078135297760162,0.5931285743294801
704,16,X,X,D,1,0.6246688904668515,0.40644864189059005,0.5878228979802919,0.6073754872108442
704,17,X,X,D,1,0.6522292329186998,0.39467456766588305,0.5866188332696837,0.6267984244068249
704,18,X,X,D,1,0.6452202427597169,0.3637666199242327,0.5884499613183598,0.6877745143182383
704,19,X,Y,J,0,0.6498343982580036,0.35458371027620184,0.5911130794726749,0.6657321425722935
705,0,X,X,D,1,0.7286994096335693,0.43808496703052363,0.692797145375289,0.35663483671454177
705,1,Y,Y,J,1,0.7210995097369445,0.45546113111152553,0.6946779299550726,0.3521087653147112
705,2,X,X,D,1,0.6980152154548813,0.4499935663435749,0.6648880697707461,0.3082486849401844
705,3,X,Y,J,1,0.6610857571522961,0.4801406783394157,0.6489734885418664,0.26906283485487603
705,4,X,X,D,1,0.6956880369030511,0.4995296977815703,0.7134236570271928,0.25
705,5,X,X,D,1,0.7054474990962442,0.4992514650719901,0.675876571016251,0.25
705,6,X,X,D,0,0.7066638914857986,0.4979739282445369,0.6799100755813569,0.27096261813872957
705,7,X,X,D,1,0.7479427116708272,0.5132693169121957,0.7126737966779918,0.31273560477887846
705,8,X,X,D,0,0.7352621091582229,0.49519737085880233,0.7028628515331321,0.3216676731781325
705,9,X,X,D,0,0.75,0.5040906719453959,0.75,0.33338449032473016
705,10,X,X,D,1,0.75,0.5061214152814569,0.75,0.3592837629139993
705,11,X,Y,J,1,0.7334392426071148,0.506321032252452,0.75,0.35934414162166267
705,12,X,X,D,1,0.7378627684230729,0.47917095330850745,0.7435123395581346,0.37187035393395307
705,13,X,X,D,1,0.7469093493532561,0.46614791171494524,0.7458452064270047,0.3528559517761158
705,14,X,X,D,1,0.7343899396569795,0.46171376376863077,0.75,0.35781550186935773
705,15,X,X,D,1,0.6848848017221941,0.45220807795119455,0.7444222529808662,0.38833876033427883
705,16,X,X,D,1,0.6637172773432524,0.4865278850366342,0.724010206501582,0.40641819024024084
705,17,X,X,D,1,0.6742003765521516,0.5072202129705741,0.75,0.3678809705040216
705,18,X,X,D,1,0.6798652710957735,0.5621175710021318,0.7077573129683266,0.33427245667804684
705,19,X,X,D,0,0.6796973828824707,0.5559648729095179,0.6603435985318221,0.3311472019236319
706,0,X,Y,J,0,0.7078124850884402,0.3204106997703699,0.5050774242445181,0.5356268552211976
706,1,Y,X,D,1,0.7344361344652908,0.3561481378650325,0.4976465359989005,0.5134925873874119
706,2,X,Y,J,1,0.75,0.3656297404959916,0.5082651091706739,0.5389008462096205
706,3,X,X,D,1,0.75,0.3765389112551023,0.52286235853418,0.506896802402666
706,4,X,Y,J,0,0.75,0.3801845080843142,0.4945835064648619,0.493005338334569
706,5,X,Y,J,1,0.75,0.38957452156955324,0.4767437908581038,0.489638479075715
706,6,X,X,D,1,0.75,0.37812698493740166,0.4620525257482844,0.5209624702422648
706,7,X,X,D,1,0.7407602412166222,0.37029937692555076,0.47286414835463414,0.5260235067615565
706,8,X,X,D,1,0.7215118131776963,0.42988457266583685,0.4971076780517946,0.5491795447758894
706,9,X,X,D,1,0.7176386429279399,0.45131942756149424,0.5115002432776393,0.5603691378588429
706,10,X,X,D,1,0.6811889295698697,0.45901322333484196,0.4976118289857411,0.5716474711787741
706,11,X,X,D,1,0.6996877524834586,0.49237939867595687,0.5208896992241564,0.552842148036973
706,12,X,Y,J,1,0.6769428548879008,0.5197798286020563,0.4880163059333675,0.5594887934712744
706,13,X,X,D,0,0.6294363950238004,0.49120313372135804,0.5128816808751322,0.5677039916054596
706,14,X,X,D,1,0.6607048616475856,0.5248861524705644,0.5099955807767298,0.5507644394572531
706,15,X,X,D,1,0.6777383090265889,0.49378941710750424,0.5200461496940412,0.5418601964160935
706,16,X,X,D,1,0.7202021290700251,0.45567453472030744,0.5503567404517526,0.5434646225042271
706,17,X,Y,J,1,0.7124273214816852,0.485733925366088,0.5718385057872412,0.5544771375492294
706,18,X,X,D,1,0.6947015290567269,0.4555985999398896,0.5621763702922037,0.5823900187547958
706,19,X,X,D,1,0.7036641532897109,0.4070062818138306,0.5702849483655558,0.551692168265562
707,0,X,X,D,1,0.31232831767352287,0.44040320187418636,0.5503565975399145,0.2837248012174176
707,1,Y,Y,J,1,0.3264188013435502,0.471932149913093,0.562315537912439,0.28934102691241803
707,2,X,X,D,0,0.2987100255467201,0.4584607836568083,0.5609291869891798,0.3095950429162587
707,3,X,Y,J,1,0.2932355910325977,0.4544939776917981,0.5114954667862783,0.28643506811096836
707,4,X,X,D,1,0.25,0.46281821334711754,0.476750177661919,0.28565245079356905
707,5,X,X,D,0,0.2672319576607132,0.4458330640890277,0.4722742883774221,0.30138270166282555
707,6,X,X,D,0,0.2541844953053976,0.4064391634124442,0.462812565197193,0.28605459474261596
707,7,X,X,D,0,0.2651595337746197,0.3954634371119679,0.4801330037532002,0.2931862334874992
707,8,X,X,D,0,0.25,0.3614146618125847,0.504188038734896,0.28314045694838635
707,9,X,Y,J,1,0.2734750358904603,0.37508373229169617,0.4750011375972642,0.26655759188565964
707,10,X,X,D,0,0.25981974667392194,0.3948829220510994,0.46213277142560977,0.2876300344029961
707,11,X,X,D,1,0.2586159500428263,0.3819070416710675,0.4590371005964789,0.25
707,12,X,Y,J,0,0.26272655630796693,0.40737378854003714,0.46153932855523383,0.25
707,13,X,Y,J,1,0.27091817661474793,0.4167175717013665,0.4392944042249344,0.25
707,14,X,Y,J,1,0.2592849819517769,0.4163282657584502,0.4455825701965792,0.25
707,15,X,Y,J,1,0.2853252163524104,0.4609928714705628,0.4963336764792542,0.25
707,16,X,X,D,0,0.324605262537089,0.4271257751403627,0.4892126606334233,0.2588699231225253
707,17,X,X,D,1,0.25963537850689034,0.4209722532387951,0.4541225069448098,0.2509336071836095
707,18,X,X,D,0,0.25,0.400777511179324,0.44366369411138995,0.25623760306656407
707,19,X,X,D,0,0.2744954128926212,0.4122150502118479,0.4867513692072734,0.3034230195608411
708,0,X,Y,J,0,0.6005093820981695,0.36506436339027326,0.6776874099908575,0.47602369710776826
708,1,Y,X,D,1,0.5827508181870611,0.31323809962257054,0.6454605113760028,0.4853242224708134
708,2,X,X,D,1,0.5964157363649896,0.293215863448632,0.6539552806700426,0.476722420859309
708,3,X,Y,J,1,0.5823961865058642,0.2862602748764886,0.6207445298401543,0.4474195665915927
708,4,X,X,D,1,0.5712271034581242,0.3070645140838942,0.6376549116027722,0.42676377601674714
708,5,X,X,D,0,0.5877565713663113,0.2548637665664032,0.6558620030549234,0.4291286597010274
708,6,X,X,D,1,0.5888669964267236,0.27838713914370855,0.6482877576781871,0.41618665638337327
708,7,X,Y,J,0,0.5935687752696035,0.27197017985021493,0.6656214717762398,0.4248636939428578
708,8,X,X,D,1,0.6444689974295111,0.3060676668782149,0.6655281032033914,0.3824266305599699
708,9,X,X,D,1,0.6187336783836479,0.31183209811434043,0.6334299467650314,0.4086886373630143
708,10,X,X,D,0,0.6283720644412173,0.30911528343673456,0.6401890716659214,0.4189899069608277
708,11,X,X,D,1,0.6512790994628775,0.3544783033693301,0.6035726354745503,0.4651746666193929
708,12,X,X,D,1,0.6536411332114075,0.36444488593320956,0.6091200352240949,0.4452535288585848
708,13,X,X,D,1,0.6121711703904671,0.34452248211221387,0.5962472301737252,0.4339723125070011
708,14,X,Y,J,0,0.6256254555537851,0.3907054902020842,0.6189866249237009,0.4211802556009231
708,15,X,Y,J,0,0.6585537666941118,0.36899047912646643,0.5943018076907304,0.47178213046953305
708,16,X,X,D,1,0.6793195127318646,0.38670351371887274,0.597351862544918,0.4754372496383403
708,17,X,X,D,1,0.6885531260553449,0.3733075276813485,0.5626327975826236,0.47731852026073196
708,18,X,Y,J,1,0.6801730080943608,0.3422281470390002,0.5814941529602523,0.5123664661533636
708,19,X,Y,J,1,0.6517493655866139,0.35949323598550964,0.5642139370564294,0.4821780451646055
709,0,X,X,D,0,0.37187652271515226,0.7090897263821613,0.48282312118778453,0.42450681499074183
709,1,Y,Y,J,1,0.3609806538569037,0.7046521317492496,0.460061874071399,0.3834479638636378
709,2,Y,Y,J,0,0.34747042626532937,0.687468970935074,0.47355018805602545,0.3816853618635635
709,3,Y,Y,J,0,0.36536107775017285,0.6948761149190822,0.47119910167010326,0.38576594318634466
709,4,X,X,D,1,0.33417466982776584,0.6497055091213695,0.49475150096922427,0.38031395744692287
709,5,X,Y,J,0,0.3457662619168931,0.648633098933162,0.5019313302670076,0.3532922142389092
709,6,X,X,D,0,0.3113134418284254,0.6354743192005717,0.5326238693147165,0.3637776628131235
709,7,X,X,D,0,0.32438159086476687,0.6410334684010933,0.5469366191524831,0.36765175032740977
709,8,X,X,D,0,0.35213985706007517,0.6249127768754656,0.527062527836045,0.3262211070137454
709,9,X,Y,J,1,0.35337805723662336,0.6436262638837947,0.5638138421609503,0.33734082306620694
709,10,X,X,D,0,0.3151059995874703,0.5923296297103613,0.5898922915331943,0.3295088509930698
709,11,X,Y,J,1,0.30039565661307654,0.575114513920264,0.5799732074564476,0.3538272736867192
709,12,X,X,D,0,0.32657338852465856,0.5684430198761001,0.5589139431096231,0.3364877047047681
709,13,X,Y,J,0,0.3509350696952491,0.5424847291870234,0.5479369436528483,0.3129780279205053
709,14,X,X,D,1,0.3510119543249294,0.5592813929691169,0.5195394805034549,0.3176936886873618
709,15,X,X,D,0,0.3799852015171328,0.5807809444226983,0.48686298249106613,0.3246132786977107
709,16,X,X,D,0,0.37462194373332347,0.6032645037372895,0.5122617583638017,0.2796973121723674
709,17,X,X,D,1,0.46291281548207974,0.6243697049146074,0.5328235807539947,0.25
709,18,X,Y,J,0,0.465622888936049,0.5941400406383491,0.55101311995556,0.25
709,19,X,X,D,0,0.506150505552533,0.588474615673507,0.5920702482515108,0.25
710,0,X,Y,J,0,0.6140563196493997,0.3805770823271791,0.7476225474810008,0.7127005075960102
710,1,Y,Y,J,1,0.5954854161545565,0.3925358548433612,0.75,0.6891855747372457
710,2,Y,X,D,0,0.57387646064123,0.3863757877267672,0.7466965261963917,0.6852104176002347
710,3,Y,Y,J,0,0.5682109650997164,0.42543480807820955,0.7237425374574986,0.6954178042919125
710,4,Y,X,D,0,0.543721098511567,0.3982006722192637,0.7117962617558931,0.7109785843374063
710,5,Y,X,D,0,0.5737682439584302,0.3760572564408304,0.6928447027042908,0.695844501195642
710,6,X,Y,J,1,0.56056316940018,0.37553180551379395,0.711898508041735,0.7021665719742775
710,7,Y,X,D,0,0.576019030782828,0.37510571105945706,0.7458141022651655,0.6777830712195073
710,8,X,X,D,1,0.5583304614347324,0.34970094359126863,0.75,0.6742086784949226
710,9,X,X,D,1,0.5822843615821056,0.3747825337028359,0.75,0.6766074840367143
710,10,X,Y,J,0,0.566846720179512,0.38691841197867644,0.75,0.7309486614090818
710,11,X,X,D,1,0.5134416789074319,0.41108635215386813,0.7089414282304913,0.7116242318521446
710,12,X,Y,J,0,0.5189855899837288,0.4267275414725701,0.6979783117186636,0.7077132548291711
710,13,X,X,D,0,0.511250683297913,0.4186014860237588,0.7208290694449575,0.75
710,14,X,X,D,1,0.5753443519662874,0.41464230266567204,0.7000855622130489,0.7264820701025819
710,15,X,Y,J,1,0.5675103465052158,0.39856860683279854,0.6923181445670963,0.7210813485292025
710,16,X,X,D,0,0.6281771716217394,0.4320115296986796,0.6888780276995501,0.75
710,17,X,Y,J,1,0.6025389424354489,0.3925476674677494,0.6596207081890968,0.7022790583096994
710,18,X,Y,J,1,0.5911695214595135,0.39821635665232774,0.6354489830710889,0.7104919648714494
710,19,X,X,D,0,0.5631744758440328,0.43079262545356256,0.6605093744327432,0.6925383673206442
711,0,X,X,D,1,0.3669247739932235,0.4134324684752493,0.5152337358434254,0.3069267975193319
711,1,Y,X,D,1,0.36156266348884847,0.4131580215548135,0.5128777856594594,0.3525078946227542
711,2,X,Y,J,0,0.3762434615566663,0.4340874855575832,0.5066027290424316,0.341427482427737
711,3,X,X,D,0,0.3765411298054517,0.39778059163753454,0.5209313479716412,0.3478814355094663
711,4,X,X,D,0,0.38658702984224314,0.44882902574381345,0.524357176252918,0.3217293936863262
711,5,X,X,D,0,0.3896725774488899,0.4615384011509682,0.5374470711120786,0.30233358123349696
711,6,X,X,D,1,0.38057399742296266,0.4526777558938969,0.543690462308637,0.2934023695350333
711,7,X,X,D,0,0.41233797075566586,0.5002831928409232,0.5397286134240127,0.3143113919747552
711,8,X,X,D,1,0.3778863781041715,0.4955795971276336,0.514452919571234,0.27004144947037817
711,9,X,X,D,0,0.36014047515332226,0.49020918816358094,0.509439291054876,0.28462355443521353
711,10,X,X,D,1,0.3350446520164002,0.4850344080507027,0.49994334730638923,0.32696575194381944
711,11,X,Y,J,1,0.3242658337394207,0.45677862907109956,0.5146394319310952,0.32298590567742713
711,12,X,Y,J,0,0.30192761468898444,0.47429007685724883,0.4724199165739733,0.28041579024195584
711,13,X,X,D,0,0.29222704324039767,0.5083957257365426,0.45203476589873026,0.26073958045242074
711,14,X,X,D,0,0.2950708195874555,0.5525569319272775,0.4739807025623959,0.25
711,15,X,X,D,1,0.25,0.5692606050913344,0.46319632859975796,0.25
711,16,X,Y,J,1,0.25,0.520295514958946,0.46119744686709263,0.25
711,17,X,Y,J,0,0.26691010359184913,0.48939581827861517,0.47090039854221977,0.2532061071281744
711,18,X,X,D,1,0.2687225148604628,0.466091867694082,0.4554035233420687,0.2637361595482708
711,19,X,Y,J,1,0.2825234952651319,0.5213286317944047,0.4709966496311721,0.25
712,0,X,X,D,0,0.45030148077381366,0.6612971766454114,0.4235447912869374,0.7487477281058352
712,1,Y,X,F,1,0.42929213081816076,0.6198760368467298,0.40768693115504534,0.7140624489105106
712,2,Y,X,F,1,0.44066333691260606,0.6172257556019692,0.42345608395773393,0.7002241430980887
712,3,Y,Y,J,0,0.4469939565518124,0.628302147762816,0.45743891483795107,0.6975064918634183
712,4,X,X,F,1,0.4464881829734628,0.6019025307356818,0.46697990865775363,0.7079983641941118
712,5,X,X,F,1,0.4634626158732386,0.6225458113020933,0.5069550655108483,0.6856713190828458
712,6,X,X,F,0,0.4524964320525678,0.5971813824169936,0.5106835036888795,0.6625131325350169
712,7,X,X,F,1,0.4300812943912823,0.5688790595950323,0.5047701793750836,0.6506352311864303
712,8,X,Y,J,0,0.43585624279766993,0.5899089824300736,0.47273415516651385,0.6503803633224058
712,9,X,X,F,0,0.4326528475020603,0.6098519025690418,0.4605524108626695,0.6370771029124426
712,10,X,Y,J,0,0.45814959549986845,0.6201978913572966,0.4924422430889939,0.6073205846822992
712,11,X,X,F,0,0.4462771485316601,0.6568612520403628,0.4806678082072795,0.5776759939971682
712,12,X,X,F,1,0.45936399362279756,0.6818915370300637,0.4984155349204314,0.5717260805890199
712,13,X,Y,J,1,0.4332104281779835,0.6719393405163977,0.5081123487623643,0.5634088038071143
712,14,X,X,F,1,0.43019114265841796,0.7033934853687333,0.47906351112842654,0.5966568777107275
712,15,X,X,F,0,0.3775425819654392,0.7366161282749344,0.47478619072331335,0.5827110965877188
712,16,X,Y,J,0,0.3732279670636421,0.7410947248017079,0.4606009987398696,0.5745822279087732
712,17,X,Y,J,0,0.36970561860524354,0.7465365817203987,0.4823551364034526,0.5620050293868339
712,18,X,X,F,1,0.40940224806045306,0.7190125533666137,0.44685866505230354,0.5887673088232042
712,19,X,X,F,1,0.3979860787094037,0.7247640083397083,0.4488049190725717,0.6046317018606115
713,0,X,X,D,0,0.3321142459830931,0.3349127155077401,0.5056810543458572,0.2620709980824627
713,1,Y,Y,J,0,0.3314080342123258,0.345287741418224,0.4873843960945473,0.25
713,2,X,Y,J,0,0.32418589083858507,0.3569170920234152,0.45992137532623123,0.2836479111921969
713,3,X,X,D,0,0.31868581940743,0.36032654430325406,0.4709172270376103,0.32236278373348864
713,4,X,Y,J,1,0.33529247973563875,0.3725926852564202,0.47075715090777676,0.3505363885798963
713,5,X,X,D,0,0.3119647785879189,0.34640951895812727,0.4827251032715152,0.3347910064157572
713,6,X,X,D,0,0.31882919197235265,0.36730663178913886,0.47980976474235776,0.2734331251816103
713,7,X,X,D,0,0.33054071170514576,0.37185873912889644,0.4356718308120583,0.297763590875311
713,8,X,X,D,1,0.32082722542119074,0.37224104655817597,0.4094337853034131,0.29360311780811643
713,9,X,Y,J,1,0.35775391274237645,0.3810378928029929,0.41685709981765456,0.2933007930122794
713,10,X,X,D,0,0.31174749655854106,0.3803751198756615,0.4449874197875393,0.31954738987762954
713,11,X,Y,J,1,0.2987757748173443,0.37125182978525484,0.41932602805247154,0.32664514744487233
713,12,X,X,D,0,0.25,0.3814949678713168,0.4321080387888044,0.36451760970348474
713,13,X,X,D,0,0.25,0.32898656579052177,0.4182016563926065,0.3679182758732396
713,14,X,X,D,0,0.25,0.26782301507846284,0.4275493064899166,0.35596435744934785
713,15,X,X,D,1,0.26927335726543705,0.3060696630931985,0.3899317155914591,0.3763099144474295
713,16,X,Y,J,1,0.27034039377485614,0.3093405803937169,0.39091578421037076,0.39504153567822775
713,17,X,X,D,0,0.25388396562506615,0.3097513854930313,0.380427440390887,0.37824025385178583
713,18,X,X,D,0,0.25,0.2965001307824438,0.3644543099712057,0.390881058575489
713,19,X,Y,J,0,0.25,0.3194472843508178,0.35437269919337555,0.41830808608156433
714,0,X,X,D,1,0.4000419451455467,0.3125137871489926,0.6658644361094694,0.3690660151736094
714,1,Y,X,D,0,0.41587332331168547,0.30955232830573925,0.7093185956514695,0.37779185654648256
714,2,X,X,D,0,0.4151913136038004,0.2636778013959084,0.7048405194316719,0.3623182166078915
714,3,Y,X,D,1,0.43096302569768313,0.25,0.729622078547715,0.3593496555860029
714,4,X,Y,J,1,0.4270199449968898,0.25,0.7322442061501614,0.3787571088347329
714,5,X,X,D,0,0.40763260005300955,0.25,0.7114644607301883,0.429364065571326
714,6,X,X,D,1,0.40141194304989153,0.25,0.7067190216530331,0.43324728106197224
714,7,X,X,D,1,0.39661780152100284,0.25,0.7222015005822404,0.37283639987984674
714,8,X,X,D,1,0.40847849647216783,0.2690906983954261,0.7118786423047437,0.35624167668092754
714,9,X,X,D,0,0.3849792984192604,0.25,0.6754755461047935,0.36878655049448444
714,10,X,Y,J,0,0.3504699606717641,0.25,0.6686351781356467,0.34475473937021817
714,11,X,Y,J,1,0.33060601149792146,0.25,0.6710004639769023,0.38253139912621403
714,12,X,X,D,0,0.32123587266823583,0.2824985860489852,0.6483700273360875,0.4102660436217489
714,13,X,Y,J,1,0.3547732647789811,0.3266623018568659,0.6163838364199369,0.3769313023419773
714,14,X,X,D,0,0.3755829053286011,0.3158200408896814,0.6100947503621453,0.37252314453503865
714,15,X,Y,J,1,0.3413055775834177,0.3161809185872103,0.5921888155491536,0.3881540405991175
714,16,X,X,D,0,0.3461809833292649,0.32571846394865184,0.5868860802672445,0.39575427877509106
714,17,X,Y,J,1,0.32238744250717544,0.32859034986757807,0.6216357347275012,0.33770985550397437
714,18,X,Y,J,1,0.2784263385429726,0.3361029235016192,0.6038305790151126,0.2989060161078648
714,19,X,Y,J,0,0.2661493689328482,0.34114132611867193,0.6512229732719812,0.32172438645542917
715,0,X,X,D,0,0.34983638539971096,0.5711689398772499,0.28081864754196784,0.3778783618681756
715,1,Y,Y,J,0,0.34720486537445244,0.5584640642372749,0.25,0.3593348767750443
715,2,X,X,D,1,0.347582002748523,0.5822534021377364,0.2562679575256741,0.38192339982443274
715,3,X,Y,J,1,0.34956306803895437,0.6267061911471024,0.25,0.4062921101219497
715,4,X,X,D,0,0.324443793387708,0.633368898315898,0.25,0.43398074519392826
715,5,X,X,D,0,0.33894431669622727,0.6122297092532846,0.2669508550954592,0.450046790881331
715,6,X,X,D,1,0.2956532347977925,0.560511646120458,0.2927664485757342,0.42932179264172404
715,7,X,X,D,1,0.2843037134481393,0.5250823051651365,0.25,0.44730928285853866
715,8,X,Y,J,0,0.29212689021342664,0.49808641695977846,0.25,0.4417187002114359
715,9,X,X,D,1,0.2719200187656839,0.48522599792696675,0.25,0.4750007442829347
715,10,X,Y,J,0,0.2719595191416862,0.4861856483225693,0.25,0.4751056750324647
715,11,X,X,D,0,0.30287800519039226,0.5207743436365638,0.25,0.5506285318258709
715,12,X,X,D,0,0.26769638221242686,0.5594201292701456,0.25991606589556565,0.592555253309989
715,13,X,X,D,1,0.2602865630330183,0.578838146152246,0.25,0.5624665176951423
715,14,X,X,D,0,0.2811569050497048,0.5727740978818533,0.27098564442203904,0.5830386381848247
715,15,X,Y,J,1,0.29008862106338246,0.585754366029308,0.25,0.6491988656473404
715,16,X,X,D,0,0.29082608523742176,0.5524813105027807,0.265057730480581,0.6608182910861623
715,17,X,Y,J,0,0.2938691572675836,0.5266240147895638,0.25637892631160286,0.6337367845320111
715,18,X,X,D,0,0.2921141570509767,0.5557067862045147,0.2738399105872787,0.6736919645756889
715,19,X,X,D,1,0.30532745245322973,0.5904511768934523,0.25,0.6445060684109342
716,0,X,Y,J,1,0.6785639165005719,0.678419592730025,0.5707529753111448,0.4402703724815779
716,1,Y,Y,J,0,0.6766219809194949,0.7204333709380478,0.6148091363895586,0.4129415254779111
716,2,X,X,D,1,0.6407764218124773,0.7324324622175069,0.5784510247031109,0.4292872744762055
716,3,X,X,D,1,0.607844106352251,0.7210442743781155,0.5597347625803062,0.44537869929149254
716,4,X,X,D,0,0.6072636350150807,0.6796635015087971,0.5983054261155851,0.4247852049086836
716,5,X,Y,J,1,0.5989911790907773,0.6507009433438761,0.601098933476179,0.3945115918911071
716,6,X,X,D,0,0.5767885710363063,0.6422481160188173,0.6146876852470328,0.35394228294860486
716,7,X,X,D,1,0.5527792822212382,0.6651547623290845,0.6338999051698639,0.3410585930551636
716,8,X,Y,J,1,0.5677954590599147,0.6424610575647871,0.6281443390152004,0.37008006705449403
716,9,X,X,D,0,0.5650625004747223,0.6473029551592229,0.6419709962300519,0.33694355496147615
716,10,X,Y,J,0,0.584129915422633,0.6509649584490467,0.6085952536886606,0.37097423645379357
716,11,X,Y,J,0,0.6272278022342432,0.678342046634948,0.6179011869137054,0.33239048451056713
716,12,X,X,D,1,0.6402947073086594,0.6676583039836543,0.597006689635031,0.3561363750817151
716,13,X,X,D,1,0.6611818991836617,0.6587471571849214,0.6169200526156556,0.3327328172221608
716,14,X,X,D,1,0.7025239286161828,0.7031503530787904,0.6040725109932056,0.3408153053482443
716,15,X,X,D,1,0.7100070194525354,0.6769897500008869,0.587706389127608,0.3562172022066579
716,16,X,X,D,1,0.710231820216844,0.6542170065800857,0.5767544629332639,0.3629934894825569
716,17,X,Y,J,0,0.6976098390420187,0.6426063659014418,0.5233409629202632,0.349952440297901
716,18,X,X,D,1,0.6924163286665503,0.6425358066631799,0.5042176177494675,0.31540814202604656
716,19,X,X,D,0,0.6605762877482784,0.5844063896695232,0.4672057981666908,0.33324197101305203
717,0,X,X,D,1,0.35681811378591693,0.5891619087829378,0.47920198569832173,0.731957604540389
717,1,Y,Y,J,1,0.3474147716578004,0.5936720109490069,0.48129563944220966,0.7128281590062608
717,2,X,X,D,1,0.37310499084109033,0.5371482489041037,0.46162049965704993,0.6984084730610721
717,3,X,Y,J,0,0.3544771562786701,0.49435489413767597,0.4630032971130766,0.7022298501885792
717,4,X,X,D,1,0.3148512230444396,0.4863950734229266,0.4662986455088692,0.7227896590818097
717,5,X,Y,J,0,0.3075785168100155,0.4315237149778325,0.4533705646457855,0.7228598218132666
717,6,X,X,D,1,0.35064411131110723,0.41490823216074246,0.4550255836520285,0.7273757158811925
717,7,X,X,D,1,0.3129700327206822,0.4429473540615195,0.4561889441232866,0.7408822971051487
717,8,X,X,D,0,0.29335578901588955,0.4303762098495904,0.4447005314282979,0.6827334476412595
717,9,X,X,D,0,0.27781254556065965,0.4070562652044788,0.4570084338531876,0.6762671236887778
717,10,X,X,D,0,0.25,0.39972032961572324,0.48192287017160673,0.6645632863017751
717,11,X,X,D,0,0.2875743445831794,0.42500572639682255,0.4799554675200102,0.6244722752642722
717,12,X,Y,J,0,0.3002115639151042,0.3693036506191754,0.481179450141297,0.6394242762491319
717,13,X,X,D,0,0.30536496589228945,0.3641462232032135,0.5218596400217457,0.6504692823096949
717,14,X,X,D,1,0.3184830515459402,0.3569852247087124,0.5289547338104775,0.6910840831334767
717,15,X,X,D,0,0.31883197010682895,0.36112850998635626,0.5537850189806374,0.6873137471697338
717,16,X,Y,J,1,0.3327558085034228,0.34371038269286136,0.5551259263079373,0.6624399100548081
717,17,X,X,D,1,0.29318124004930596,0.34311749387955687,0.5348995616062134,0.6926002912524318
717,18,X,X,D,1,0.3144967447211336,0.3687462387588015,0.5373856031762784,0.6847444199974094
717,19,X,X,D,0,0.34056519677544517,0.3860051444345057,0.5143483118614548,0.668452840752655
718,0,X,X,D,0,0.406101590777416,0.564779496880766,0.2959353382968966,0.6576624276693495
718,1,Y,X,F,1,0.40776817916842856,0.5944173252384397,0.28994965919546384,0.6446965526571723
718,2,Y,Y,J,0,0.46722992431716465,0.5522098809838748,0.269357454988564,0.6301918819813622
718,3,X,Y,J,0,0.4728695856566874,0.5842923013070376,0.2754354819038287,0.6207457967631806
718,4,X,X,F,1,0.4977133491986795,0.5509468097677039,0.25980569555716243,0.5840516493335601
718,5,X,Y,J,0,0.48457532030976697,0.56624338989248,0.278028053976993,0.609320287109729
718,6,X,X,F,0,0.47193852111156714,0.538315498650297,0.2989292818559573,0.6277587537523649
718,7,X,X,F,1,0.49243064739775916,0.4912172637340822,0.31358313814623406,0.6383129619485671
718,8,X,X,F,0,0.5203727433718909,0.4954715619019645,0.34608552074277465,0.6435686573067264
718,9,X,X,F,1,0.5142660839832823,0.5158222035062473,0.3835058480508087,0.6228208132633097
718,10,X,X,F,1,0.5359987347962692,0.5274696068246121,0.40842854202643536,0.6384484115730297
718,11,X,X,F,0,0.5244021259364996,0.5408428601047126,0.43299581199245374,0.6416466056800326
718,12,X,Y,J,0,0.5572037004435845,0.5470673851190777,0.43626865900784556,0.6417358604867036
718,13,X,X,F,1,0.5354658589346862,0.5914279585679053,0.45733294203467123,0.6402625008764322
718,14,X,X,F,1,0.5527725274869878,0.5605566799103827,0.48338478653729555,0.6472728104594704
718,15,X,X,F,0,0.5771462371632247,0.5709464051226326,0.49822342295960204,0.6111308911115085
718,16,X,X,F,0,0.6094493508837644,0.5672206260211301,0.4909589611250257,0.6067418420826198
718,17,X,X,F,1,0.623784539539165,0.5511100506782876,0.4993115094117239,0.5757872610139746
718,18,X,Y,J,1,0.6021992142172022,0.5915264012843762,0.478220604061592,0.5550523936065593
718,19,X,X,F,1,0.596919645588153,0.5992601091137683,0.4962013296132919,0.5626461815579953
719,0,X,X,D,1,0.27998549938687534,0.4176500049486,0.5011096727589461,0.5317492321290229
719,1,Y,X,D,0,0.3201859977990799,0.36554956555047025,0.5178959724102712,0.5028856848161558
719,2,X,X,D,1,0.3106905182064269,0.399916929176943,0.5044732821437004,0.4988090948904249
719,3,X,X,D,0,0.28143418280107946,0.41407356542723256,0.5115359967430452,0.5141025209763256
719,4,X,Y,J,1,0.3065280759045943,0.4243920125136618,0.4968480596749757,0.517694370122366
719,5,X,X,D,0,0.31231958061311615,0.4197650451506121,0.44780307770858613,0.5276933399055014
719,6,X,X,D,0,0.3082109822753709,0.3901187072956016,0.41867029719400056,0.510551578783664
719,7,X,X,D,0,0.34523093819233885,0.41065043733809486,0.3782262764050947,0.4955398592738717
719,8,X,X,D,1,0.3264009461393402,0.42147051735451907,0.3641354292015076,0.48294754429267917
719,9,X,X,D,0,0.29857730454555903,0.43739024619161715,0.3953544491405938,0.4610565229756806
719,10,X,Y,J,0,0.31552154057541126,0.42276330924958133,0.3829446804733344,0.4266043767979207
719,11,X,Y,J,0,0.2878471025216031,0.42920247201019834,0.42162739885303746,0.3721508555289834
719,12,X,X,D,1,0.25771206553379156,0.389915914557937,0.3955711331285051,0.37453083631818956
719,13,X,X,D,0,0.25902990013372484,0.36131825338643525,0.40259175969857036,0.33224314105844255
719,14,X,X,D,0,0.28361041106592133,0.3323567229492886,0.4198100091131645,0.35093918069946656
719,15,X,Y,J,1,0.29366264398335495,0.3242877756027723,0.46878694790713327,0.3279442973588492
719,16,X,X,D,0,0.27882397235818035,0.32649604807160965,0.4633781974589298,0.36609444046289846
719,17,X,X,D,0,0.2663008277380597,0.3258798555065622,0.4566398821607844,0.37524757446597146
719,18,X,X,D,0,0.2862782763755408,0.3131457237483268,0.4706478984335425,0.3642340590777707
719,19,X,X,D,1,0.2813103015583434,0.28492734557572263,0.451250907736932,0.34427221784392664
720,0,X,Y,J,1,0.5428688571048481,0.5849414016038484,0.642523488149227,0.5356340875288084
720,1,Y,X,D,0,0.5546416982527509,0.5641643757892,0.6628414718269964,0.5496368439120513
720,2,X,X,D,1,0.547943778634649,0.5138026034809731,0.6803565004662399,0.578058545590797
720,3,X,X,D,1,0.5882789078718923,0.49330973307937304,0.706700323027926,0.6115910260574828
720,4,X,X,D,1,0.6097210813453469,0.5054470578747472,0.6794673867368299,0.5705277361220962
720,5,X,X,D,1,0.6242834529278088,0.48649806385447386,0.6871202827457826,0.5573138867534814
720,6,X,X,D,1,0.621554341260654,0.448020959081719,0.6753866350152836,0.5446835083871042
720,7,X,X,D,0,0.5772156402603495,0.43608208231365203,0.6868864697998068,0.5433512654347716
720,8,X,Y,J,1,0.5591978080398629,0.44273561334832406,0.7114058165489381,0.5189828166812049
720,9,X,X,D,0,0.5472116520265542,0.455858695567563,0.7167930076558289,0.5059429163759318
720,10,X,Y,J,1,0.556674544274951,0.4649579268728373,0.7014571347663159,0.4873564556137758
720,11,X,X,D,0,0.6082491740945286,0.43802168951326576,0.7161336773271559,0.48312064636191804
720,12,X,X,D,1,0.5538640868170952,0.44759948980162295,0.7012267179170475,0.5168947772951951
720,13,X,Y,J,1,0.5487626268165788,0.45534091675803723,0.7147357557184938,0.5580018758196267
720,14,X,Y,J,0,0.5525110792151133,0.508440373402178,0.7097189302555507,0.5680021147761521
720,15,X,Y,J,0,0.5639581753218338,0.4806819117531617,0.7158677973973075,0.5258229844920466
720,16,X,X,D,1,0.6190017772039661,0.4994128897578803,0.7366007586772123,0.5217867453975608
720,17,X,X,D,1,0.6327798611636392,0.4988932867876583,0.75,0.5326621952917227
720,18,X,X,D,1,0.605855674906224,0.4864016366041826,0.7096927184067687,0.5013649129423147
720,19,X,X,D,0,0.6257359507720369,0.4900526913396527,0.69984562607318,0.4689026538295091
721,0,X,X,D,1,0.47369642174151155,0.5705528897618339,0.6944473953269001,0.4968246923878771
721,1,Y,Y,J,0,0.44756273256797585,0.6442405015318924,0.7283575454347062,0.4828634076605473
721,2,X,X,D,0,0.4487466763682087,0.6878724057463056,0.7115347594897412,0.4689297533386769
721,3,X,X,D,0,0.4480752617310322,0.6752478080506612,0.6817031749998885,0.4765823643025417
721,4,X,X,D,0,0.4369257200095339,0.6572584712116553,0.6926504825923053,0.4792388902000614
721,5,X,X,D,0,0.4237991624257103,0.6270309641735904,0.69093740103468,0.4822214955597405
721,6,X,X,D,1,0.4458397641064737,0.6363791834865672,0.689698053193625,0.5194704486584494
721,7,X,Y,J,1,0.46928783084608683,0.6894969741477159,0.7227569978119864,0.5316273576845041
721,8,X,Y,J,0,0.4741366310843555,0.722540558519137,0.7054291370852801,0.5698778455227437
721,9,X,X,D,0,0.48209081925154157,0.702842155057297,0.7060001525345793,0.5864132506075668
721,10,X,X,D,1,0.4546924779807442,0.7153322893148882,0.7109056603561782,0.604928176014546
721,11,X,X,D,0,0.4220535819798607,0.7342635077174414,0.7024930716870003,0.620312834411311
721,12,X,X,D,0,0.41478278833684895,0.75,0.717429659880936,0.5845828166782887
721,13,X,X,D,0,0.43507562047179127,0.75,0.7123705953178988,0.6299341489489869
721,14,X,X,D,0,0.3951480060793802,0.699387735074152,0.7267600928819701,0.6673276507097725
721,15,X,Y,J,1,0.40607237401388513,0.7051766974447518,0.7412219347864544,0.6796572248873454
721,16,X,X,D,0,0.4307031032825245,0.7346911769119905,0.75,0.7307690165236989
721,17,X,X,D,1,0.43109598376955566,0.75,0.75,0.6962607636571176
721,18,X,Y,J,1,0.46554382220765333,0.75,0.7436118070467858,0.7200111909076338
721,19,X,Y,J,0,0.5069975230493973,0.7371252232140724,0.75,0.7058120860765157
722,0,X,X,D,0,0.5289658378927224,0.5251258343559958,0.2962497249247685,0.6340827107535982
722,1,Y,Y,J,0,0.533990868765202,0.5123138274738405,0.2688365145211642,0.6534459471833187
722,2,X,X,D,0,0.5368319781396786,0.5353561711447139,0.25781741970463956,0.6744510769773936
722,3,X,Y,J,0,0.5402540348641524,0.5308354252119795,0.25831308055990226,0.6878032393663019
722,4,X,X,D,1,0.5179048983356092,0.5302306286769664,0.25,0.7428114337372949
722,5,X,X,D,0,0.5186084048137739,0.5296012232247208,0.26882109834408546,0.75
722,6,X,X,D,1,0.50259209574359,0.5540214831696029,0.2640749087682873,0.75
722,7,X,X,D,0,0.5182154741837429,0.5893857352446645,0.25,0.7436348383982159
722,8,X,Y,J,0,0.5134595806207735,0.5915912342619293,0.25580007314522063,0.7262235023241773
722,9,X,X,D,1,0.5397750380991743,0.5486957255186888,0.25,0.7364942489987704
722,10,X,X,D,1,0.53695903230193,0.5581420013582278,0.2513244540834444,0.75
722,11,X,X,D,1,0.5183176957266707,0.5246891271934473,0.25,0.75
722,12,X,X,D,0,0.5216966439116457,0.5364602161208136,0.2813112386580228,0.7291374806811137
722,13,X,X,D,0,0.5058373076622634,0.5199752719404885,0.2823960532260439,0.75
722,14,X,X,D,0,0.48492181557523534,0.513352490021986,0.3298567083327117,0.730162413016522
722,15,X,X,D,1,0.4801772857631625,0.5303441102581952,0.33936038200701574,0.7453307060223504
722,16,X,Y,J,0,0.48318558557023905,0.5262711659561612,0.37273031132401135,0.7458208205065341
722,17,X,Y,J,0,0.4971975413227644,0.5136588768371944,0.37453278822546504,0.7159307269799201
722,18,X,X,D,1,0.5233870512410896,0.5153418615080692,0.38299930102794255,0.6902722158379491
722,19,X,X,D,1,0.5455682168553265,0.498361423517723,0.34302398352213415,0.6563299795444342
723,0,X,Y,J,1,0.4632031739869513,0.4802317372096022,0.43055100536527824,0.37825519497628446
723,1,Y,Y,J,0,0.48816942101307087,0.47886279845032587,0.44814424424841437,0.36808580273270197
723,2,X,X,D,0,0.507778198663748,0.45914501488645487,0.4832175752925186,0.32558070606351774
723,3,X,Y,J,1,0.5563237040399652,0.47392075781561194,0.5148460935722191,0.3435009817701825
723,4,X,X,D,1,0.5889103141963313,0.49197323767262635,0.540542201249484,0.34120136445620025
723,5,X,X,D,0,0.5851615291336016,0.5111567895205161,0.5322609732439566,0.4022054370470268
723,6,X,Y,J,0,0.5586577378846588,0.49001189728161787,0.5446018980074474,0.3871560900576782
723,7,X,X,D,0,0.560028231845407,0.4828724062279248,0.5662545881108414,0.4184974974301101
723,8,X,X,D,1,0.5845207331997315,0.4482667565257255,0.5524361238562698,0.4227478762591288
723,9,X,Y,J,1,0.5977830510124498,0.43853223400549923,0.5620942513939907,0.39830964613997527
723,10,X,Y,J,1,0.6048440818489549,0.44157640453202335,0.5172994151303416,0.37698556927039145
723,11,X,Y,J,0,0.6261765256246274,0.4281664250428364,0.5038332612714189,0.3434401046438739
723,12,X,X,D,1,0.6637962335926977,0.4177582429619786,0.5120133826232062,0.35732155374851116
723,13,X,X,D,0,0.660071403419169,0.4215840307187968,0.4928333776926536,0.39652499001203245
723,14,X,Y,J,1,0.6202890903701912,0.425100108063574,0.5212890585735551,0.44597432565666373
723,15,X,X,D,1,0.5956022319048916,0.395860946045924,0.5527060193278144,0.4098093404293702
723,16,X,Y,J,1,0.610827152013559,0.39668865207013587,0.5652638359941988,0.3548271998432488
723,17,X,Y,J,1,0.5930102906690833,0.4029729303217172,0.544570883649438,0.36626573731582746
723,18,X,Y,J,1,0.6185571362376955,0.40554449591547964,0.5798367957345667,0.3854056303877298
723,19,X,X,D,0,0.6397340908793236,0.4002821521226504,0.5458788595898093,0.4015104773934281
724,0,X,Y,J,0,0.6659564959282048,0.5846644566340553,0.4472233099506218,0.5582835006292461
724,1,Y,Y,J,1,0.666904704913876,0.5895168014872736,0.43132352410973473,0.5680765047792782
724,2,Y,X,D,0,0.6493760443724148,0.5847374870916596,0.4676654099481056,0.5445654753846318
724,3,Y,Y,J,1,0.6538953234763745,0.5526774742194199,0.49613595224086043,0.5515824875251738
724,4,Y,X,D,1,0.6567653093211611,0.5434236625420424,0.5300607059381963,0.5643251469697457
724,5,Y,Y,J,1,0.631520723956625,0.5080052794036508,0.5707922076792256,0.589088388287425
724,6,Y,Y,J,1,0.614304109596005,0.5159650601498338,0.5516000376368829,0.6530739699530771
724,7,Y,X,D,1,0.5918259248608466,0.5133312390367262,0.5302202463476834,0.6288085449119434
724,8,Y,Y,J,1,0.5853072951792303,0.4956892507600713,0.4722454868413224,0.6214425782960659
724,9,Y,Y,J,1,0.6018773216363658,0.4393795865644652,0.44692652181930986,0.616249661585427
724,10,Y,Y,J,1,0.5875034356638812,0.4576686823567335,0.4722134974671911,0.6004889077491959
724,11,Y,Y,J,0,0.5612751433430127,0.5111327387289705,0.4829933542619362,0.5932026837637303
724,12,Y,X,D,0,0.5425395839609484,0.488920610206806,0.44031772070484104,0.5956787710957571
724,13,Y,Y,J,0,0.5360792407347932,0.473743707540497,0.500106148823777,0.6021863056106735
724,14,Y,Y,J,1,0.5381570779411372,0.4623932587489056,0.5468865780486611,0.5660297954050212
724,15,Y,Y,J,0,0.536699966512598,0.4869378941292281,0.552050540508208,0.582880445703121
724,16,Y,Y,J,1,0.5393263736554772,0.48454445047436756,0.5336801090809692,0.5690264030567522
724,17,Y,X,D,0,0.5345916097945521,0.495932224434833,0.5388963318341808,0.5410773216810397
724,18,Y,Y,J,1,0.5314238801014478,0.4924857307962699,0.5429995885746006,0.5511981597795682
724,19,Y,Y,J,1,0.5282315919979359,0.5158593419553856,0.5523173909349144,0.5481750013090465
725,0,X,Y,J,0,0.3055822125055151,0.5770039118166482,0.6001951561340818,0.4309767516086707
725,1,Y,Y,J,0,0.2872902113179254,0.5957567630733116,0.6195352155960773,0.46023079413931495
725,2,X,Y,J,0,0.2974122461578576,0.6001140216351705,0.616802977638971,0.46236640744841256
725,3,X,X,D,0,0.28896337524914467,0.5708829685007658,0.5879816687573183,0.4428256059083503
725,4,X,X,D,0,0.2720973608865589,0.5725697789980235,0.6083114428857199,0.43786398194193527
725,5,X,Y,J,1,0.2633612240437788,0.5722841930280452,0.6008086775538997,0.4275798165750769
725,6,X,Y,J,0,0.25287152087577275,0.54509419829009,0.621631324742617,0.4313271476069028
725,7,X,X,D,0,0.25,0.5047865385669217,0.6070478563796413,0.42596091592005086
725,8,X,X,D,0,0.25,0.4788158343510301,0.6062175518824116,0.438460472558693
725,9,X,X,D,0,0.27566714947276266,0.5461079498219125,0.6262205797672147,0.40007056216506753
725,10,X,X,D,0,0.26677713889619165,0.5687688950749533,0.6308689033841614,0.4448262602378823
725,11,X,X,D,0,0.30510729771268186,0.5614345240301716,0.6354211778854958,0.38388358216273427
725,12,X,X,D,0,0.295088710856937,0.5284856142445682,0.6089411696358196,0.3812351264217191
725,13,X,X,D,1,0.29941227593615893,0.5030097005582117,0.5920561020656387,0.35551758571014835
725,14,X,Y,J,0,0.3147310159014379,0.48952535980036294,0.5847650471946187,0.33625984878848614
725,15,X,X,D,0,0.3211237744039657,0.48153215156631535,0.5787459232218813,0.3347282206020735
725,16,X,Y,J,1,0.3208411376378616,0.4752615968011956,0.597910673820425,0.34710078856517745
725,17,X,Y,J,0,0.3334509691207891,0.4611822363378406,0.6007658610020018,0.3680156098197937
725,18,X,Y,J,1,0.3248859651279292,0.43196017763334726,0.6139098174367589,0.3913779771073573
725,19,X,X,D,1,0.3357083192170205,0.4134854904302766,0.587249522419395,0.41054346398663755
726,0,X,Y,J,1,0.3218072613715276,0.5317442944403673,0.32416396903383504,0.5104461428572582
726,1,Y,Y,J,0,0.3365662065406522,0.5856950036595948,0.33813654013623573,0.5221293527188353
726,2,X,X,D,1,0.3682135376632661,0.5547253320216632,0.3590968793126838,0.5209155504844325
726,3,X,X,D,0,0.405547186990969,0.5398267619837519,0.328356599098097,0.490399466685622
726,4,X,X,D,0,0.3920191738443528,0.5164741706535587,0.31736349746218806,0.4801887812980003
726,5,X,X,D,0,0.39227922160713713,0.5515870058618705,0.29408681592797536,0.47833957348149797
726,6,X,X,D,0,0.37531316746070803,0.5414781509129478,0.28003148246213766,0.4643343294523243
726,7,X,X,D,0,0.3676659712308984,0.506433436691802,0.26669923533900386,0.4924930340218176
726,8,X,Y,J,0,0.4259238293970784,0.539340780143524,0.2795979317368393,0.5275433848832882
726,9,X,X,D,0,0.4531206029846624,0.5531666247230794,0.25706950289270436,0.5180671490012242
726,10,X,X,D,1,0.4453527761546566,0.5715871374194581,0.28124039395860045,0.5398067233106899
726,11,X,X,D,1,0.4088107019972873,0.5749538950717408,0.2793333812523103,0.5262534024816999
726,12,X,Y,J,0,0.4030617023379441,0.5571003482934711,0.3153926223680984,0.522492361081025
726,13,X,Y,J,0,0.3742321968060076,0.5847336346040998,0.3219553972623914,0.5343603891638332
726,14,X,Y,J,0,0.37985613055552525,0.5786240734104158,0.3170907920830156,0.5158404836767172
726,15,X,X,D,0,0.31938850866499435,0.5444360264382556,0.3182387472245911,0.5313232394085812
726,16,X,X,D,1,0.2854484749906434,0.5623778853456374,0.30923017395284336,0.5311798034535612
726,17,X,X,D,0,0.2905530950089927,0.5408368226441604,0.33207996518347366,0.583399561010671
726,18,X,X,D,0,0.2921240202601293,0.5311745497265619,0.3406163760987016,0.6132973454342506
726,19,X,X,D,1,0.27983559947598735,0.537765499402028,0.34310896669456814,0.6200619231627951
727,0,X,X,D,0,0.38319686745920506,0.4180308162207406,0.6181029975633885,0.682779366623002
727,1,Y,X,F,0,0.358622590209123,0.4003537509266385,0.6397709138989991,0.7165991926283694
727,2,X,Y,J,0,0.3433797941906364,0.39598900457683195,0.6044215957392465,0.7487184494523532
727,3,X,X,D,0,0.391967620520991,0.35761222318302155,0.620267408172036,0.75
727,4,X,X,D,1,0.3758649230613625,0.363097769985819,0.6099769059321812,0.75
727,5,X,Y,J,1,0.38199660756394505,0.43314782699193455,0.6107711816644074,0.7431812522664292
727,6,X,Y,J,0,0.3768831926062123,0.42969215344215606,0.5989632226830862,0.75
727,7,X,X,D,0,0.40967942374823274,0.43860000492315854,0.5899216611719773,0.7306608754641845
727,8,X,X,D,0,0.39204667817234784,0.4132278691168877,0.5954688698189385,0.7129298987639968
727,9,X,X,D,0,0.4127574181198306,0.3739920633992323,0.5931776820273404,0.6925027264461308
727,10,X,X,D,0,0.35558860350269184,0.4053514775587814,0.6201307013069899,0.6742901312067949
727,11,X,X,D,1,0.3931229123522392,0.43579025480842315,0.6630306531815529,0.7060976932438713
727,12,X,X,D,0,0.4096421614869951,0.4322804183155181,0.6485070321089772,0.7489393984780263
727,13,X,Y,J,0,0.4368652286054856,0.4248609534386215,0.6348005036272031,0.75
727,14,X,X,D,0,0.44928431506765676,0.4332059509131291,0.6391211503651,0.75
727,15,X,Y,J,1,0.4391493942864684,0.4358069590039462,0.649920374898238,0.75
727,16,X,Y,J,1,0.4326723290232672,0.4316659982258572,0.6032225472676384,0.75
727,17,X,Y,J,1,0.3928437101053022,0.44921647270831455,0.6613652708933293,0.75
727,18,X,X,D,0,0.3611064182874469,0.4391264425667003,0.6567354293364989,0.75
727,19,X,Y,J,1,0.34307166340631534,0.4200761996285829,0.6296095448403811,0.742550463778182
728,0,X,X,D,1,0.2689864235565592,0.5016692518212609,0.43197126693276033,0.47304154390305214
728,1,Y,Y,J,0,0.25,0.5025250800292974,0.45620908347955874,0.5286974985832756
728,2,X,X,D,0,0.2560127345318144,0.518148151813965,0.4629143031240956,0.5283433054276228
728,3,X,X,D,0,0.25,0.5484237386905443,0.4577880027314478,0.5387729071537746
728,4,X,X,D,0,0.25,0.5414800311646312,0.43674076929586364,0.5548971843817844
728,5,X,X,D,0,0.2640597024182486,0.4874635442805437,0.40406846804492685,0.5520543127684546
728,6,X,X,D,1,0.25159579961543777,0.48099479011074353,0.4081168384216586,0.5596891481775237
728,7,X,X,D,0,0.25,0.47831959399708085,0.3610512689322964,0.5524427463290751
728,8,X,Y,J,0,0.25,0.4754443878646113,0.36786245162775955,0.5271387854026015
728,9,X,Y,J,1,0.26680455054643076,0.4706141553975612,0.3524216550740588,0.48973067930218583
728,10,X,Y,J,0,0.2859798478979117,0.480825239923585,0.3421108645246799,0.5123485829026466
728,11,X,X,D,0,0.3202956132244475,0.42124780925817884,0.32660873588108424,0.4966488563388196
728,12,X,X,D,0,0.3133057141225549,0.44640605409464507,0.3338914778078379,0.5124355389274874
728,13,X,X,D,1,0.338149139728385,0.4647011552277688,0.32349536146646324,0.5357869331774876
728,14,X,X,D,1,0.33111018700973127,0.4645184078581361,0.3196533818824142,0.4922282728729341
728,15,X,Y,J,0,0.3462477495662795,0.4249619615768608,0.3196748866717491,0.4962388612894636
728,16,X,X,D,0,0.30923750770664915,0.4270668811814885,0.31513913364878815,0.5080916377839751
728,17,X,Y,J,0,0.34155495137019737,0.4299959908591215,0.3100496767724527,0.4801015167746335
728,18,X,X,D,0,0.3203866812612988,0.45489079932445003,0.30328604407309057,0.504300420325176
728,19,X,X,D,0,0.34443953219306583,0.47351426805690894,0.3096984446178862,0.5403425532786907
729,0,X,X,D,0,0.653378669697068,0.27310348876829355,0.6065001774349792,0.6865566504966103
729,1,Y,Y,J,0,0.6305253025102987,0.26945215062947553,0.6129544016645369,0.7280802341234744
729,2,X,X,D,1,0.6317107836625719,0.2787026405339306,0.6240743579318916,0.75
729,3,X,X,D,0,0.63067864144913,0.27467317621323756,0.6252769634890801,0.7212055712044612
729,4,X,X,D,1,0.6024017626405059,0.27194845698249953,0.6256689585453851,0.7163476133294336
729,5,X,X,D,1,0.6047315465432368,0.273223572308504,0.6032398024906103,0.7058300802826404
729,6,X,X,D,0,0.5868364195150506,0.28937599023930916,0.6481351698955046,0.6788408481204742
729,7,X,X,D,1,0.6064162493621725,0.2976056338592733,0.6433397330253895,0.699265755876167
729,8,X,Y,J,1,0.6146501986085521,0.3262184718276395,0.6578703657880802,0.7190002427962288
729,9,X,Y,J,1,0.5890747918485646,0.3333866126717597,0.6473454094102061,0.6613123680437641
729,10,X,X,D,1,0.5644609105153074,0.35360652044634305,0.6671203069308895,0.6325865918901445
729,11,X,X,D,0,0.5396444775831251,0.3347288817507422,0.6980287338505976,0.6475270732922308
729,12,X,X,D,0,0.5656733970498614,0.3364839054200429,0.7017556894140473,0.664857231988074
729,13,X,Y,J,1,0.544348796138194,0.3186753319971964,0.6649782007112474,0.661029169620009
729,14,X,Y,J,0,0.5335234302616871,0.30701878116374,0.6505008485925092,0.6767321177861185
729,15,X,Y,J,1,0.4845987955001274,0.2922249701862814,0.6287603936797301,0.7202013744741813
729,16,X,X,D,1,0.47701777660111533,0.30675080397798815,0.6089278854831183,0.7108066247772921
729,17,X,Y,J,1,0.44968364854162257,0.331544058150817,0.6058381090974927,0.7105837359055737
729,18,X,X,D,0,0.46174699074184883,0.2881693860161354,0.5715824500093296,0.7005367425138851
729,19,X,X,D,0,0.45818748649070656,0.30571765724206496,0.5514810965301431,0.6863433220662034
730,0,X,X,D,1,0.4574643942828171,0.3844800508070919,0.5719252538828519,0.6333088814464625
730,1,Y,Y,J,1,0.5107727298784256,0.40975260987929313,0.5428896270968577,0.7141003681460527
730,2,X,Y,J,0,0.5031826312608496,0.4289487041725055,0.5049387265138714,0.7212655846817809
730,3,X,X,D,0,0.5545728482503571,0.4008506192872206,0.5212794859014895,0.6951892238766475
730,4,X,Y,J,1,0.5523553502522043,0.42283063570688195,0.5021130052366705,0.6626449443429347
730,5,X,X,D,1,0.5113023291670262,0.40569900918925755,0.5058719481243329,0.6562358086391081
730,6,X,X,D,1,0.48174640316112227,0.45248785188544005,0.47928474773401586,0.6413465311615518
730,7,X,X,D,0,0.43282782409552323,0.38876917083702345,0.4689884112298844,0.697582194772841
730,8,X,Y,J,0,0.44247796677382767,0.4075382906505204,0.4905058999093363,0.6823507687147099
730,9,X,Y,J,1,0.47836299302271307,0.4235257562976024,0.5211010625429164,0.6510253067405001
730,10,X,X,D,0,0.44664856846834056,0.39483237775520785,0.5133667432112775,0.6439055245607322
730,11,X,Y,J,1,0.397731356582403,0.41798455114201455,0.5092949837438424,0.5811954785504327
730,12,X,X,D,0,0.4142842356590672,0.3973133117061413,0.4883743698467556,0.5844686243103536
730,13,X,Y,J,1,0.3701147090828855,0.3945969647235201,0.48126133299703727,0.6032869567095672
730,14,X,Y,J,0,0.36165630667666737,0.41301765392341194,0.45414353461242296,0.603325650509794
730,15,X,X,D,0,0.3976645302767621,0.4707200001158647,0.4268153991003151,0.6139444008734168
730,16,X,X,D,1,0.36912364031798833,0.4702988710251416,0.4301409793619579,0.6580014649437411
730,17,X,X,D,1,0.3665977371523356,0.43934169858045635,0.4292140798811774,0.6547461177748276
730,18,X,X,D,0,0.3398983498014352,0.46550874706910517,0.4547665165533875,0.6580168717975869
730,19,X,X,D,0,0.38315664098859115,0.45567992607924834,0.4453705290551166,0.6584916797137694
731,0,X,X,D,1,0.6352672176495179,0.4220913464049389,0.38560961730668647,0.6704280180649513
731,1,Y,Y,J,0,0.6327430008339715,0.4336780326572908,0.36491892259593817,0.6669524452893084
731,2,X,X,D,1,0.6299242777776656,0.3957210291451585,0.37261125852898824,0.6784082756126376
731,3,X,Y,J,0,0.6420960971986037,0.40928214063901575,0.3816029716708928,0.6643110287540172
731,4,X,X,D,0,0.6835678462523203,0.3800563409741579,0.371965943009194,0.6557375314638836
731,5,X,X,D,0,0.7082159379576405,0.36194430633153646,0.36450021958636303,0.6352499593265434
731,6,X,X,D,1,0.6979353450960328,0.37202560013811425,0.3579655192922191,0.6390588380021585
731,7,X,Y,J,0,0.697842504178869,0.3918983858893319,0.3259519111070303,0.6182141790114403
731,8,X,Y,J,1,0.73713530339771,0.3727712107451079,0.28524658105930856,0.6206145656979263
731,9,X,X,D,1,0.75,0.33477593931981553,0.2913718230408533,0.6088986401521402
731,10,X,X,D,1,0.75,0.33807321484210445,0.3061049512926006,0.6297923663505597
731,11,X,X,D,1,0.7049276828396963,0.3396114947683804,0.3188986923157359,0.6743527365786678
731,12,X,X,D,1,0.695563416963658,0.36040271286497044,0.3511589171586329,0.6510961970992325
731,13,X,X,D,0,0.7036472654394706,0.3316766971393617,0.39093717503651204,0.6228929204715408
731,14,X,X,D,1,0.706878993453278,0.31468644286358705,0.3931483797957101,0.6579895068424938
731,15,X,Y,J,1,0.7166863997978488,0.31250176661031787,0.40525671704281657,0.6280009198812161
731,16,X,Y,J,1,0.6920809016236716,0.3176522461127585,0.3345615256644162,0.6170796200368128
731,17,X,Y,J,1,0.6939820216078303,0.27202789000655353,0.3297754677280951,0.6485707859812366
731,18,X,X,D,1,0.6955832914766316,0.2810078440993789,0.34552943593584023,0.6156533655772112
731,19,X,X,D,1,0.6763103023526685,0.26334407895609013,0.3503380433238424,0.634675384709536
732,0,X,X,D,0,0.6823301746524836,0.4576871090519141,0.5157272512431943,0.6074173439809938
732,1,Y,Y,J,0,0.6500962424115407,0.49414482865144504,0.4632003616485213,0.5983827803757698
732,2,X,Y,J,1,0.6815248367597859,0.4734133781623453,0.49201542441130225,0.6001939537108266
732,3,X,X,D,1,0.6434666499816223,0.459386281094376,0.4832704265513123,0.5911564461632148
732,4,X,X,D,1,0.6567279932315545,0.463343131580481,0.4974833773521439,0.5774674386399398
732,5,X,X,D,1,0.6646106916674298,0.45687337149066976,0.5218511271870481,0.6172516850420976
732,6,X,X,D,1,0.6879254270006622,0.46463509090306576,0.48922139077311094,0.6514871059941307
732,7,X,X,D,0,0.6738417082436935,0.4738526362182592,0.47662604544294684,0.6785115726207094
732,8,X,X,D,0,0.664838466383918,0.55527483314564,0.4415491628354548,0.6842420407172343
732,9,X,X,D,0,0.6533884489652584,0.5494944657905582,0.3837892651897432,0.7111437749608291
732,10,X,X,D,0,0.6715957703488515,0.4656647306723924,0.4154770868559148,0.7137220634406826
732,11,X,X,D,1,0.6876707178511471,0.4574366587647318,0.3742217863281564,0.7106993578624601
732,12,X,X,D,1,0.685401428345464,0.4347148084067421,0.3498584912446894,0.7111255614106953
732,13,X,X,D,0,0.6660990223807247,0.41555367545257677,0.32204555542684676,0.7210644313794906
732,14,X,X,D,0,0.6680682744429511,0.37218848702890045,0.30549981820532573,0.6922338980600959
732,15,X,X,D,0,0.6237900251742464,0.3658372687740448,0.2812866380811782,0.6941275657708978
732,16,X,Y,J,1,0.6241435663683161,0.3678477675851755,0.2615283658419712,0.7034871881266472
732,17,X,Y,J,1,0.6304990019334844,0.34891634501380836,0.252141206250504,0.740875836222152
732,18,X,Y,J,0,0.6597481872246314,0.3292086226910312,0.25035890226473007,0.7452555938057714
732,19,X,X,D,0,0.679305869542369,0.32199439656674433,0.2508098563796518,0.75
733,0,X,X,D,0,0.6272090392538081,0.2841596416429762,0.4496962657939066,0.5322755060003344
733,1,Y,Y,J,0,0.612661745290681,0.2692174172133954,0.4432695278777623,0.515714688339994
733,2,X,Y,J,1,0.6121412984357839,0.25,0.46470232831094166,0.5063910796447605
733,3,X,X,D,0,0.6007122933639321,0.267929865320662,0.4617462654198218,0.5174168659591923
733,4,X,X,D,1,0.6001720583725946,0.27165740453797216,0.439505908242723,0.525681481211574
733,5,X,X,D,0,0.6380340750662253,0.261901693446009,0.45948427992261126,0.5327510259402578
733,6,X,X,D,1,0.6651088017791595,0.2677806981623103,0.4575641835528811,0.5628967789999088
733,7,X,X,D,1,0.6490048809527589,0.2838105849873281,0.4510381341900521,0.5577738136491532
733,8,X,X,D,0,0.6758996486187039,0.2940175980212186,0.4204254081119204,0.5455720001667408
733,9,X,Y,J,0,0.726657126876997,0.2997065177405958,0.4192239682327156,0.5695403838174923
733,10,X,Y,J,1,0.732316163289002,0.25991906515389723,0.44191062924824487,0.5385354254007734
733,11,X,X,D,1,0.7428549748736621,0.26893255720889825,0.4283775046071004,0.5416557229010172
733,12,X,X,D,1,0.75,0.2526862276622637,0.40628999965531276,0.5625725785800278
733,13,X,X,D,0,0.7246286630269148,0.2643434931127509,0.4068821626442946,0.5303728674932342
733,14,X,Y,J,0,0.7057600584096745,0.25,0.41003011514194065,0.5062342917386515
733,15,X,X,D,1,0.6938252895917943,0.25,0.4020522884220371,0.5145661377950349
733,16,X,Y,J,0,0.6715284448328462,0.25,0.35789338620581945,0.5545243085725096
733,17,X,X,D,1,0.6889983702550119,0.25,0.3838078149948789,0.5232733162765367
733,18,X,X,D,1,0.6904500562918892,0.2747872362952205,0.3377910778821329,0.5154216835610853
733,19,X,X,D,1,0.7079361149325033,0.25,0.28875855740350165,0.48508183341264066
734,0,X,Y,J,1,0.6792782903560439,0.4609909263957826,0.5151559364222985,0.6300592365503737
734,1,Y,Y,J,0,0.6949065031157607,0.4786511171968163,0.5035043652292887,0.6186517987770482
734,2,X,X,D,0,0.7060117850474892,0.49622035700557215,0.49779201297149545,0.5900589663196577
734,3,X,Y,J,1,0.684868614435325,0.5011668448578331,0.5182736059229293,0.536618596801111
734,4,X,X,D,1,0.6482112885771054,0.5012663927664175,0.5190763597634435,0.573448927185218
734,5,X,X,D,1,0.6368417850873579,0.5311616184738848,0.5159157917431861,0.5850159471444315
734,6,X,X,D,0,0.6338350357320206,0.5313021861580552,0.49862779905014337,0.5814267820819657
734,7,X,Y,J,1,0.652474827134488,0.5642920196688481,0.5334022765103353,0.5865158651107062
734,8,X,Y,J,1,0.6357799394672781,0.5681278626894473,0.5779574956343574,0.5609870779054168
734,9,X,X,D,1,0.5963661852845878,0.5849053961039794,0.6059873854534131,0.5958540334549716
734,10,X,X,D,0,0.5798196625102199,0.5455180714297118,0.5708092792747134,0.5839104320770003
734,11,X,X,D,0,0.6127927395989488,0.47732927955511206,0.5499499833631912,0.5558830827367505
734,12,X,X,D,0,0.5619707575540143,0.5011570517574979,0.4798966158192708,0.5837422257654902
734,13,X,X,D,1,0.5943717973248914,0.5071899573756558,0.5076098984632749,0.6241033063139712
734,14,X,X,D,0,0.6041905402353491,0.5270669599630322,0.5654088575162604,0.5929093099879198
734,15,X,X,D,1,0.6053780126874108,0.5222027772375236,0.5843953512879204,0.6057522020929255
734,16,X,Y,J,0,0.5874679091583023,0.5201715787596142,0.6017164807489381,0.5857370373358338
734,17,X,Y,J,1,0.5785940232616228,0.5526469904414958,0.6209823757156928,0.5920259218034964
734,18,X,X,D,1,0.598455282307966,0.5146184046067146,0.5940268359722833,0.5947025746534531
734,19,X,Y,J,0,0.5828411122165787,0.5620953690945767,0.544472504729998,0.6270757762859168
735,0,X,Y,J,0,0.608175003617399,0.28509758735618274,0.4973489138753761,0.42860073983546926
735,1,Y,Y,J,0,0.6120104224058717,0.3343061711902833,0.4661703345122572,0.41319738695841424
735,2,X,Y,J,1,0.6263303207993909,0.3384192766134671,0.45655977523181235,0.39023554491637735
735,3,X,X,D,0,0.5809715791405825,0.38188136804292155,0.4438358608027153,0.3973542899770426
735,4,X,Y,J,1,0.5692597978459515,0.38053552605883323,0.4521394669612229,0.4314458006055287
735,5,X,Y,J,1,0.5493829737350819,0.37710867289097216,0.49587979808574434,0.4142545338520672
735,6,X,X,D,0,0.5470679745776562,0.38122746803172547,0.4876589704258814,0.40099091235821394
735,7,X,Y,J,0,0.5486941833007127,0.3277153541190501,0.4244338772670864,0.38013347929251723
735,8,X,Y,J,0,0.5604902130404942,0.32475935361826674,0.44913517611818704,0.40032257292332196
735,9,Y,X,D,1,0.5520030140755963,0.3042285552029054,0.4216868917509231,0.39473147071218107
735,10,X,X,D,1,0.5395390377965121,0.2695024144354624,0.4194382583845162,0.3994506114311383
735,11,X,Y,J,0,0.5466962710046654,0.25,0.4262835767047963,0.3699118176738238
735,12,X,Y,J,0,0.5461681935239663,0.25,0.4466235942978658,0.3850249175898449
735,13,X,X,D,0,0.510983816420598,0.258508550117849,0.466249433840644,0.3794177805952051
735,14,X,X,D,1,0.5401576295831231,0.254269052021712,0.40284181753924236,0.4049513763830653
735,15,X,X,D,1,0.5130164313074578,0.25,0.4037099174870575,0.4511820183278825
735,16,X,X,D,0,0.5445007143922536,0.26423733027014307,0.37898676268233816,0.4569930237712832
735,17,X,X,D,0,0.4992702369992719,0.31954831614462265,0.38404381928028064,0.4136904253934298
735,18,X,X,D,0,0.5214925580888644,0.273800110161117,0.3509477941433682,0.4061275128545721
735,19,X,Y,J,1,0.5162565335402977,0.2540231535997823,0.3294258401946803,0.4033336047315148
736,0,X,X,D,1,0.6629540616746579,0.265155490213841,0.5437709277882512,0.2654184081357476
736,1,Y,X,D,0,0.668669813909472,0.3239682025528129,0.5338293975440289,0.29421351557443143
736,2,X,X,D,1,0.6763353003671713,0.3213671485441108,0.5374156139671847,0.28260280734601545
736,3,X,X,D,0,0.7067491144960504,0.2834162909843111,0.5694421775240464,0.30071082864637305
736,4,X,X,D,0,0.6874108949544335,0.26292732937506486,0.6068456931152607,0.2810527278258452
736,5,X,X,D,1,0.6754006392540054,0.2641049077107605,0.5950344142442155,0.2729794256645352
736,6,X,Y,J,1,0.6540392827021853,0.2754685308955956,0.6248521854360031,0.3186369394222166
736,7,X,X,D,0,0.631830203619979,0.2952836022010024,0.5967084001363284,0.32767768145799553
736,8,X,Y,J,0,0.6349098494288867,0.2727438682163721,0.5863949616048748,0.29647870626415057
736,9,X,Y,J,1,0.6848612871848332,0.26803375714075695,0.5933785169566765,0.28753417976683326
736,10,X,X,D,0,0.6641784453830367,0.27666270538614135,0.5945796250977139,0.28113245440839346
736,11,X,Y,J,0,0.6266199538496215,0.3023012857707413,0.6025013611575716,0.3212235265681048
736,12,X,Y,J,0,0.6444322459865044,0.29741517675938794,0.6033532086766027,0.3201634836677872
736,13,X,X,D,0,0.6517835426872117,0.3104017471383025,0.6191754701297497,0.33213138507381695
736,14,X,X,D,0,0.6186992103225364,0.32187620813394635,0.6116259890446238,0.3492568885763592
736,15,X,X,D,0,0.6192383668691578,0.3231103854308575,0.599110205828171,0.3295176569542014
736,16,X,X,D,1,0.6702456353633517,0.281643556374419,0.589442002668607,0.2956719123360831
736,17,X,X,D,0,0.636001526478326,0.26578498427395536,0.5744234167729221,0.3031255401723325
736,18,X,X,D,1,0.5928054525581383,0.27708025788791063,0.5662657703358719,0.2799119795582135
736,19,X,Y,J,0,0.6044978166392145,0.25,0.5387361632469585,0.3418585008678254
737,0,X,Y,J,0,0.7335172458074959,0.5630968169091922,0.2513355445676391,0.48928083494219865
737,1,Y,Y,J,0,0.7084120498234157,0.5430865160763555,0.25,0.5288455985897467
737,2,X,X,D,0,0.6867473557285966,0.5786905105084696,0.2582277171221323,0.5110453359418701
737,3,X,Y,J,0,0.7073172625005848,0.6021167119648018,0.25,0.5090667542946101
737,4,X,X,D,0,0.7117499328215915,0.5987145862518394,0.25613233029892,0.4833673999899553
737,5,X,X,D,1,0.7367906844024196,0.6027302022032062,0.28103523281221215,0.4462557963555445
737,6,X,X,D,1,0.7485707173507204,0.5925665351930445,0.2843696518838959,0.46893141097773305
737,7,X,Y,J,0,0.75,0.5693139703669206,0.28983026330944167,0.46155760933860995
737,8,X,X,D,0,0.7284924855750147,0.509682463109213,0.25,0.4583445316269638
737,9,X,Y,J,0,0.75,0.5120962875856926,0.27299820775867134,0.45964947398384615
737,10,X,X,D,1,0.75,0.5028203129257062,0.25,0.45015041540646145
737,11,X,Y,J,1,0.7333373767713829,0.5047320305324292,0.28659453818921377,0.46281218825344583
737,12,X,X,D,1,0.7041914050732149,0.5229847181114032,0.33914184601569813,0.44971221723109434
737,13,X,X,D,0,0.7027741785371211,0.5508508744902576,0.35726298771537224,0.4541214366915845
737,14,X,X,D,1,0.7169385800830576,0.5255807878337226,0.3968833985585164,0.4841720493728201
737,15,X,X,D,1,0.6906708161917682,0.5219135540065186,0.43378981547141915,0.5003194995738025
737,16,X,X,D,1,0.7111835478350863,0.5528762056775341,0.403525759422792,0.5199889948486456
737,17,X,X,D,1,0.7388909938278613,0.508224537802034,0.33727441312567735,0.536948242042409
737,18,X,Y,J,0,0.7282075670229057,0.520939373445495,0.2945267907561791,0.5565866861649043
737,19,X,X,D,0,0.735708927854781,0.520402249715858,0.25937898275032417,0.5868928125038375
738,0,X,Y,J,0,0.7119384213531215,0.4947286556382089,0.43364732176057963,0.4614408816715707
738,1,Y,Y,J,1,0.7398621950193198,0.49102583291354085,0.38923174116129416,0.4713274967453563
738,2,Y,X,D,1,0.7421256439741869,0.48874133864611646,0.4008301347656591,0.4331208021617242
738,3,Y,Y,J,1,0.75,0.46721453259379025,0.41744405921206384,0.4334209510801172
738,4,Y,Y,J,1,0.75,0.4678057075931891,0.4124667288253494,0.4397701455523057
738,5,Y,Y,J,0,0.7188929937754527,0.49481052050374313,0.436005702098049,0.442703349955496
738,6,Y,X,D,1,0.7166604242110224,0.4716106700392902,0.43864202559068605,0.46549207227336625
738,7,Y,X,D,1,0.6963547677292176,0.47078731343832675,0.4253771385767553,0.4631404699718107
738,8,Y,Y,J,0,0.7392134662271379,0.4648988459124342,0.42075569085007103,0.47654863154343546
738,9,Y,Y,J,0,0.738638415275872,0.45538046221993794,0.44664701212486313,0.4443290467029097
738,10,Y,X,D,1,0.6931010786442596,0.46089945069971716,0.4305312435255866,0.4364639996472816
738,11,Y,Y,J,0,0.6706344352151719,0.4568486637926015,0.4486738254097402,0.48505214608531805
738,12,Y,X,D,1,0.6822165079561472,0.4787406188909636,0.4245075785238227,0.48560412386800456
738,13,Y,X,D,1,0.690106606166722,0.4630018156300715,0.47463982017511025,0.4903502995718242
738,14,X,X,D,1,0.7363268359322108,0.47482727112901435,0.42492149795087275,0.4831069320870998
738,15,X,X,D,1,0.7485489284659537,0.45724725969751906,0.3933071836334623,0.450086222969329
738,16,X,Y,J,1,0.75,0.4452107823950597,0.4361286138183529,0.49262553939913023
738,17,X,X,D,1,0.7241292065053598,0.4499259838224953,0.4538012596120458,0.4885245392983353
738,18,X,Y,J,0,0.7038403890106617,0.43492632416313753,0.4498694043764748,0.5056518050188743
738,19,X,X,D,1,0.6908655591043092,0.4874040146981952,0.4484455051258053,0.49194338756238615
739,0,X,X,D,0,0.5471348535396473,0.34538940004851165,0.734991537469394,0.434621737292706
739,1,Y,Y,J,1,0.5193620088850568,0.3473070563089928,0.73106360721371,0.4683494349247346
739,2,Y,X,D,1,0.5067775632500301,0.340081502187513,0.75,0.4705101747879074
739,3,Y,X,D,0,0.49315037771456305,0.34175845979557923,0.75,0.47349753675020684
739,4,Y,Y,J,1,0.5070536629651536,0.3665246022149829,0.7389538103910289,0.4834638324826305
739,5,Y,X,D,1,0.5310725060261593,0.3327270521223611,0.75,0.4921661458054924
739,6,Y,Y,J,1,0.5289023297128489,0.3051648496655475,0.7409365035564198,0.48751119044258806
739,7,Y,Y,J,1,0.5322861882505286,0.28214214971425394,0.75,0.49120730632236176
739,8,Y,X,D,1,0.5427295434821142,0.25,0.75,0.4530206772406714
739,9,Y,Y,J,1,0.5435264223174376,0.25,0.75,0.4142750611283771
739,10,Y,Y,J,1,0.5830439709747766,0.25,0.75,0.39825336313879495
739,11,Y,Y,J,1,0.5656016532402343,0.2726451783198534,0.75,0.4245284508207166
739,12,Y,X,D,1,0.5963123376046043,0.26544711494965945,0.7284049203451487,0.3898089058290499
739,13,Y,Y,J,0,0.5764099996973618,0.279502933395361,0.75,0.3537805485018457
739,14,Y,Y,J,1,0.5425794246415725,0.2620582027537007,0.714908093397733,0.318504979828432
739,15,Y,Y,J,1,0.5459076101712531,0.28844148963196947,0.6902977613652784,0.2946004155582933
739,16,Y,X,D,0,0.551391321573946,0.3203247639248213,0.6682263432947431,0.29584485365306484
739,17,Y,X,D,1,0.5775855614703658,0.29355798424608104,0.6770932736738918,0.25
739,18,Y,X,D,1,0.5580558124593308,0.31030397438136936,0.6262054575447851,0.25
739,19,Y,Y,J,0,0.5298370789392622,0.32142178055360815,0.6362517610045769,0.25
740,0,X,Y,J,1,0.669344235351394,0.341372900871142,0.26418290763481145,0.2647580968180076
740,1,Y,Y,J,0,0.6585953205066472,0.2880385495212907,0.25,0.25
740,2,X,Y,J,0,0.6686189517712606,0.2840164639793271,0.25,0.2652953324102519
740,3,X,X,D,1,0.6555837484473738,0.28654730667897466,0.25,0.2766828959999266
740,4,X,X,D,1,0.6482909576224136,0.3039026745381981,0.2502635458546891,0.29875539973790544
740,5,X,X,D,1,0.6302809992841155,0.2970231491357499,0.2644856381350531,0.31784055214504037
740,6,X,X,D,0,0.5763954110739185,0.2821924355794003,0.25,0.3424414253495325
740,7,X,X,D,1,0.5900892820652326,0.25,0.2828021305746482,0.34723198866615557
740,8,X,X,D,1,0.5685720407402562,0.2585765144665571,0.27907330853939066,0.3340433679058492
740,9,X,Y,J,0,0.5469677183270973,0.30994676205980726,0.3231359249143516,0.26864868907124373
740,10,X,X,D,0,0.5353515197302855,0.296935342660528,0.3273146112128395,0.25
740,11,X,X,D,1,0.5167643381198308,0.31919307863447766,0.30295146672256923,0.2507580422407093
740,12,X,X,D,0,0.4907807120604431,0.3588716180262487,0.3190407501917337,0.25
740,13,X,X,D,1,0.519762989756781,0.3991373948182665,0.32322225222394313,0.2589229640302299
740,14,X,Y,J,0,0.5393699254929178,0.4268048947790021,0.32264735927695964,0.25
740,15,X,X,D,1,0.5476541479888277,0.40901009034051405,0.32606914736569625,0.25
740,16,X,X,D,1,0.5441227492687337,0.39060650796774804,0.30930966740049726,0.30336624538659
740,17,X,X,D,0,0.5308455088402203,0.35752213762114704,0.3178408866077018,0.31906398617416276
740,18,X,X,D,1,0.5521100311925198,0.32171566146448566,0.3329772171692357,0.29808692268143416
740,19,X,X,D,0,0.5624468240240429,0.32072983448266873,0.3239657497906437,0.3127737565459366
741,0,X,Y,J,1,0.7072481721030238,0.27896193552805437,0.5433344918408158,0.33321902370880746
741,1,Y,Y,J,1,0.7070344207424675,0.287699294654884,0.589875393351218,0.33487858803701276
741,2,X,X,D,1,0.6980565514017318,0.2948380123418736,0.5914290686821525,0.36330592037960024
741,3,X,X,D,1,0.6985862379247366,0.31356194827174294,0.6164964228869153,0.34078239324197745
741,4,X,X,D,1,0.736839693876643,0.36291966044811674,0.6211863119929786,0.3335349387382078
741,5,X,Y,J,0,0.7384330047391825,0.32243406121943957,0.6241924323620014,0.34096397916867877
741,6,X,X,D,1,0.75,0.3233550717277072,0.5704787797030701,0.3759046766479672
741,7,X,Y,J,1,0.7045230047889606,0.2667020421835848,0.544714928264772,0.37678849466155395
741,8,X,Y,J,1,0.6596849359362527,0.2505459472962945,0.5260703227747294,0.3824289476780433
741,9,X,Y,J,0,0.6485324552780422,0.28576205862133536,0.5357481584747038,0.3730617594248297
741,10,X,X,D,0,0.6443596787101773,0.27670738461032657,0.531160510679468,0.36921097858355756
741,11,X,X,D,1,0.6401690285539494,0.25,0.5371460485805541,0.33384183599054934
741,12,X,X,D,1,0.6368944937488925,0.25,0.5418572022895539,0.3036339876074783
741,13,X,X,D,0,0.6980959303375038,0.25,0.5552817753494053,0.2815022047105633
741,14,X,X,D,1,0.6941495284820274,0.25,0.5423398231987899,0.3424394777936185
741,15,X,X,D,0,0.6875240636540975,0.25,0.501959163511605,0.35044849597180716
741,16,X,X,D,1,0.6706732054509105,0.25,0.5057536492111051,0.4054835738607858
741,17,X,X,D,1,0.6696586140136499,0.25,0.5034899255907436,0.3877743684830937
741,18,X,X,D,1,0.6884801368992705,0.26450469033912205,0.49105363388041795,0.38611925407383707
741,19,X,X,D,1,0.7134598824764726,0.26535853004881915,0.47047135304242554,0.4108594718475254
742,0,X,Y,J,1,0.5365114953216122,0.7095505346342108,0.6516037559649404,0.5513053007264543
742,1,Y,X,D,0,0.5489860753973239,0.7092062616977465,0.6688498264846616,0.5634114585741468
742,2,X,Y,J,0,0.5708540201294265,0.6544197592067852,0.6996492216497681,0.5542280440675498
742,3,X,X,D,1,0.5955740282259049,0.6473076629461679,0.680698674107474,0.6026079623264273
742,4,X,X,D,0,0.5817410952670788,0.6518798379804147,0.7011368498852345,0.6240442041634235
742,5,X,Y,J,1,0.6178648476845634,0.6605893544969453,0.7195351990111801,0.6438885263964015
742,6,X,X,D,0,0.6031285462761089,0.657233549247526,0.75,0.6306054658899952
742,7,X,X,D,0,0.6035952364930397,0.6670528840373651,0.7374732318000058,0.5948242826609447
742,8,X,X,D,1,0.5667306819999538,0.6670181989805991,0.7369679335465591,0.6380354481118364
742,9,X,X,D,0,0.5455675984640309,0.6133512686388061,0.7325386765908429,0.6506032893786293
742,10,X,X,D,1,0.47841080244117,0.6257354684833257,0.7477236423481871,0.6992604251179093
742,11,X,X,D,1,0.5052405459986298,0.5971772194369154,0.7138665750528211,0.6741230754813472
742,12,X,Y,J,0,0.46581111593658064,0.5843689613298493,0.71119316579783,0.6726246280511022
742,13,X,X,D,1,0.452286726595187,0.5215453873337021,0.6743109772024775,0.6415183294404817
742,14,X,X,D,0,0.4526740732380797,0.5225553937647857,0.6399065167020656,0.6100078106221882
742,15,X,X,D,0,0.45772997936453713,0.543819841903261,0.6345233083084768,0.6108423200366162
742,16,X,X,D,1,0.48380836838047303,0.510233064861501,0.6467643712284618,0.6121200953969341
742,17,X,X,D,0,0.47994753879594054,0.5338539566689638,0.612088786509994,0.6058157571072769
742,18,X,Y,J,0,0.5496734710327187,0.5075064151916518,0.6119043224281684,0.5722494991636345
742,19,X,X,D,1,0.5506519035739323,0.5175718100100505,0.6252569060658176,0.6413781497283997
743,0,X,X,D,1,0.5785067583208414,0.30453124991928093,0.7213973450214334,0.6087399397906059
743,1,Y,Y,J,0,0.5622569819985549,0.3541649689522464,0.7161138930745614,0.582328720012752
743,2,X,Y,J,0,0.5720460834174765,0.3400384846631913,0.7203933934842874,0.5468417044656363
743,3,X,Y,J,0,0.5813540487133325,0.34980310229724204,0.6782001688149177,0.5405508711757756
743,4,X,X,D,1,0.5634776203760697,0.35939216881702063,0.670925934309989,0.543845442225009
743,5,X,X,D,1,0.5621948158166558,0.36967506729100263,0.6861247888534556,0.5091587188081316
743,6,X,Y,J,0,0.581897686337662,0.31528497719288384,0.6317691644910046,0.48619903808425663
743,7,X,Y,J,1,0.5714834412083528,0.3218441128580048,0.5981226113864332,0.5231360006726866
743,8,X,X,D,1,0.6056666443246731,0.326727306437189,0.61028544828563,0.5096655091435739
743,9,X,X,D,1,0.6287454592155814,0.33051144677455435,0.5770982760531862,0.5442521344657409
743,10,X,Y,J,0,0.6370595936893272,0.276790827791506,0.5968997216032321,0.519950461215327
743,11,X,Y,J,1,0.696806908689771,0.25,0.6127078568939238,0.5626424323024817
743,12,X,X,D,0,0.6555832062968437,0.25,0.5901620552876226,0.5108179311897257
743,13,X,X,D,1,0.6726712508684095,0.2671639296240192,0.6011429369772825,0.5236388477376798
743,14,X,X,D,1,0.6649293664191868,0.25199967611638446,0.6118316151053663,0.49222215079002063
743,15,X,X,D,0,0.6347494398848862,0.2769053622113841,0.6506279731841769,0.5327243235437341
743,16,X,Y,J,1,0.6580071513529094,0.3138924410922225,0.5813360233281601,0.5229295118036633
743,17,X,X,D,0,0.6955197175862771,0.2980163932584617,0.5945820354267148,0.510621936389995
743,18,X,X,D,0,0.6570226787355326,0.27460434844535525,0.6311848888211216,0.5041639120856238
743,19,X,X,D,1,0.6836542244859922,0.2804624090411984,0.6156981697155378,0.5023147612678929
744,0,X,X,D,0,0.36279762691903444,0.6436522659611555,0.44751728818775893,0.6605723916923075
744,1,Y,X,F,1,0.36580768791656315,0.6758874821606241,0.4441548077243616,0.6596130455490942
744,2,Y,Y,J,0,0.3663573675469328,0.6811299947222936,0.4266978306844881,0.6995007698774136
744,3,X,Y,J,1,0.4240543161871232,0.665465196873173,0.4478871397092184,0.7114925193993165
744,4,X,X,F,0,0.3901594390853252,0.627548010337679,0.4445104792043988,0.7246272846979986
744,5,X,X,D,1,0.3590798648303883,0.6300600584310352,0.4337537139678508,0.7356572007854564
744,6,X,X,F,0,0.3287351729828598,0.6664055908742181,0.4920052113743192,0.7031547525723275
744,7,X,X,F,0,0.34765322708151214,0.6392949873528083,0.49702303513497614,0.694541074743012
744,8,X,X,F,1,0.33810354212821025,0.6578683190240178,0.49826097511695294,0.6578744455380017
744,9,X,Y,J,0,0.36104696850200585,0.6649711180431561,0.5305985168475225,0.6818160112514619
744,10,X,X,F,1,0.3372417830500443,0.6832685731027607,0.522297733762317,0.6370087462965415
744,11,X,X,F,1,0.3138274380952326,0.6675713030709589,0.5414822733603737,0.6620916704899614
744,12,X,X,F,1,0.3519173209101401,0.6513161900354153,0.5840932604998169,0.6384637166690095
744,13,X,Y,J,1,0.3505133250719004,0.6871069702103647,0.5837694975403965,0.6335896684602468
744,14,X,X,F,0,0.3578002061362234,0.682173169293869,0.5621565313712799,0.5799720289019896
744,15,X,X,F,0,0.3545453072654398,0.6847185533777584,0.5078888925826168,0.6140578747559037
744,16,X,X,F,0,0.36790329711578634,0.6789705421724892,0.5301261505557031,0.6193554748332722
744,17,X,X,F,1,0.33769820378655624,0.6718597464088987,0.5315372406787193,0.6733732956373485
744,18,X,X,F,0,0.33989176987457004,0.701227003110339,0.5223206052354588,0.651464211276551
744,19,X,Y,J,1,0.32354911439784584,0.6764079045739058,0.5574790396412683,0.6210521284019962
745,0,X,Y,J,0,0.5306336431538168,0.681913399052821,0.33589684065306297,0.27742045152920747
745,1,Y,Y,J,0,0.5368816077457766,0.6666089299274708,0.36095927478257495,0.2723380325624165
745,2,X,Y,J,1,0.5029746501183144,0.64004036146051,0.36476090835173497,0.2884845926387092
745,3,X,X,D,1,0.4634672950324985,0.6568881139547815,0.37142899839605453,0.2661922670255899
745,4,X,X,D,1,0.43940834003744833,0.6748498654590108,0.3475996579217206,0.25
745,5,X,X,D,0,0.40217507092181193,0.6728749100557981,0.31012216744002014,0.25
745,6,X,Y,J,0,0.410345785748531,0.6958549255955944,0.3409863930473713,0.25
745,7,X,X,D,1,0.3852213644192949,0.7206447578738913,0.33934037274349377,0.2943828353407716
745,8,X,X,D,0,0.3596549319719056,0.7278845716417623,0.37801057013444117,0.2733478122248212
745,9,X,X,D,0,0.3557705776390071,0.6948799084014405,0.38897588056463356,0.2830440090560126
745,10,X,X,D,0,0.38234064349273206,0.6569893765808054,0.3938642751107344,0.3185709844120263
745,11,X,X,D,1,0.391493431298296,0.6968290807907401,0.36672920464885916,0.3300583727117484
745,12,X,Y,J,1,0.3702338189604775,0.7261781449319592,0.41088423873685176,0.3331627287971376
745,13,X,X,D,1,0.3973148779063107,0.7335595204152945,0.4299967184756842,0.34676866340890644
745,14,X,X,D,0,0.4034755002686254,0.7260128123329229,0.4056546145381971,0.34292231247384425
745,15,X,X,D,1,0.40426841076079995,0.6760319590438277,0.42037651300303813,0.3561007540022883
745,16,X,Y,J,0,0.4389448660488173,0.6692499244475913,0.4218427335731668,0.3569001469127422
745,17,X,X,D,0,0.46212506957705873,0.6860391524647511,0.43014975956217527,0.3431375606835202
745,18,X,X,D,1,0.4631560471836649,0.7185132253213473,0.4144725272594109,0.35236418595087765
745,19,X,Y,J,1,0.45392125950257634,0.7254243182628807,0.43755732360911465,0.34030695227906693
746,0,X,X,D,1,0.5511646984408893,0.34934459893863945,0.7210224986779967,0.3173447238925518
746,1,Y,Y,J,1,0.5596156130229569,0.329384488915346,0.7047337582621672,0.3193678528726937
746,2,X,Y,J,1,0.5397112883956755,0.3150369947743444,0.7130442392591959,0.33288558149080416
746,3,X,Y,J,1,0.5077730434452047,0.27676200879485,0.7392727453621394,0.36644470684747843
746,4,X,X,D,1,0.5332488562419462,0.2702676673265524,0.6985108831051524,0.3818209663921699
746,5,X,X,D,0,0.5652774984687088,0.2730136723482103,0.711743380785129,0.3960207963971921
746,6,X,Y,J,1,0.5794154411574042,0.2635512896503611,0.7287977602568187,0.3846901625625474
746,7,X,Y,J,1,0.5695671596316148,0.25,0.75,0.37424381565806353
746,8,X,X,D,1,0.5850357517088697,0.25838192264126875,0.75,0.3670035547918956
746,9,X,Y,J,0,0.5988719144799631,0.25,0.75,0.35505232382613033
746,10,X,X,D,0,0.6079905936376467,0.25,0.75,0.3401076693836834
746,11,X,X,D,1,0.5946720289541246,0.25,0.7327628642975015,0.3210123181609092
746,12,X,Y,J,1,0.5702181991692168,0.2694509403607833,0.7404271986574129,0.3192293856827498
746,13,X,Y,J,0,0.5868210580056985,0.26782680367017986,0.7274234150917018,0.32988427593013914
746,14,X,X,D,0,0.5557653309318411,0.3099927323178311,0.6879705432120082,0.33203623772752033
746,15,X,X,D,1,0.5964926304508741,0.3063582954748554,0.6999302409881715,0.3018052360904973
746,16,X,X,D,1,0.5936422116615968,0.2984615817642578,0.7423086484721794,0.28213476864588716
746,17,X,X,D,0,0.5716186280694951,0.30677882421259517,0.75,0.30683491573155225
746,18,X,X,D,0,0.5510881588644864,0.3186482925363061,0.7285022507369676,0.29574300937404996
746,19,X,X,D,0,0.5223183627201748,0.31780850448151493,0.7174958467775728,0.2973206636656357
747,0,X,Y,J,1,0.7263866602232405,0.46664767740036833,0.6400547113616878,0.27815686317463306
747,1,Y,Y,J,0,0.740229373905011,0.4661821991520407,0.6580872001414626,0.2929577810479162
747,2,X,X,D,0,0.7101827922354129,0.46710946630960165,0.6510926872869347,0.29668957249665806
747,3,X,Y,J,0,0.7302501933382938,0.5004277486831339,0.6230350096504689,0.3247983041353282
747,4,X,X,D,1,0.7269597751475406,0.4807031635500529,0.60304850647357,0.3347384404997524
747,5,X,Y,J,1,0.6987612626548172,0.4851573286662713,0.6115281056211308,0.33315544076490383
747,6,X,X,D,0,0.75,0.4778077405775343,0.5794024111250982,0.33566555786730223
747,7,X,X,D,0,0.7273388221492031,0.49165522175353826,0.6074355245338925,0.31512834079239077
747,8,X,X,D,0,0.7252795371557094,0.4945558957666246,0.5789066658569194,0.30717009952963104
747,9,X,X,D,1,0.7333386312455165,0.550815365093249,0.5642908792886526,0.3251170447038284
747,10,X,X,D,0,0.75,0.4980871451320188,0.58018170804215,0.28647527100001496
747,11,X,Y,J,0,0.7393291021066761,0.4685732061189746,0.5606767812625877,0.28981286633696696
747,12,X,X,D,0,0.75,0.5009451525869285,0.5906162884992873,0.27266477106006604
747,13,X,X,D,0,0.75,0.5225978917862477,0.6012997292904767,0.25
747,14,X,Y,J,1,0.75,0.5125801788956135,0.6054438521821621,0.26503521733803176
747,15,X,X,D,1,0.75,0.4797010784377323,0.6442861060429682,0.2516916521880065
747,16,X,Y,J,1,0.7240200800787484,0.5268638154223645,0.6470731034068113,0.2613558545682037
747,17,X,X,D,1,0.7232606033263955,0.5053806766857682,0.6352123643033927,0.2620663985055166
747,18,X,Y,J,0,0.7338494041456245,0.4684770014945273,0.6120662702508424,0.25
747,19,X,X,D,1,0.7426019538674417,0.4593353410552874,0.6491909056717557,0.25
748,0,X,X,D,1,0.44234088223145984,0.460539868530352,0.6380758742380745,0.49418944888371213
748,1,Y,X,D,0,0.4801615022454201,0.4470507032569185,0.5952583152549575,0.4464947144034072
748,2,X,X,D,1,0.4354556111635004,0.43915592048427277,0.5747277395408977,0.42147358406269203
748,3,X,X,D,0,0.4355562731225463,0.47688442465344216,0.5293541081052835,0.4131459615241851
748,4,X,Y,J,1,0.46033490192600557,0.4538772849121882,0.5087295025889635,0.40972479630005065
748,5,X,X,D,0,0.4623142068290857,0.4409801006121684,0.49805227509959343,0.40377043955278125
748,6,X,X,D,1,0.44214802699747185,0.4629849513566351,0.5034782884688807,0.4287100053802771
748,7,X,X,D,1,0.4348423973777614,0.49864811051954416,0.4838477318754191,0.41547762528627286
748,8,X,X,D,0,0.4610664531474099,0.5045170989627359,0.5136054406748638,0.44653681313137084
748,9,X,X,D,1,0.4942671250086987,0.4604982322468379,0.5124498499083843,0.46880502748309494
748,10,X,Y,J,0,0.49573475059350053,0.40937745116326635,0.5385618802487577,0.47124110835435745
748,11,X,X,D,1,0.5019765927308054,0.3599418014460499,0.5494145134690804,0.4458347026529957
748,12,X,X,D,1,0.4686844065737788,0.3720748073695307,0.5042264764684042,0.4137476073535181
748,13,X,X,D,1,0.44145019480225267,0.3368082262460568,0.49711763494037914,0.3835070642209362
748,14,X,X,D,0,0.4491037873238186,0.3758786986677487,0.5155649654422744,0.34271927571446287
748,15,X,Y,J,1,0.47222821789563574,0.3658313669882893,0.5581234773519721,0.33839861565506546
748,16,X,X,D,0,0.45042314295222463,0.39017954440689595,0.5559988363070812,0.33278913734332166
748,17,X,Y,J,1,0.47858596558343514,0.3821465844397691,0.49272260026621134,0.332565258762195
748,18,X,X,D,1,0.47159025138677335,0.40938850479123523,0.48580941151288826,0.3045638467962416
748,19,X,Y,J,0,0.46252844410417665,0.41782513740255645,0.4508507882326166,0.29136030315152406
749,0,X,X,D,1,0.4334220105450617,0.4500036301056269,0.6248902456851161,0.4643542903678021
749,1,Y,Y,J,0,0.4078193051746436,0.4323580952373384,0.5922139818713542,0.4321603250793055
749,2,X,Y,J,1,0.43463256672828493,0.46447413271603005,0.5437661250654487,0.44237544616184293
749,3,X,Y,J,1,0.40564225334451204,0.4286206379185086,0.5536349404186504,0.44272259542944564
749,4,X,X,D,1,0.42159806535666744,0.43644478502124423,0.5620725367314748,0.45347145271891853
749,5,X,X,D,0,0.4698309749838346,0.4427318332687389,0.6154754541637282,0.4713554924641752
749,6,X,X,D,0,0.47055696031597805,0.3977357459491987,0.6004801404196389,0.4658901462378714
749,7,X,X,D,1,0.45889864229828725,0.42973205412094906,0.5583377777867693,0.487896035859884
749,8,X,X,D,0,0.4286722767436632,0.42777000117652786,0.5650093776084318,0.4614205229199799
749,9,X,Y,J,0,0.3955642292987518,0.43135548635644255,0.5614385029197795,0.4571295688080933
749,10,X,X,D,1,0.4155472410706999,0.44400885972092136,0.5750223107732693,0.47477141852148647
749,11,X,X,D,0,0.41725934466377135,0.42495977461593276,0.5474648457676952,0.48979583085583794
749,12,X,X,D,1,0.4152241507988867,0.4219271158272386,0.56234135294422,0.4962950660402781
749,13,X,X,D,1,0.45605123923059193,0.3875610651697595,0.5159504717823917,0.5284503272388102
749,14,X,X,D,1,0.40282968935031194,0.3873406261190616,0.5267764927875154,0.516179458213315
749,15,X,X,D,0,0.39473691125874644,0.40881904362858673,0.5158590181023267,0.4931345787338526
749,16,X,Y,J,0,0.3865899522468498,0.4112389347436553,0.5058619747458326,0.5310919115408148
749,17,X,Y,J,0,0.3661690011566822,0.36328767729425143,0.48568301273357173,0.5083315901452754
749,18,X,X,D,0,0.36070529307981825,0.34380714499801873,0.48451911789964447,0.5523466391085404
749,19,X,X,D,1,0.3831504886896763,0.33883866114015837,0.5045088321010426,0.5421557674244311
750,0,X,X,D,0,0.40102042733471427,0.6777864144366267,0.44141609081504524,0.4299682459703304
750,1,Y,X,F,1,0.4079121950629068,0.7099168166979027,0.4317932669925129,0.4356926070395575
750,2,Y,Y,J,0,0.3854542708583005,0.6705218767024814,0.3777676622631759,0.41603412212240953
750,3,X,X,F,1,0.3958804465951696,0.6633614372295724,0.41325399005498487,0.39322245932470506
750,4,X,X,F,1,0.3985022271897876,0.6337646780767486,0.4029816591943578,0.41893832802336395
750,5,X,X,F,0,0.4017614998600643,0.6578810629681933,0.41366159953644605,0.4436717981254801
750,6,X,X,F,1,0.34549577977222545,0.6244683273438445,0.39724578125251747,0.4570553694133662
750,7,X,Y,J,0,0.3660167450626939,0.62459683221319,0.40388174712357827,0.48457710189891157
750,8,X,Y,J,0,0.3753907381518137,0.6489183317044439,0.42984483281009656,0.487346608157962
750,9,X,X,F,1,0.3989586051546725,0.6797380639935519,0.42173341523800295,0.4666532004120515
750,10,X,X,F,0,0.43780608436029345,0.6783151683236699,0.4299192729678432,0.4949607606535162
750,11,X,Y,J,0,0.44543187608504925,0.6758466540009743,0.4435838674479927,0.4886326519173999
750,12,X,X,F,1,0.42851021701880077,0.64227472221579,0.48781074823261306,0.47590428475488966
750,13,X,X,F,0,0.4207604628697794,0.6305803403137238,0.4921066811625499,0.4714091323293402
750,14,X,X,F,0,0.42629518740579664,0.6478258368663483,0.5008648502197056,0.4653892170441369
750,15,X,X,F,0,0.440952181275895,0.6621329047674287,0.5068775221361544,0.43662930834240005
750,16,X,Y,J,1,0.45269242170807394,0.6349199431003918,0.4881818131469772,0.3968622261170295
750,17,X,X,F,1,0.43090108710644975,0.6582091181644387,0.5144255754710263,0.390257832360893
750,18,X,X,F,0,0.4404854151202944,0.6016187628181265,0.47166717533120245,0.3961605764343959
750,19,X,X,F,1,0.3696807071801698,0.6024433975731012,0.47511749713060136,0.41618430424565883
751,0,X,X,D,1,0.6523654646301716,0.41175271726045426,0.2539682547218034,0.7226383715565297
751,1,Y,Y,J,0,0.6391103872900545,0.4290753083536646,0.26115276953449557,0.75
751,2,X,X,D,1,0.664614098488933,0.42553797337249194,0.26925706428122376,0.75
751,3,X,Y,J,0,0.6762707932332169,0.4390259749259926,0.25,0.7295466498611631
751,4,X,X,D,1,0.626969375428492,0.4216856285373351,0.25,0.7203345367294035
751,5,X,Y,J,1,0.6227139130890678,0.42013597962090243,0.2872178641494043,0.709120126193886
751,6,X,X,D,1,0.619146240270947,0.40866578481844745,0.27399719720551274,0.6514068614328417
751,7,X,X,D,0,0.6071927498968105,0.4127896937734809,0.26240423568907556,0.5924928811554039
751,8,X,X,D,1,0.5640117688119746,0.4156237404067379,0.2779405503533665,0.5747840112344299
751,9,X,X,D,1,0.58752983952685,0.40680438650010026,0.291224900851664,0.5833422338478698
751,10,X,X,D,1,0.6160817498031774,0.39853378413334173,0.30184389279201324,0.6046069345660469
751,11,X,X,D,0,0.6186065676148571,0.4053928658782834,0.3321381259330916,0.6280725117382139
751,12,X,Y,J,0,0.5924039436766957,0.4184079184969605,0.3405335548941957,0.609988707493555
751,13,X,X,D,0,0.5983758922735218,0.421153904082378,0.37051329984171016,0.5942370695124466
751,14,X,Y,J,1,0.5543728364987763,0.4226578509493881,0.38221214151506644,0.6095742496871204
751,15,X,Y,J,0,0.5839788622839103,0.38502938804789427,0.36552568144272396,0.5881128355530841
751,16,X,X,D,1,0.5716254187197274,0.38787471736668805,0.35028630065243377,0.563236628210742
751,17,X,X,D,1,0.5595081931032997,0.4335682868552233,0.33229215710450954,0.5415710351163264
751,18,X,X,D,1,0.5677483835168166,0.40936351715980274,0.3303470384926314,0.5438489789744277
751,19,X,X,D,0,0.5555330890477899,0.4336558924905875,0.29930229940888364,0.5392256381604216
752,0,X,Y,J,0,0.25302333008286865,0.4959562660264152,0.4669622200951451,0.43680059457737846
752,1,Y,Y,J,1,0.25,0.4885199167054709,0.4658307941236535,0.4611203621749964
752,2,Y,X,D,0,0.25,0.482319113785645,0.4323664127010206,0.46583837312556814
752,3,Y,X,D,1,0.253406632549629,0.45480357372360747,0.3889647761891394,0.5007211361581463
752,4,Y,X,D,0,0.25,0.4194591713842756,0.3866218591195437,0.49195193583591723
752,5,Y,X,D,0,0.25,0.4181806155360714,0.40807066637114403,0.5086333483024703
752,6,X,X,D,1,0.25,0.41142772438742764,0.4364800297418061,0.5318761071825078
752,7,X,X,D,0,0.2692130630973683,0.40816514653917074,0.4032285950689302,0.49499052481647027
752,8,X,X,D,1,0.29568480382311063,0.4515348185977685,0.4068789354961545,0.4391725565866229
752,9,X,Y,J,0,0.3194512958343157,0.42604307222015586,0.39196953690328556,0.4147023347315868
752,10,X,X,D,0,0.33633489130024186,0.3980347998648064,0.3398793714011011,0.41321836369676
752,11,X,X,D,0,0.34229324318693805,0.4059187279542357,0.335930125600385,0.392396890214401
752,12,X,X,D,0,0.37119118083780966,0.4017597621450002,0.3227522937383162,0.36636179057826534
752,13,X,X,D,0,0.38142452777790087,0.39997363963098737,0.35401851768278336,0.3733185794535258
752,14,X,X,D,0,0.38248963137984926,0.4226698063247757,0.3532566495967096,0.3912596755229635
752,15,X,Y,J,1,0.39719487728696323,0.44474991903587674,0.3433280859028442,0.4108526444218825
752,16,X,X,D,0,0.3818199337061545,0.454264302594285,0.3504202286412625,0.43235508933798966
752,17,X,X,D,1,0.3404875937102169,0.46930690976364947,0.3405960596388121,0.4015505448856789
752,18,X,Y,J,1,0.3542483295162666,0.457241660554653,0.37734665098908754,0.38219421766283823
752,19,X,X,D,0,0.32751437439331044,0.47398016730714393,0.3890455330798693,0.36817790918739235
753,0,X,X,D,1,0.6701906604388876,0.6694003349257768,0.7479541408939864,0.4223273879453263
753,1,Y,X,D,0,0.6584334335506845,0.7059465513342849,0.6826130603012581,0.4245582453324305
753,2,X,X,D,0,0.6695065170179485,0.694623391998673,0.6763284295315759,0.4112174335616306
753,3,Y,X,D,0,0.6865412369403615,0.7197128464533735,0.6654982988351571,0.4170611192356991
753,4,X,Y,J,1,0.6977771975620108,0.708240893630416,0.6398815196704832,0.4122074458213965
753,5,X,Y,J,1,0.6609276040981391,0.7349228682730203,0.6633389218174908,0.4561426393294227
753,6,X,Y,J,1,0.6548371981951014,0.7009374080749441,0.6352300154028525,0.42615832044874546
753,7,X,X,D,0,0.6792356367663627,0.731751718270569,0.6298471024415998,0.4109657281709796
753,8,X,X,D,0,0.6959473630058084,0.7100904100663842,0.645157138409686,0.41624550022301404
753,9,X,Y,J,0,0.6693922402015186,0.75,0.6474598105216978,0.39447649308641036
753,10,X,X,D,0,0.6928206639607694,0.75,0.6324487136326363,0.4296968204102398
753,11,X,X,D,0,0.6844057123352241,0.7394892187444212,0.5967200900995642,0.4530330184351199
753,12,X,X,D,0,0.6617234500643479,0.7323978232274059,0.5608431393707498,0.42972612452313513
753,13,X,X,D,0,0.659604410724818,0.726277273565813,0.5728234110156699,0.4259269936127209
753,14,X,X,D,1,0.7135591782607286,0.7402994265615641,0.6079019043925092,0.3981088844650978
753,15,X,X,D,1,0.7088390820924122,0.7489701143886033,0.6116205165250946,0.3833017667427332
753,16,X,X,D,1,0.7245586345907815,0.7166216143533081,0.6207802194607625,0.39090485423933363
753,17,X,X,D,1,0.7153590161699674,0.6900974104639446,0.6075594999812264,0.3560625703718068
753,18,X,Y,J,1,0.7220424264930941,0.690297403962473,0.6049659226465728,0.39837394357401573
753,19,X,X,D,1,0.6982483795755194,0.6208309654880448,0.5879513282915138,0.3893787609366317
754,0,X,X,D,1,0.5895620314230203,0.4817512409213983,0.6839492252625163,0.7159310763017966
754,1,Y,X,D,1,0.6161099191512905,0.4583183907232806,0.6796816253398804,0.6549570943128742
754,2,X,X,D,1,0.6379947656455991,0.4622286249719135,0.7038313377116145,0.6619274047076491
754,3,X,X,D,1,0.5989471146381093,0.4256133708211438,0.6619930599663311,0.6739212981113886
754,4,X,Y,J,1,0.6514412299122699,0.4243184853024158,0.6534633049211189,0.6862416841506225
754,5,X,X,D,1,0.6284208362411342,0.3953655082409001,0.6712313882170354,0.6473853329242849
754,6,X,Y,J,1,0.6125857989172435,0.3755545069981305,0.6923990657714856,0.700481449638316
754,7,X,X,D,0,0.6036946990389239,0.3870449801815712,0.6781777781196094,0.7418917206575831
754,8,X,X,D,1,0.5825806778557117,0.4218483048937467,0.6120404887641726,0.7408715515423004
754,9,X,X,D,1,0.5395593109028516,0.42583179534197574,0.5990662437763552,0.7131950423251419
754,10,X,Y,J,1,0.5538512305135069,0.42498995380812055,0.6249191914137984,0.7293032103328567
754,11,X,Y,J,0,0.5769936697678243,0.40629308736603553,0.650289550986469,0.7393607066709826
754,12,X,X,D,1,0.5536167525568099,0.42793857239505995,0.6459884295952151,0.7364712848695311
754,13,X,Y,J,1,0.5209824591607134,0.42809736237904233,0.5973866080395989,0.75
754,14,X,X,D,0,0.5387587486859038,0.38878796223799156,0.6112048298637517,0.75
754,15,X,X,D,1,0.5299848703620801,0.37009217633606356,0.654679306381954,0.75
754,16,X,X,D,0,0.49855080180511385,0.3675853176461584,0.654950326120434,0.7414132477129017
754,17,X,X,D,0,0.5302789743404527,0.35700213677588,0.6392144928294893,0.75
754,18,X,Y,J,1,0.550419506216311,0.4186871263929187,0.5969025777515392,0.744430904743653
754,19,X,X,D,1,0.5526412008795102,0.4339723180464269,0.5992060195813224,0.7361293278662437
755,0,X,X,D,0,0.6494067046780871,0.50374175974812,0.3303152185145799,0.3450759263425618
755,1,Y,Y,J,1,0.6642606721219372,0.4996469054619613,0.31751521087847023,0.3691130373699175
755,2,Y,X,D,1,0.6545229342072064,0.507491372147419,0.32136996881340896,0.33496654670435666
755,3,Y,Y,J,1,0.7044938262780193,0.48819815629585556,0.33032610049993655,0.3224223343396627
755,4,Y,X,D,1,0.6896679618486398,0.5325079468772471,0.36173878512891045,0.35894691073281604
755,5,Y,Y,J,0,0.7248182432072503,0.5023675596642159,0.35364050561023463,0.38984612068690616
755,6,Y,X,D,1,0.7308759545627603,0.5070855610301319,0.3199930687285645,0.38546522778788656
755,7,Y,Y,J,0,0.7404874824032801,0.47356938357406564,0.30591198164222905,0.4375149433811323
755,8,Y,X,D,0,0.7172792940782445,0.501904489163235,0.27784080792156374,0.4258583752007305
755,9,Y,Y,J,0,0.7284222360086787,0.49178943304751627,0.26286882467178313,0.425875032551206
755,10,Y,Y,J,0,0.7373670383867773,0.5043946600634864,0.273970297544884,0.4397097823881075
755,11,Y,X,D,0,0.75,0.5078957485254939,0.29257505598660816,0.41630177398962875
755,12,Y,X,D,1,0.7021201085109596,0.5038025786127772,0.2816751704740401,0.4025754312406013
755,13,Y,Y,J,0,0.6882941783275607,0.4706820553538505,0.26533588997353125,0.37583266442766167
755,14,Y,Y,J,0,0.6963142145984829,0.5268517623541574,0.25,0.35426468343068124
755,15,Y,X,D,1,0.7076847130646228,0.5086108709086143,0.25,0.3787038035929675
755,16,Y,Y,J,0,0.7191011322675026,0.516283516931339,0.27298191303085945,0.351462180925384
755,17,Y,X,D,1,0.6954760644829334,0.49751549869995626,0.2666334108644499,0.34240574003633484
755,18,Y,X,D,1,0.734311360558958,0.4887300244482673,0.25,0.3396102637566243
755,19,Y,Y,J,1,0.7437835130466323,0.483908874928425,0.25,0.304897385276114
756,0,X,X,D,0,0.5081462385832475,0.6120959875919689,0.42418916019570857,0.276801533408137
756,1,Y,Y,J,0,0.5154838917468948,0.6159809692946283,0.38422718158995084,0.25
756,2,X,X,D,1,0.5932234849522504,0.6057257116064324,0.38753003657614904,0.25
756,3,X,Y,J,1,0.570156834572956,0.6258482373912516,0.3394086770414366,0.27887358058026435
756,4,X,X,D,1,0.5874656731874636,0.6337464964797904,0.3179312611760323,0.29539829435658993
756,5,X,Y,J,1,0.6042936377893479,0.6239086712643678,0.3462013063446151,0.3174522020984637
756,6,X,X,D,1,0.590562738188602,0.6559643932842109,0.3586812742478922,0.31771430628604436
756,7,X,X,D,1,0.5957993404312284,0.6532609199330515,0.37588757993961813,0.2801920899255382
756,8,X,Y,J,1,0.5861314430388963,0.6718663258238605,0.3948278224125707,0.27916982487665665
756,9,X,Y,J,1,0.6122766801673208,0.6952003163712107,0.347245014913433,0.25
756,10,X,Y,J,0,0.5897297896887459,0.7093014451857139,0.364885795648746,0.25
756,11,X,Y,J,0,0.5465378430924693,0.644780640541864,0.33143140052361725,0.28324909448724195
756,12,X,Y,J,0,0.5646450211513218,0.6088532528752931,0.28163711735439406,0.26080920393925644
756,13,X,Y,J,0,0.5605175041453809,0.6197486021378075,0.28448787506576956,0.2663835527488742
756,14,X,X,D,0,0.5485410046897063,0.6257086839904002,0.25825529809528036,0.2796958490545063
756,15,X,Y,J,0,0.5186709654588022,0.5839945269007929,0.25,0.2871085726548463
756,16,X,Y,J,1,0.5152714675040418,0.5426212647750759,0.25,0.2919996261038678
756,17,X,Y,J,0,0.4714682645272565,0.55352240877075,0.27167932113436255,0.29181075119200983
756,18,X,Y,J,0,0.47623701847416633,0.5860424197768784,0.25,0.32428680386574865
756,19,X,X,D,1,0.4894306641621796,0.5719388429137087,0.25,0.30622931978347767
757,0,X,X,D,0,0.5970620333229755,0.6395053977188259,0.46022114779741663,0.5535083026615784
757,1,Y,Y,J,0,0.5924986702241505,0.6459738668276451,0.4831547207533887,0.5680935948897928
757,2,X,X,D,1,0.5945769819739732,0.67004425149613,0.4907915212572449,0.5826296669905728
757,3,X,Y,J,1,0.5839596384112661,0.6100671490289296,0.48521528451303814,0.591093300811848
757,4,X,X,D,1,0.6214835514061452,0.606613609612246,0.4801176296908234,0.5801090736909672
757,5,X,X,D,1,0.6178935471726387,0.637498610644989,0.4685516863980861,0.5722470372023765
757,6,X,X,D,1,0.6021099841719629,0.6521054232508369,0.4734106111543052,0.5655251357654468
757,7,X,X,D,1,0.5927349962135249,0.6388777226524047,0.45422145178842366,0.5242506258707037
757,8,X,X,D,1,0.5674854256926994,0.647385087741928,0.4578344715504664,0.5143347433619332
757,9,X,Y,J,0,0.6132541259926982,0.6391357751344229,0.43718852907029676,0.5367367832017101
757,10,X,X,D,0,0.5958461032818357,0.6829852493901459,0.4465146111656225,0.5820419743122425
757,11,X,Y,J,0,0.6419989366314675,0.6948024596853053,0.4833931329567451,0.5862816696760135
757,12,X,X,D,1,0.6345752699409468,0.681415057633133,0.4880770323986493,0.595751388938222
757,13,X,X,D,1,0.6356340365796238,0.6885006063696568,0.5002574133658214,0.5880297993250698
757,14,X,X,D,1,0.6541533587644375,0.6834728104767379,0.5347542706006744,0.5408048622481463
757,15,X,Y,J,0,0.628412983497837,0.6466966891034726,0.5499098680281915,0.5321919204059844
757,16,X,X,D,1,0.6230371658803551,0.613911422328418,0.5724278660328543,0.4855643542222647
757,17,X,X,D,0,0.602989814740892,0.6284713642184114,0.540090949144873,0.4571642546899901
757,18,X,X,D,1,0.6350581674230538,0.6454099516309693,0.5671065096808581,0.46882645040681215
757,19,X,X,D,1,0.6401794534301606,0.6424815047922791,0.5682651592607758,0.4642618517126364
758,0,X,X,D,0,0.48190698068347354,0.3870013846585645,0.5178696944157666,0.45258431556203077
758,1,Y,X,F,0,0.47929792404753296,0.37624478695594754,0.5223055635980964,0.45995855526305524
758,2,X,X,D,1,0.4614351172919519,0.44427274666084876,0.5553143357731087,0.45424610862194725
758,3,X,X,D,1,0.4934903296722934,0.44570249484868574,0.6094501871759995,0.44843575914608585
758,4,X,X,D,1,0.49723634332348465,0.4266234697934372,0.610476830734962,0.4428186467787908
758,5,X,X,D,1,0.47313035290525934,0.4636103333093085,0.6419286184005171,0.4402135986470166
758,6,X,X,D,1,0.43025143577104724,0.48299196932317556,0.6571085738389172,0.43080506927556517
758,7,X,X,D,0,0.4085355133163486,0.5111889220188428,0.6196164534997927,0.4024252939943095
758,8,X,X,D,0,0.4195314938406002,0.5582923235366846,0.6105762738535312,0.3921239884032626
758,9,X,X,D,1,0.4383783397803746,0.5883497850729783,0.6088970480572904,0.4142058094340608
758,10,X,Y,J,0,0.44634472306641326,0.5889600152918619,0.618675703398758,0.41637711691920987
758,11,X,X,D,0,0.4313001856355976,0.6231828566292319,0.6221723047829518,0.38705386054001956
758,12,X,X,D,0,0.4211592185186847,0.6286596239456618,0.6104234873215356,0.3404831447441385
758,13,X,X,D,0,0.3790622085190131,0.6694647066594993,0.5807218133680554,0.36678785676191034
758,14,X,Y,J,1,0.3962204999941072,0.6836237201207904,0.580792204470939,0.3561836929817161
758,15,X,X,D,0,0.4329334436337841,0.6780484320939253,0.5898869381807919,0.3700206526585245
758,16,X,Y,J,0,0.43250096391940884,0.695187672072414,0.579407513564868,0.3846451106218159
758,17,X,X,D,0,0.46400579493939254,0.6863210962530654,0.5554274500662956,0.42414393865556427
758,18,X,X,D,1,0.45740714312479563,0.6554701086301622,0.5517186262204612,0.41971663506209445
758,19,X,X,D,0,0.49741665154988507,0.671093808090527,0.5685847830087358,0.3884712915644104
759,0,X,X,D,0,0.40519892758773296,0.42141205086903183,0.37124465813068996,0.6206410891724048
759,1,Y,Y,J,1,0.3731761097449155,0.39861200969499533,0.3436451893856372,0.576728253482092
759,2,Y,X,D,0,0.3537676206158047,0.41287382674428075,0.3666491682128031,0.587665970590855
759,3,Y,X,D,1,0.3544160427997045,0.4040949703521567,0.36781701829507,0.6119611353096097
759,4,Y,Y,J,0,0.36205371746119464,0.394677898720246,0.3629242014476941,0.5907621546933822
759,5,Y,Y,J,0,0.3611436968328078,0.37657274160754073,0.3495533437250516,0.5745578992147986
759,6,X,X,D,0,0.3688803033514909,0.3798899778550121,0.3876721733534526,0.5679588673821456
759,7,X,X,D,1,0.3670462021176779,0.3488699853522754,0.38864481962089065,0.6070243299762715
759,8,X,Y,J,0,0.33403692854507827,0.3526767220439286,0.3694069039114099,0.5670516918819464
759,9,X,X,D,1,0.3457805246050656,0.33853160876050614,0.377799853153024,0.5255084044407634
759,10,X,X,D,0,0.3293756914097822,0.34272954492963936,0.3712217135270928,0.5546609640397517
759,11,X,X,D,0,0.3586026140438969,0.30965277277753944,0.3700079478296472,0.5545166576254479
759,12,X,Y,J,1,0.36710294845684815,0.29923263301662045,0.3444037978895566,0.56626101571011
759,13,X,X,D,0,0.3830863629976152,0.31309601568415907,0.32872028907137096,0.5772466706283824
759,14,X,X,D,1,0.40161784834665776,0.27973498736625896,0.28743777291220374,0.5242217537443785
759,15,X,X,D,1,0.4027806762041418,0.33512103536136145,0.2689783344450625,0.49222776800903884
759,16,X,X,D,1,0.4301754302424942,0.3642936003835759,0.28731202997631794,0.4884298398901841
759,17,X,X,D,0,0.4071858118376181,0.37740497540682366,0.29401108492185885,0.4990818728965657
759,18,X,X,D,1,0.39196248430492964,0.35441689435512125,0.2650090925066484,0.4553998708550321
759,19,X,X,D,1,0.3805153035335247,0.3667423648806883,0.25,0.4055299368455555
760,0,X,X,D,0,0.2565623386141313,0.3891291546672422,0.3424360752943974,0.7116126804192819
760,1,Y,Y,J,0,0.30857499320324794,0.3630680483027872,0.3412543930111591,0.75
760,2,X,X,D,0,0.31744363502058043,0.29467009286856477,0.3383381408123127,0.7249001557487441
760,3,X,X,D,0,0.3161098551988644,0.29555952855816064,0.3548046838161063,0.6980699978438314
760,4,X,X,D,1,0.3674301718537965,0.3210380689481683,0.3692102618667491,0.7148107365776926
760,5,X,X,D,1,0.3263273482409903,0.3076816686232815,0.36177331884037084,0.737710935413851
760,6,X,X,D,1,0.33503157765531616,0.3222719226522137,0.3600581270225919,0.7444854356300439
760,7,X,Y,J,0,0.37348774052797795,0.32804939850396353,0.3555788138937477,0.7132666017249316
760,8,X,X,D,0,0.3736302989166198,0.3703271254136523,0.36002594106702346,0.6587673085084915
760,9,X,X,D,1,0.35703797538208226,0.38454621499811026,0.3744265536176478,0.6664985821555438
760,10,X,X,D,0,0.30972980234161385,0.3464081142595894,0.40121158455159317,0.627571031977781
760,11,X,X,D,0,0.2951678105678812,0.29160347160688765,0.3972686920553653,0.612652661161391
760,12,X,X,D,1,0.276461006734931,0.280373462246444,0.4024862469986327,0.6040528474794632
760,13,X,Y,J,0,0.291549239579876,0.26920012838592555,0.3934379702065018,0.59079119017844
760,14,X,Y,J,1,0.2734232912807597,0.27841043555847206,0.4349984275490668,0.5872523928470673
760,15,X,X,D,0,0.25,0.26431542351018966,0.45304639319701273,0.5991823359473883
760,16,X,X,D,0,0.25,0.2783488104177163,0.43547561099684634,0.5660857599557603
760,17,X,X,D,0,0.27595206234463665,0.26308853514299047,0.43864612878031667,0.5610269640534111
760,18,X,X,D,1,0.2827133487136222,0.2653626254470682,0.4460183436401765,0.5765555047969075
760,19,X,Y,J,0,0.28836351847478825,0.2876767268855049,0.40614617824378013,0.5475259676473652
761,0,X,X,D,0,0.40739654723793456,0.4063747538620295,0.641660118515563,0.31765472009883533
761,1,Y,Y,J,1,0.41237812582664907,0.4073185491443653,0.6385818115335037,0.3579417201886755
761,2,Y,X,D,0,0.4401604971735391,0.40703757362548776,0.6271647945831316,0.40838157342952525
761,3,Y,Y,J,1,0.4727304788609327,0.3984597798568038,0.648102966458298,0.4019412278120073
761,4,Y,X,D,1,0.5115524235880081,0.4240501767115057,0.6619409938599425,0.4336356090024744
761,5,Y,Y,J,1,0.5242154148281242,0.4458705904180956,0.653575326650465,0.4454990155223595
761,6,Y,Y,J,1,0.5537654074015221,0.38185286829643195,0.6555015471086851,0.43172045470696613
761,7,Y,X,D,0,0.5282857570266545,0.3974430602972775,0.6594628682718363,0.4285389931619161
761,8,Y,Y,J,1,0.566400152017543,0.4434082354003792,0.6334803198903741,0.4164155080226964
761,9,Y,Y,J,0,0.5648816003871117,0.41102378340334766,0.6401721418706339,0.4166361551522023
761,10,Y,Y,J,0,0.5592142417804306,0.3995951045299512,0.6030658294845657,0.3937206332677529
761,11,Y,Y,J,1,0.5399673043053281,0.3736195347934226,0.5929210829913534,0.39732347383126904
761,12,Y,Y,J,1,0.5441204658040263,0.3279480756812906,0.5732002543026679,0.4092513438397494
761,13,Y,X,D,1,0.5190129372027771,0.3178056944900577,0.5817763107236755,0.39579042748822846
761,14,Y,Y,J,1,0.5337086619650993,0.29697326220154857,0.5951198225045755,0.362911412511788
761,15,Y,X,D,1,0.5462751105519872,0.2876246550232928,0.5942997531717111,0.325786339952669
761,16,Y,Y,J,1,0.5579647141486574,0.2582561635015288,0.6327646220848115,0.3360689238245042
761,17,Y,X,D,1,0.5952017741227684,0.3157459332380086,0.6231580307864311,0.3416041555049888
761,18,Y,X,D,0,0.6233175118760591,0.2986055935204989,0.6073207455029624,0.37258533528554943
761,19,Y,Y,J,0,0.6296529222320465,0.3373432058242172,0.6339938824809538,0.3698974630057975
762,0,X,X,D,0,0.4422586970037839,0.5239942434579813,0.5028726373353511,0.29412005238927025
762,1,Y,Y,J,1,0.43366758902933866,0.5230707247618038,0.5406353039536563,0.3089710457852955
762,2,Y,X,D,0,0.4825834842722818,0.5134639215880288,0.5437067154312847,0.2991281996230245
762,3,Y,Y,J,0,0.46708425869085,0.5386440234458102,0.520394467868744,0.2968492982746975
762,4,Y,Y,J,1,0.5008980396904263,0.5431546607792187,0.49770986799803607,0.3207606394275919
762,5,Y,X,D,1,0.5099956525075989,0.5444183508261917,0.4602627304397358,0.3103253942541069
762,6,Y,Y,J,1,0.49517163017651417,0.5309592593547537,0.41817391443304525,0.29214412534707224
762,7,Y,X,D,0,0.49315593730547075,0.5255320072642462,0.4117232830442805,0.3122978885176252
762,8,Y,Y,J,1,0.4727336533052208,0.5149984905754886,0.3826783054785783,0.2664440437751918
762,9,Y,Y,J,0,0.49559746903558444,0.484429918454439,0.35161919066892233,0.25980790084347427
762,10,Y,X,D,1,0.45612220016275845,0.4587588510664869,0.3639075671777006,0.25402954766894836
762,11,Y,Y,J,0,0.4615085454257472,0.48545390662076154,0.3194431063370528,0.25
762,12,Y,Y,J,0,0.518101632362997,0.46125398136446066,0.30931002872255015,0.2862905352713856
762,13,Y,X,D,0,0.4902084747800192,0.4269586357862967,0.28739936323783033,0.2676775574046456
762,14,Y,X,D,0,0.5020961706148158,0.40225848281658605,0.2713345388456465,0.26173352097563773
762,15,Y,Y,J,0,0.5152121544524315,0.3860152798426314,0.2600245920425556,0.25
762,16,Y,X,D,0,0.5416730588476293,0.36504862994656995,0.25,0.28039098287422537
762,17,Y,Y,J,1,0.5756179511713712,0.34786458002701,0.3291042866908153,0.2517991641591656
762,18,Y,X,D,1,0.5226570231701415,0.33339477887643215,0.3224481125615548,0.26363979905031415
762,19,Y,X,D,0,0.5582370869549457,0.3811672217492207,0.32183496354784824,0.2754285412113137
763,0,X,Y,J,0,0.39529397323046883,0.30230562675851036,0.46059656504592816,0.6308485901911881
763,1,Y,Y,J,0,0.39809613934329985,0.32616458485815036,0.45319185969638903,0.6324685099168367
763,2,X,Y,J,0,0.40477793105863275,0.3398384894076404,0.41570662437604544,0.6335612511925887
763,3,X,X,D,0,0.37200434533544563,0.3716281036945753,0.37358061831817163,0.6327915536234858
763,4,X,X,D,0,0.32671021621599655,0.3559349848264817,0.3481620029382361,0.6701816295050924
763,5,X,X,D,0,0.33347601390178155,0.3567870320498762,0.34704655353607694,0.6509984798429409
763,6,X,X,D,0,0.30930321817896056,0.35496593644402286,0.3660295049138353,0.6570802757158554
763,7,X,Y,J,1,0.25857996625526847,0.3468443677727524,0.3530741038102435,0.6501140614425434
763,8,X,X,D,1,0.25,0.3453175160862831,0.37401087978418424,0.657322207430179
763,9,X,X,D,1,0.279646693135719,0.3101556742434201,0.4020641582736808,0.6276352703005417
763,10,X,Y,J,0,0.25,0.3442713470529682,0.4496016335804468,0.6269596282707363
763,11,X,X,D,0,0.26474987699883784,0.3578948940097681,0.4615930406903254,0.666478454129297
763,12,X,X,D,0,0.3229131723571148,0.32592531692123666,0.4378430001500511,0.6441676315968128
763,13,X,Y,J,0,0.3326047647412718,0.2930665145665964,0.4811292821951061,0.6411812374963156
763,14,X,Y,J,1,0.35983462848172904,0.31136048164803654,0.4937008428488273,0.6096649198705395
763,15,Y,X,D,0,0.33221886030006814,0.26339074724150313,0.506253741662773,0.580360103612541
763,16,X,X,D,0,0.3123657659142595,0.26544755729826824,0.4886639665166206,0.5609986434295711
763,17,X,Y,J,0,0.36231221363818084,0.29265564518403403,0.5382396605699564,0.5853720263424532
763,18,X,Y,J,1,0.3949985962121128,0.2500997010097444,0.5786110777990886,0.5568808966660986
763,19,X,X,D,1,0.38900797112035657,0.32610749756250457,0.5509381183872516,0.5752203921302512
764,0,X,X,D,1,0.3855905591201027,0.3192107315620063,0.5768787681560015,0.6577642588120391
764,1,Y,X,D,0,0.37453807109874837,0.34766773259103073,0.5542762389842865,0.6341257386298883
764,2,X,X,D,0,0.3982899450496712,0.36283681450358585,0.5732138136655431,0.6182764036815852
764,3,Y,Y,J,0,0.42697260847042245,0.3096297051123849,0.5810454197014004,0.6188510774795595
764,4,X,Y,J,1,0.43006319855254166,0.3660450352459844,0.5937462320950342,0.624077476484539
764,5,X,X,D,0,0.4625855899262371,0.3504262357412937,0.6213618966737039,0.6336677794318788
764,6,X,X,D,0,0.4265099503785886,0.3382221066318387,0.6543362032760102,0.6353949870859573
764,7,X,Y,J,0,0.4069084530721406,0.37380698501157517,0.646797616905802,0.6449690155209614
764,8,X,X,D,0,0.4484233741142874,0.37272979408599477,0.6311965799795569,0.6092403890700452
764,9,X,X,D,0,0.4464570465464087,0.4061802633603596,0.6330034957469368,0.6074742615101
764,10,X,Y,J,1,0.46131130444630636,0.45518052839916917,0.6280854234422647,0.6009089152405636
764,11,X,X,D,1,0.46450138624470055,0.4645892435923239,0.6370742426308322,0.6336965357114208
764,12,X,Y,J,1,0.45180417831025627,0.42807151352438044,0.621212289521765,0.6276751569836697
764,13,X,X,D,1,0.4745812649963641,0.42341799043546585,0.6364115193434847,0.6439285800881089
764,14,X,X,D,1,0.47168785988588474,0.42081339735319795,0.6510623672111014,0.6701663671962312
764,15,X,X,D,0,0.5137623055934449,0.40632190773780924,0.6253817175060351,0.6961669607679899
764,16,X,X,D,0,0.5175216039535548,0.3951070365394352,0.6037565606538868,0.7031646185966551
764,17,X,X,D,1,0.5514383755869611,0.35523514356226754,0.5912810929627443,0.75
764,18,X,X,D,1,0.540776133237746,0.3841661925870053,0.5989606648590543,0.75
764,19,X,Y,J,1,0.5592894186623334,0.40709556867075003,0.5880656544333537,0.75
765,0,X,Y,J,0,0.6837730234974122,0.4933858227180155,0.40398121285833516,0.6316661186369966
765,1,Y,X,D,1,0.6993652022004916,0.4597199082726497,0.4588482486964102,0.6309912757720784
765,2,X,Y,J,0,0.7068548730631161,0.4759353724316424,0.45926850898695143,0.6144571047600103
765,3,X,Y,J,0,0.6933622118695084,0.4724539359395708,0.471253068601126,0.5973772615994729
765,4,X,Y,J,1,0.6529402561110014,0.4579277271653549,0.49832693547526175,0.604407524577475
765,5,X,Y,J,1,0.6477527553941078,0.49360460026276737,0.5077266912185215,0.5719260489707384
765,6,X,X,D,1,0.605045535132365,0.4891385517491067,0.4824511670337459,0.564457822860786
765,7,X,Y,J,1,0.5810358929611524,0.4997637295935243,0.5011405567953129,0.576604170109357
765,8,X,X,D,1,0.598697690039949,0.45691711578406935,0.4653788671647507,0.6235733508894155
765,9,X,X,D,1,0.5872013038431215,0.41362564385512074,0.4888555449761669,0.6247092565611608
765,10,X,Y,J,1,0.546112835978952,0.37372740418027056,0.47599678335139334,0.6378630904951633
765,11,X,Y,J,1,0.5212421457743662,0.39348442072397555,0.4995364199197794,0.6417728695328972
765,12,X,X,D,1,0.5338158569756882,0.40590177876446526,0.5143759222119995,0.6521521608238652
765,13,X,Y,J,0,0.5336810432765208,0.42148148356386017,0.5187692623375991,0.6365074723314477
765,14,X,X,D,0,0.536010617043011,0.4314441451630187,0.5175807442752827,0.6053445448819597
765,15,X,X,D,1,0.5369964632563051,0.4415281770427886,0.54026958394345,0.586333223062823
765,16,X,X,D,0,0.5173671512972154,0.4275842638159334,0.5192352557147792,0.5999278717923252
765,17,X,X,D,0,0.49103258402760985,0.46403608682234293,0.5100133041632706,0.6207502020856727
765,18,X,X,D,0,0.5116942938159158,0.466809356768673,0.48626511496429276,0.6201594659383002
765,19,X,X,D,0,0.5447908649571509,0.4919635272194851,0.4933964164562627,0.608870703921529
766,0,X,Y,J,1,0.6110037355432945,0.2746536226697188,0.42594065129588154,0.4722645564453095
766,1,Y,Y,J,0,0.614820763045884,0.25,0.4063221318595962,0.46025345160195436
766,2,X,X,D,0,0.6389590898581857,0.2591363580743994,0.39670738355910745,0.4957337456461909
766,3,X,X,D,0,0.6750786178538599,0.25210053910444585,0.40173284072822996,0.5317070564368229
766,4,Y,Y,J,0,0.65424782708358,0.25,0.34663464184481424,0.5284482286143913
766,5,X,Y,J,0,0.6435272472160999,0.25,0.3159324997967835,0.553702844811123
766,6,X,X,D,0,0.6311945901482777,0.26597591830012796,0.3347682848020584,0.5393228361827397
766,7,X,X,D,0,0.5903728244381758,0.25,0.3351533674435684,0.5387243368422501
766,8,X,Y,J,0,0.6523025177375139,0.2707856991888274,0.36742409394864856,0.568650835722067
766,9,X,X,D,0,0.614587585958337,0.2883576373572952,0.32918380752298954,0.5273604717167715
766,10,X,X,D,1,0.6309271696903473,0.2679601076142108,0.281665804214217,0.5027994165960185
766,11,X,X,D,1,0.6329080135273755,0.28755222842219574,0.25,0.45472753189460857
766,12,X,X,D,1,0.6411746916425035,0.29433994785872697,0.25,0.4729112020201033
766,13,X,Y,J,0,0.6418778879279531,0.25992695586418846,0.2658222346178861,0.4454385444407871
766,14,X,X,D,1,0.6291518405782071,0.25,0.28092324261653995,0.46976027848645585
766,15,X,X,D,1,0.6267567797693457,0.28880146303696,0.3028796370886321,0.5003211352535579
766,16,X,Y,J,0,0.6580002326836782,0.2661694428864066,0.31904403030573314,0.5235580425061893
766,17,X,X,D,1,0.678889539849085,0.30007249979924777,0.2861171501428517,0.5007983552459773
766,18,X,X,D,1,0.6363570836742035,0.3340178950548899,0.337743932476702,0.49368617921394015
766,19,X,Y,J,0,0.6627890714371384,0.321282075080224,0.3286640880712758,0.4823698427557249
767,0,X,X,D,0,0.3602768577483193,0.45049814654206033,0.49890443764314146,0.42697118252138794
767,1,Y,Y,J,0,0.3669922709943029,0.4353861550887893,0.5048961465249269,0.3993650048400431
767,2,X,X,D,1,0.342514067242208,0.4297398863147015,0.524438728764475,0.3748791190873914
767,3,X,Y,J,0,0.39628238786809367,0.3987223836208833,0.5511817997390305,0.41784324016350716
767,4,X,Y,J,1,0.39540005475055434,0.41416751485343856,0.55438971765346,0.42639777330084133
767,5,X,X,D,1,0.37218715930053475,0.44429864027442106,0.544484460252895,0.4539434052297716
767,6,X,X,D,0,0.3779618215512284,0.43577179788589376,0.5712234596408192,0.45055413905660846
767,7,X,X,D,0,0.3584780265690701,0.41212571426839806,0.5553402669708531,0.5071257190322342
767,8,X,Y,J,1,0.3217612687618269,0.4075690834682023,0.5397854792050695,0.4741982055165262
767,9,X,X,D,1,0.31851501010151984,0.3616539088237763,0.5308068801598101,0.4553648432396647
767,10,X,X,D,0,0.3304158538449615,0.3254661337045831,0.5454238513709122,0.45504721949861265
767,11,X,X,D,0,0.31194458116401136,0.339729878952872,0.5850907330161845,0.45385831166826895
767,12,X,X,D,1,0.30734722223443445,0.33172931006215706,0.5847770970745331,0.422647331296644
767,13,X,Y,J,0,0.25079779795934887,0.3094135833939479,0.5747794273355022,0.40815687253179767
767,14,X,X,D,1,0.2729359914011705,0.25,0.5840329769743106,0.407080288884232
767,15,X,X,D,0,0.2688076965256188,0.25,0.5639847948736398,0.4307447649285525
767,16,X,X,D,0,0.25452809731287757,0.25,0.5377360300297164,0.4070853958318975
767,17,X,X,D,0,0.2514990730120163,0.25693536031923114,0.5244419976372201,0.373471738626201
767,18,X,X,D,0,0.25,0.2667961554787774,0.483211313502311,0.418772729437517
767,19,X,X,D,1,0.29224070865066654,0.2877415345386856,0.5058329461533142,0.4064728170332122
768,0,X,X,D,0,0.47596018220964575,0.35180693828857623,0.6987973333339821,0.2604276147007018
768,1,Y,Y,J,1,0.4798816933669691,0.3502173150582979,0.6959820634380801,0.26897247412794556
768,2,Y,X,D,1,0.4929425937519347,0.3599418581292282,0.6829076632347936,0.263863746236281
768,3,Y,Y,J,0,0.5056910055544803,0.34146894340219536,0.6717421084844195,0.3204213831060763
768,4,Y,Y,J,0,0.5254305937751618,0.35449833163028377,0.6681488395587216,0.29458751853730814
768,5,X,X,D,0,0.5102485839828389,0.39288672989603224,0.6544090897132379,0.32830785444671545
768,6,X,X,D,1,0.5052677624912975,0.40983625850648187,0.6393906280292674,0.3287055228426839
768,7,X,X,D,0,0.5095187940171396,0.43584643611831964,0.6415171406404794,0.26999328292608427
768,8,X,X,D,0,0.5233656397050089,0.4508184993949936,0.6331762196055235,0.25
768,9,X,X,D,1,0.4910307087327973,0.4087680577639337,0.6316861507807228,0.2586917329967643
768,10,X,Y,J,1,0.4431252235295252,0.3975662857063768,0.6279719052550077,0.25
768,11,X,Y,J,1,0.4291569945617437,0.4098197843276816,0.6110505501375322,0.25
768,12,X,X,D,0,0.41589554632283215,0.4041201283484531,0.6319705835535516,0.2906679077319508
768,13,X,Y,J,1,0.4188080884520015,0.4028414121960168,0.6311970935357057,0.307691456421175
768,14,X,X,D,0,0.44505895366628306,0.35172700326789197,0.66960931399826,0.2958427408339801
768,15,X,X,D,1,0.45564247968274296,0.3506906847642244,0.6789601118977237,0.26171764609803444
768,16,X,X,D,1,0.44757281072501615,0.32738951039165554,0.656176404537586,0.29377921698365117
768,17,X,X,D,0,0.4314151371422882,0.3413503554671479,0.693276348719632,0.27266101317520175
768,18,X,X,D,0,0.4466146797723921,0.3255450127050751,0.6785300598367203,0.2613305788810735
768,19,X,Y,J,1,0.48330084153842257,0.3185965825763468,0.6618185247248596,0.2978584821076581
769,0,X,X,D,1,0.4362376660488801,0.39793113703530786,0.29658584933688636,0.594582328716541
769,1,Y,Y,J,1,0.4126395010492972,0.4045170463076306,0.25,0.5612570842149678
769,2,X,Y,J,1,0.4138283742352276,0.4204118471960418,0.25331940822422583,0.5695734865331493
769,3,X,X,D,1,0.39245110876521583,0.4118734204544159,0.25,0.5843357677722067
769,4,X,X,D,0,0.44184392511671433,0.3800846019874521,0.25,0.5634881762857924
769,5,X,Y,J,0,0.4484206951326344,0.39527288675042627,0.25157499166753367,0.5844803931723584
769,6,X,X,D,0,0.4342589813257498,0.40173855224820065,0.2671179693387538,0.5982111709850743
769,7,X,X,D,0,0.43379842777877714,0.41762720915861834,0.25,0.6657525193709926
769,8,X,Y,J,0,0.39431658164633204,0.4137155473528103,0.2980429426263642,0.6839450188575948
769,9,X,X,D,1,0.435325599908363,0.40222959130950237,0.31268223010969454,0.6628477807978714
769,10,X,Y,J,1,0.4532263691763566,0.4009514374472523,0.335034568110667,0.65646877272693
769,11,X,X,D,0,0.4727903512048358,0.35087375673872,0.3102884397253565,0.6249801999674168
769,12,X,X,D,0,0.4580005567212145,0.3567731966951416,0.2912822057082608,0.6282338017474213
769,13,X,X,D,0,0.4508513121308204,0.34321204247366904,0.284278193316188,0.6109909184000631
769,14,X,X,D,0,0.37680044707316723,0.33258964666276514,0.28810298420157276,0.631651965859129
769,15,X,X,D,1,0.3889855590529397,0.39455696289730313,0.3209166036641287,0.5817333436021225
769,16,X,X,D,1,0.40552434576822205,0.38995348455328804,0.3161655778779017,0.5737811768729641
769,17,X,X,D,1,0.41834504175919845,0.3845469045669033,0.3163889130468178,0.576207701968957
769,18,X,X,D,0,0.4671660746648239,0.413858484147674,0.3228135716897547,0.5980918781575033
769,19,X,X,D,1,0.47630158418909085,0.3952480133311258,0.3017514740381756,0.6005169033185354
770,0,X,Y,J,0,0.5471662757357127,0.2616466826089801,0.5754270487649172,0.49719857686918706
770,1,Y,Y,J,0,0.5359355845040206,0.2575567797959229,0.5711902159377035,0.5038538836523075
770,2,X,X,D,1,0.5625616280503871,0.27277524068198244,0.5777243929136253,0.46043602777846987
770,3,X,X,D,1,0.556242015987613,0.28222132956194074,0.5573431379575428,0.4652563003624512
770,4,X,X,D,0,0.5676124417038526,0.25,0.5450969214695481,0.4161755486481943
770,5,X,X,D,1,0.5665474717385527,0.25,0.5570035479787431,0.36232841266076476
770,6,X,X,D,0,0.5761604976003263,0.25,0.5506778324341897,0.3441453792983438
770,7,X,X,D,0,0.5805522489450194,0.2516875581088811,0.5496024733455154,0.33121437172008733
770,8,X,X,D,0,0.6058911516664641,0.2780896383954123,0.5058191948751845,0.31412511051373226
770,9,X,X,D,0,0.6063723424087226,0.2755558907191856,0.5590497898759179,0.2865372337313333
770,10,X,X,D,1,0.5989322699639973,0.2956594634210386,0.5314689101222855,0.25
770,11,X,X,D,0,0.6209868283491358,0.3049044794254639,0.5254215889653122,0.2523854770340599
770,12,X,Y,J,1,0.6139014799322461,0.281969320487075,0.5278507879480582,0.2748817846776758
770,13,X,Y,J,0,0.6205309600589185,0.25,0.5730861858499783,0.2999410540962966
770,14,X,X,D,1,0.5858500627952881,0.27996402919128505,0.5852962768279693,0.3106936837386213
770,15,X,Y,J,0,0.5385062324660033,0.2582114994903414,0.5848368766166526,0.30898378209992666
770,16,X,X,D,1,0.5674505029175025,0.25,0.6324011069642533,0.3143953224891401
770,17,X,Y,J,0,0.5718885758458675,0.26483137491220043,0.6206406044749457,0.2817282059487233
770,18,X,Y,J,0,0.5876140790872724,0.26589295764127086,0.6054032204644121,0.25
770,19,X,X,D,0,0.5534292591010789,0.25,0.6090405052076783,0.2521887569595011
771,0,X,Y,J,1,0.37329943337212446,0.4343304756725063,0.4894174392053968,0.5899186503927258
771,1,Y,X,D,0,0.3635282749584178,0.43241031181490636,0.4780668390293597,0.6187191296395518
771,2,X,X,D,0,0.33910137345937846,0.4135701788089422,0.522366226950545,0.6048890112728946
771,3,X,X,D,1,0.3301032329756535,0.43383542293799243,0.5379232867028881,0.5858719261410679
771,4,X,X,D,0,0.351245085374501,0.42412854432053165,0.5307155045126506,0.5425261255147074
771,5,X,Y,J,1,0.327739086864894,0.4369645133830735,0.5578033046625628,0.5280126075402063
771,6,X,X,D,0,0.34020374208185267,0.4211628780130901,0.5650542301226914,0.5629167481467612
771,7,X,X,D,0,0.3530362265231687,0.42224059272197517,0.5907940186238597,0.5694919212849748
771,8,X,X,D,1,0.39341152285713754,0.44440765816524735,0.577858131914549,0.5397623869434334
771,9,X,X,D,1,0.39692627302788486,0.45952779220567913,0.5922968753469608,0.5521443562571048
771,10,X,X,D,1,0.3734640657122702,0.4286516236073148,0.5981853001400692,0.575990092711258
771,11,X,X,D,0,0.3428352281003763,0.45657846726392626,0.5879091737700737,0.5613682845905721
771,12,X,X,D,0,0.34711158245624146,0.42898521494140807,0.5934549251612132,0.5777236619811831
771,13,X,X,D,0,0.3397874257144066,0.42129217536424035,0.6073128180381787,0.582259908210706
771,14,X,Y,J,0,0.36758878284944746,0.4049248479607758,0.5638582750666615,0.5851025103771994
771,15,X,Y,J,1,0.3900243262803683,0.42127470519860816,0.6051217523929671,0.5789223686783381
771,16,X,X,D,0,0.3635803401230917,0.4269122283739792,0.5679638743025207,0.5872653767983667
771,17,X,Y,J,0,0.3569973165905214,0.40717150226151927,0.5784413124204535,0.6075599103876594
771,18,X,X,D,1,0.39234821996623065,0.402505180076217,0.5501810744407227,0.5836563556941277
771,19,X,X,D,0,0.4691794673266578,0.42488296369324097,0.5659391419436229,0.5840870505558249
772,0,X,X,D,0,0.25778718278121104,0.4226273174045221,0.3904174186640629,0.3879196889548404
772,1,Y,Y,J,0,0.25,0.4151638579757056,0.3917099479033354,0.4245472242770597
772,2,X,Y,J,1,0.25529517532030394,0.40367434593907553,0.38633773695508566,0.42543913290352636
772,3,X,X,D,0,0.3110725544003513,0.3662277596813489,0.3862802815939495,0.45918015000700013
772,4,X,X,D,0,0.29665049566936613,0.2885626859973118,0.39728996821138474,0.508655150596716
772,5,X,X,D,0,0.2958316090284263,0.2774802965931269,0.4288344002391029,0.47287201757289427
772,6,X,X,D,0,0.3223328472064915,0.3161262061390311,0.4710486075986554,0.5166596173054263
772,7,X,X,D,0,0.30519168737992874,0.35297290069283704,0.44560836964495554,0.5307018777392826
772,8,X,X,D,0,0.257630651245196,0.28404525717784584,0.4964392970280256,0.575888244443775
772,9,X,X,D,0,0.25,0.3154505497853487,0.47620664974089866,0.5668586743850929
772,10,X,Y,J,0,0.25,0.34696721733962765,0.4403160151015282,0.5629406569307526
772,11,X,X,D,0,0.25,0.29947238221211153,0.41788403899011356,0.5243492431355596
772,12,X,Y,J,1,0.25,0.2657435480064417,0.42808393616562135,0.49435527495899495
772,13,X,Y,J,1,0.25,0.29976964045740795,0.461350643936106,0.4630982640840291
772,14,X,X,D,0,0.2841692622924551,0.34492540650149095,0.45345238545467176,0.47430751789095
772,15,X,X,D,0,0.31257260623526983,0.31642514430145735,0.41092578679765246,0.45644408293937105
772,16,X,X,D,1,0.30581718420813697,0.3403971828028415,0.4291625195963589,0.4445737218705084
772,17,X,X,D,0,0.35268759963393925,0.3075876239316831,0.3877098849120019,0.4434431899795628
772,18,X,Y,J,0,0.37942092298610525,0.3143406681106844,0.40781637119981745,0.41103487549024686
772,19,X,X,D,1,0.40782160907996545,0.31527187420204417,0.4232727273292139,0.37598157058716386
773,0,X,Y,J,0,0.2812319577767535,0.726663107293742,0.46138739284683083,0.25149423244327124
773,1,Y,Y,J,0,0.25690389374387784,0.7232742047140431,0.5177193321833446,0.26266302531463276
773,2,X,X,D,0,0.25,0.6904165609988842,0.4624891209261165,0.25
773,3,X,X,D,1,0.25,0.69148899457574,0.4884016242276621,0.28594135460408104
773,4,X,X,D,0,0.25,0.6726167527414618,0.48732869611832785,0.334530210380981
773,5,X,Y,J,0,0.2592231715299012,0.6941556101467085,0.4541462895582685,0.3109053047583913
773,6,X,X,D,0,0.25,0.6463808879949666,0.47483454362539623,0.31784027483714544
773,7,X,Y,J,0,0.25,0.6504863282626775,0.4701395097649103,0.32284105308869343
773,8,X,X,D,0,0.27424339776336004,0.631047307608085,0.46949353742640326,0.3333656479850401
773,9,X,X,D,1,0.2738059251635277,0.6438340331053399,0.46714231766711656,0.32045102645867085
773,10,X,X,D,0,0.2827445177265069,0.6717986474754718,0.4187460410329041,0.33757776415778773
773,11,X,Y,J,1,0.28795761266807035,0.6979096876676014,0.4025153830838899,0.32420726213588913
773,12,X,X,D,0,0.2981384877187314,0.7231804839916771,0.4354802472628783,0.2959201054028934
773,13,X,Y,J,1,0.3296468574653696,0.6962776918800716,0.45322788135794023,0.285460818093861
773,14,X,X,D,0,0.3527907119694209,0.7054721909820456,0.4199363280101592,0.3158223287273201
773,15,X,X,D,0,0.3189610145641975,0.6928200196683174,0.41014866166581426,0.3270375991692001
773,16,X,X,D,1,0.3076518512130745,0.6862569909251078,0.42529886793814087,0.3442925266017525
773,17,X,Y,J,1,0.3441619627829572,0.712550077144516,0.3999283878438881,0.3409275976664965
773,18,X,Y,J,1,0.40534396344625934,0.6991294733918842,0.3781744680821045,0.3887290708141547
773,19,X,X,D,0,0.38852088674475044,0.6917702588244181,0.37743986360389037,0.4191020954055524
774,0,X,Y,J,0,0.526101017479475,0.4031797469293517,0.4042706561811313,0.3216343898471042
774,1,Y,Y,J,0,0.5374928980519299,0.32844953403962596,0.42215569008919074,0.32307591035511546
774,2,X,Y,J,1,0.541683643088464,0.32615788450894323,0.40888490668259875,0.37186838555102414
774,3,X,X,D,1,0.5658021726602027,0.31077564282281395,0.3976947502817377,0.3890581165422321
774,4,X,X,D,0,0.5417117995495161,0.28017575595737837,0.4141318785741237,0.3473793235442939
774,5,X,X,D,0,0.5174398919459147,0.30179404132615156,0.3808759916173945,0.3538832854644622
774,6,X,Y,J,0,0.49928865638102293,0.34983672669472016,0.3315037420559431,0.3111974597905124
774,7,X,X,D,1,0.4490109063151353,0.33627532409925776,0.3118351739513302,0.28667248861046285
774,8,X,X,D,1,0.43522150608480276,0.3426722631597122,0.3146276869876194,0.3357643065425591
774,9,X,X,D,0,0.4173206318364643,0.33500435247777566,0.30883684765664166,0.30589725178924665
774,10,X,X,D,0,0.4158925186374306,0.3705337131550349,0.2840745145465016,0.3079875486221363
774,11,X,X,D,0,0.4134748390414389,0.3686093562763564,0.27458589881825,0.2793644282678343
774,12,X,Y,J,0,0.4203096715056795,0.34618477119433627,0.2986572572468443,0.27291964188151846
774,13,X,X,D,0,0.43264157265574416,0.33884060283130435,0.2901908165486692,0.3029879915842674
774,14,X,X,D,1,0.41067176640212233,0.31691015448038984,0.2967256396721945,0.3102746896371234
774,15,X,X,D,0,0.4091181892615712,0.29334543534371227,0.2714755285634912,0.33106230090477684
774,16,X,X,D,0,0.40187856868691796,0.2819110607552677,0.27972231245576523,0.3267023652001459
774,17,X,Y,J,0,0.39003498415675797,0.2967587871389889,0.25649066574568163,0.3338243789199184
774,18,X,Y,J,0,0.4089132360453955,0.25985079058124394,0.2533841801255423,0.34681206719294705
774,19,X,X,D,1,0.39952551243620266,0.25,0.26258101100568143,0.36122797839341597
775,0,X,Y,J,1,0.5351821130558535,0.3333393057122514,0.655827138891202,0.6739833859652271
775,1,Y,Y,J,0,0.5234212350314552,0.33248516039562814,0.6416730093712637,0.6792325782655992
775,2,X,Y,J,1,0.5468954432527642,0.3588234782351827,0.6320955875812295,0.6809323661185883
775,3,X,X,D,1,0.5394694701417694,0.32714154667233764,0.6232636761249715,0.6451327657560689
775,4,X,X,D,1,0.5225168225579122,0.2975930677909333,0.6601067267820351,0.6407772691391957
775,5,X,X,D,0,0.48223541502479,0.2984735871758447,0.66205102992519,0.6197129018617918
775,6,X,Y,J,0,0.46379343237327947,0.28334367177124503,0.6462632914926894,0.6487360760726248
775,7,X,X,D,1,0.45130935040545306,0.3041089738119919,0.6496177602390449,0.641880381669787
775,8,X,X,D,0,0.45618688972702787,0.32972182266819533,0.6467231510511506,0.663297726100641
775,9,X,X,D,0,0.4438513182781737,0.3541068185354722,0.6721362483091161,0.6710273427284733
775,10,X,X,D,1,0.4695848720942546,0.3768240088910251,0.6988711526646157,0.6670846204910693
775,11,X,X,D,0,0.5041211318404468,0.3943030054694068,0.6543408167940878,0.688593332969299
775,12,X,X,D,1,0.5199073760126012,0.38531862928176086,0.61510913283742,0.7008684680063806
775,13,X,X,D,1,0.5257857106972222,0.382299914445608,0.6126040160547376,0.6949414572947895
775,14,X,X,D,0,0.48011229932580374,0.42872964956913895,0.6026494925798538,0.6835478517927576
775,15,X,Y,J,1,0.46490010381857744,0.4434848150335076,0.63759805309079,0.6919611051828418
775,16,X,X,D,0,0.468156752621805,0.4194877772678706,0.5853831325404663,0.6841125500694777
775,17,X,Y,J,0,0.5211314212742987,0.43238676367718826,0.6362138640869377,0.7267657716603266
775,18,X,X,D,1,0.5121459653392197,0.49748280001718914,0.6548440076324392,0.7432676221268656
775,19,X,X,D,0,0.49602507205391705,0.49121207520657173,0.6678893060584818,0.75
776,0,X,X,D,1,0.44498752189949714,0.28044516526615276,0.5851505879254892,0.3223686251518048
776,1,Y,X,D,1,0.44771178821489327,0.260777518406525,0.5535999915688906,0.30691765099323404
776,2,X,X,D,1,0.4533317414917286,0.2724834369205586,0.6014719927925585,0.2991163106484261
776,3,X,X,D,0,0.4925374138735631,0.25896586077093137,0.5700536106995018,0.3348543182120548
776,4,Y,Y,J,0,0.5029830624005894,0.25,0.6043579928305681,0.35181448064395815
776,5,X,Y,J,1,0.502468743848514,0.2802260707452267,0.5768417561511944,0.3247372894562178
776,6,X,Y,J,0,0.502563680893426,0.30458935221850636,0.5697118962267601,0.36065583003499607
776,7,X,Y,J,1,0.5436184543590765,0.30268065718088183,0.5802626726911746,0.41483669877373625
776,8,X,Y,J,0,0.5606999898250526,0.3196106016058455,0.6002110263593693,0.4006171769116085
776,9,X,Y,J,0,0.5329174406751709,0.2978456392010156,0.6764221269807688,0.3818624033795134
776,10,X,X,D,1,0.5441267793590431,0.3047201684166608,0.6645640694640812,0.37403017231921004
776,11,X,Y,J,0,0.5449849088101726,0.2854593501321501,0.6508108887965262,0.43841596710746755
776,12,X,Y,J,1,0.5296672297757712,0.32877690585095504,0.7004305120015709,0.39549297548054196
776,13,X,X,D,1,0.5298869568924675,0.3236290278619708,0.6499264621754206,0.38225092662665
776,14,X,Y,J,1,0.5530449930514453,0.33328089510504977,0.6483527604487459,0.38573911058745414
776,15,X,Y,J,1,0.5790801184612907,0.32252610351334055,0.654991198517283,0.37357823538739077
776,16,X,X,D,1,0.5258192707178649,0.2985961217816344,0.6352596902753486,0.3383715308606975
776,17,X,X,D,1,0.46374720034304734,0.2917678818758391,0.6418489658180114,0.3164917395574827
776,18,X,Y,J,1,0.47074347308151887,0.31632768759617186,0.6922994713398187,0.3034058665657606
776,19,X,X,D,1,0.3893871462304769,0.32685357495080036,0.7352995307633421,0.34870034672378364
777,0,X,Y,J,1,0.5327870774943206,0.47815903863315884,0.5106283323105258,0.5888827911367505
777,1,Y,Y,J,1,0.4972039334118386,0.5267128809621248,0.519857363805867,0.6374993082482935
777,2,X,X,D,1,0.4966251822504814,0.5453253828519156,0.4792591772658301,0.6897628260979296
777,3,X,Y,J,1,0.4980737860103509,0.5615370425171884,0.45677632638793714,0.6745810574948673
777,4,X,X,D,0,0.48002385838955935,0.5784572714997878,0.45109880787761225,0.6509648009598159
777,5,X,X,D,0,0.43865662010794376,0.6154811893247085,0.4500485297897908,0.6368802074097922
777,6,X,X,D,0,0.4720139307172637,0.611105930077216,0.4816812368167537,0.7011890192667933
777,7,X,Y,J,0,0.4460485383914751,0.650524323206193,0.5017801230067069,0.6976631859223307
777,8,X,X,D,0,0.46747931753780525,0.6770093251623704,0.45725800920765447,0.6869456392350868
777,9,X,X,D,0,0.47855389676094623,0.6490262993846377,0.4377952750097289,0.6445240169816696
777,10,X,X,D,0,0.5000590641433151,0.64372342122947,0.46012741005649493,0.655740538987104
777,11,X,Y,J,0,0.5027945430845109,0.6350418365248005,0.4527627472435985,0.6202659172826063
777,12,X,Y,J,0,0.4970557834940162,0.6094698415983193,0.452450589974715,0.6100611069151787
777,13,X,X,D,1,0.4959758096369656,0.6034316665662118,0.44326861203683177,0.6165121423735039
777,14,X,X,D,0,0.48492026123379856,0.5628439528753685,0.4118211293902443,0.6283690092232268
777,15,X,X,D,1,0.5189949126665026,0.5503859435363334,0.4027488454523685,0.632939811917206
777,16,X,X,D,0,0.5169422043713732,0.5284266367224739,0.38614915909464415,0.6553644286869091
777,17,X,X,D,1,0.5171346920941036,0.49185762303440717,0.3971701229013201,0.649896535869786
777,18,X,X,D,0,0.5149667296736057,0.5194957974869455,0.4105894359651412,0.6097088367925354
777,19,X,X,D,1,0.5171770326724687,0.47615611288863047,0.4610581187420866,0.6300656203937479
778,0,X,Y,J,1,0.6870978481391667,0.430406222899809,0.5497165823438008,0.26118874652369506
778,1,Y,X,D,0,0.6633268691459719,0.4064204563959717,0.5674174798241508,0.2709500943273907
778,2,X,X,D,1,0.6416908033948054,0.46155015196053994,0.5504459842357327,0.2601497763423942
778,3,X,X,D,1,0.6222240005074908,0.4487563049943912,0.5881144664463308,0.25
778,4,X,X,D,0,0.6047357578196623,0.43094195281649,0.5568815050522815,0.25
778,5,X,Y,J,1,0.5740692955741467,0.4564377413854118,0.5354256716463599,0.25
778,6,X,Y,J,1,0.5612069838528477,0.4307735234487071,0.5118171169431571,0.25
778,7,X,X,D,0,0.5277667758689525,0.42325999750862425,0.4847443378457093,0.2506201433679145
778,8,X,Y,J,0,0.48475875943859054,0.44317902823398586,0.4613224282054378,0.3289611602028495
778,9,X,Y,J,0,0.4787164278382877,0.47379962246757584,0.45001205359171137,0.349659120207938
778,10,X,Y,J,0,0.4621121098753848,0.4499699807603425,0.45822597324853076,0.3338214967321529
778,11,X,X,D,0,0.4655152355265257,0.4322614983892369,0.48921543929043154,0.30210753692525993
778,12,X,X,D,0,0.4844163374958709,0.4212901096838929,0.4704210380253901,0.3256256693195262
778,13,X,X,D,0,0.46409921945436383,0.41096680026297505,0.4926767714392939,0.27152032654671093
778,14,X,X,D,0,0.4621309958395053,0.3969594901681613,0.5004772562215001,0.26555463065531526
778,15,X,X,D,1,0.46976697144598833,0.41481335888236875,0.4776115675731585,0.2698274089170559
778,16,X,Y,J,1,0.4528731852352925,0.3882245100649471,0.4741068846508259,0.28869547645638666
778,17,X,Y,J,1,0.43663017236009366,0.35011266047518413,0.49244433158417444,0.2619820378712608
778,18,X,X,D,0,0.40583884544569926,0.3474530206821963,0.49185223380604465,0.295248702883705
778,19,X,X,D,1,0.4146962346979105,0.3501698449363543,0.5024480185804546,0.25
779,0,X,X,D,0,0.2609015139429214,0.7291358280556297,0.5431963606249754,0.30212147098645775
779,1,Y,Y,J,1,0.2551800924718731,0.7319105888694422,0.5314424143228655,0.30782435048585705
779,2,Y,Y,J,0,0.25,0.7384800380074837,0.5128189904806318,0.3205845731540204
779,3,Y,Y,J,1,0.2826542740777524,0.7173771179288974,0.5053496203884308,0.2668966665586157
779,4,Y,Y,J,0,0.2680591080708308,0.7194644366975842,0.5322959608453738,0.2774147380205401
779,5,Y,Y,J,0,0.25,0.7400106864931028,0.536262697013185,0.25
779,6,Y,X,D,1,0.28385695628736096,0.75,0.5725347181689688,0.25
779,7,Y,Y,J,0,0.31377376600873663,0.7200804587414034,0.5504018594748671,0.25
779,8,Y,X,D,0,0.31871630562981595,0.7168434985635251,0.5393165133753673,0.2894603346097026
779,9,Y,X,D,0,0.306969228312293,0.7041978462473557,0.482370510184293,0.2669407030817353
779,10,X,Y,J,1,0.3177827923459676,0.6738257151555704,0.49513616929433774,0.25
779,11,X,Y,J,0,0.3062624005284924,0.6437830327006497,0.4981896917267133,0.2671360011015224
779,12,X,X,D,1,0.32670715125028177,0.6255423457774487,0.49454941115977874,0.25125073719684643
779,13,X,Y,J,1,0.33984140990467915,0.7001249805478265,0.509217564934373,0.2519314665453578
779,14,X,X,D,1,0.3995182206336472,0.7185451489263854,0.4904891379167457,0.25
779,15,X,X,D,0,0.38422616465241544,0.7053692073202303,0.48794151496929616,0.2565290978277496
779,16,X,Y,J,1,0.37292128390481,0.6447761340206113,0.49401483740505986,0.26319558808861304
779,17,X,Y,J,0,0.3961261382914978,0.6487234701135175,0.5249025855396097,0.25125455370807576
779,18,X,X,D,0,0.3823409900760024,0.6245875231018665,0.47245874811433347,0.25
779,19,X,X,D,1,0.37440002269930744,0.6067259514913055,0.48145524066341955,0.25
780,0,X,X,D,0,0.2857439209879969,0.4933098621897641,0.445055160057451,0.6922681412690077
780,1,Y,Y,J,0,0.25,0.47660197207718236,0.4663010769065381,0.6830062263586123
780,2,X,Y,J,0,0.25,0.4974909557012687,0.4552910361573007,0.6653909855344341
780,3,X,Y,J,0,0.2605988067007987,0.5115151393238037,0.40876114138460395,0.633874296610744
780,4,X,X,D,0,0.25,0.5219723605271976,0.40710194107348335,0.6225541260146613
780,5,X,X,D,1,0.25233038109252137,0.5862402679843319,0.3989783132477227,0.6538949191240329
780,6,X,Y,J,1,0.25,0.5906833702074351,0.3882372815066663,0.6629750083595494
780,7,X,X,D,1,0.2556089407320612,0.59677381175962,0.38087996355582837,0.6612171130145971
780,8,X,X,D,1,0.2869225387781501,0.5662625269491379,0.38334133721458763,0.6641596091648666
780,9,X,Y,J,1,0.2980619689665603,0.6161106544687073,0.42967125882975005,0.660310512303018
780,10,X,Y,J,0,0.29906955489742476,0.6141638800468031,0.4518605202216041,0.6683933292321202
780,11,X,Y,J,0,0.31454036962378745,0.61156952424069,0.44454260811781854,0.653245937373494
780,12,X,Y,J,0,0.29617835701148093,0.6361378157045043,0.4551904790652722,0.6453716370695741
780,13,X,X,D,0,0.275582150947193,0.6679364208803193,0.4353864795923154,0.648745422957016
780,14,X,Y,J,0,0.25256135543349545,0.6546823513550958,0.423850751459093,0.6585563965181701
780,15,X,X,D,0,0.25,0.6574649679913587,0.43983974320318053,0.697161806069973
780,16,X,X,D,1,0.2557814473044855,0.6890444240800188,0.423797813883025,0.6870453383985882
780,17,X,Y,J,0,0.30555417658660305,0.75,0.4323008217151413,0.69923400933208
780,18,X,X,D,1,0.28779963794895536,0.75,0.44888000079060153,0.6992957502188804
780,19,X,Y,J,0,0.25,0.7325658409951182,0.45421687997953925,0.7120352083195333
781,0,X,X,D,0,0.32536861925668076,0.42364030366021177,0.6543665927130005,0.4306572664098242
781,1,Y,X,F,1,0.3154489866519679,0.42682819558299645,0.661118780618668,0.43134245654533954
781,2,Y,X,F,0,0.28604400043474076,0.4165853405806566,0.6649708730980262,0.43459185138696305
781,3,Y,Y,J,0,0.2695679460054102,0.38397309295793225,0.6366450109330664,0.4181990929237142
781,4,X,X,F,1,0.2651511333292947,0.3855833734467167,0.6357718140092761,0.4295180449006913
781,5,X,X,F,0,0.2540629599889534,0.36414449082381495,0.6404591472542243,0.4340497886333472
781,6,X,X,F,1,0.25,0.3855090970177944,0.6494328990091666,0.42904762751493997
781,7,X,X,F,1,0.2965281330815162,0.37495834361764024,0.6583128288963325,0.3954944963740818
781,8,X,X,F,0,0.2746337103902375,0.3795508246146003,0.6822521955338142,0.41586665858902844
781,9,X,X,F,0,0.25,0.41621873836879864,0.7077741943733249,0.38653088108933753
781,10,X,X,F,1,0.25,0.4141698065932361,0.75,0.3761617826816145
781,11,X,X,F,0,0.2579913917725511,0.4488591720595213,0.7273918991838132,0.412492599474539
781,12,X,Y,J,1,0.26014595470283197,0.41549563667273515,0.7087958245320941,0.3712951600915134
781,13,X,X,F,0,0.25604231705563907,0.39543272272550556,0.7138637086600019,0.3670794254046086
781,14,X,X,F,0,0.25,0.42433290634710935,0.7103122433116578,0.3427844038603716
781,15,X,X,F,1,0.25333852483715275,0.41350258272219226,0.6787175224362075,0.32069938326237246
781,16,X,Y,J,1,0.2619646724281737,0.4622528837881743,0.6515062710582479,0.311313084580782
781,17,X,X,F,0,0.25,0.4093013317120498,0.6495976245236029,0.31620958771494767
781,18,X,X,F,0,0.25,0.4089357380286687,0.6491214802015188,0.3132367516950485
781,19,X,X,F,1,0.25467617121955266,0.3958964723138781,0.6682520122953198,0.2807009866588439
782,0,X,Y,J,1,0.44143798411808777,0.3953359731341389,0.5769073931556421,0.3973201691417603
782,1,Y,Y,J,1,0.4639265798738584,0.41349439221382706,0.5677392075945642,0.3857756929245162
782,2,X,X,D,0,0.4664280313700528,0.41547524797216945,0.5291507664368906,0.37046800724540324
782,3,X,X,D,1,0.4591746106166787,0.4611446950365555,0.5607193482229346,0.32917756446932533
782,4,X,X,D,1,0.447747689385581,0.4776683583475326,0.6185278551228799,0.3076422797572564
782,5,X,Y,J,0,0.38055186727565926,0.4613859391301643,0.6043111522948074,0.3280852263280026
782,6,X,X,D,0,0.34968812392903537,0.43798022281570087,0.6270704193821827,0.34466974803483136
782,7,X,Y,J,1,0.3501465148873896,0.45284339128238477,0.6360729565383858,0.3331597176060441
782,8,X,X,D,0,0.34013747727402127,0.4353651119114387,0.6304651964748046,0.32220978974310494
782,9,X,Y,J,1,0.3487408217797007,0.428663203810533,0.6478378523129295,0.3339321874080512
782,10,X,X,D,0,0.36651580338586326,0.3913531417711377,0.6673746052066312,0.3562670844578093
782,11,X,X,D,0,0.3762098663888262,0.40351942202675245,0.6911103551819051,0.35403732246684666
782,12,X,X,D,1,0.3909098565088336,0.3830220696393539,0.7123048178081604,0.362014833289876
782,13,X,X,D,0,0.3312523430625139,0.4048947531935827,0.7167840133125017,0.37852286817127684
782,14,X,X,D,0,0.3051657016965783,0.40647071116431455,0.7306827059255534,0.3512955680264367
782,15,X,X,D,0,0.3048469607799025,0.42421673417070754,0.75,0.3422852902586134
782,16,X,X,D,0,0.28599175668719135,0.44418670294971657,0.75,0.3717777833811081
782,17,X,X,D,0,0.30813621777685657,0.4454988282437709,0.75,0.36748317952519755
782,18,X,X,D,0,0.268281188283549,0.48674634259650895,0.75,0.3728503316434098
782,19,X,X,D,0,0.3122583202074264,0.4607850239818735,0.7452312521408753,0.36511413730381415
783,0,X,Y,J,1,0.5514485985143958,0.651713907965449,0.41194933429888186,0.25016889628909067
783,1,Y,X,D,1,0.5616414843371592,0.6845588749793493,0.42155593525327734,0.2543130742961963
783,2,X,X,D,0,0.5475297774425693,0.7013902696238924,0.42062631317071125,0.2587580919645961
783,3,X,X,D,1,0.5604643828491177,0.7147738273116738,0.3775174870052615,0.280649602806073
783,4,X,X,D,1,0.5687317750293694,0.75,0.38471225984312996,0.2942915887772486
783,5,X,X,D,0,0.5716167070084138,0.723357887976405,0.41947183160161644,0.2679168639205006
783,6,X,X,D,0,0.5866311709691799,0.75,0.4305107836333439,0.2916447801517455
783,7,X,X,D,1,0.6005970921960916,0.75,0.4315410792443835,0.28929664649121345
783,8,X,X,D,0,0.6095067883463279,0.75,0.4813007320044906,0.2727828021926149
783,9,Y,Y,J,1,0.5999865543035755,0.75,0.4534673485299542,0.2812000600631733
783,10,X,X,D,1,0.6185877611604799,0.75,0.498453560657166,0.30297710096290775
783,11,X,X,D,0,0.5880636897437314,0.75,0.5222494448817544,0.3015460273134134
783,12,X,X,D,0,0.6184713927541625,0.7102095707867452,0.5241553464328027,0.3240686153087521
783,13,X,Y,J,0,0.5868708189873243,0.7102896768286922,0.5256097348147407,0.34297426618415233
783,14,X,X,D,1,0.6238540649604536,0.6844042149085385,0.5537222512674105,0.3113618271245077
783,15,X,Y,J,1,0.5955934536529369,0.6541918695217166,0.5677914032652165,0.3072718445719676
783,16,X,X,D,0,0.5897706899032246,0.6771962262255982,0.5824353157258175,0.3370188537481068
783,17,X,X,D,0,0.5806416212467926,0.7208920506336912,0.5727417194326929,0.33661401242424893
783,18,X,Y,J,1,0.5881942880568334,0.734283784467205,0.5911896623044877,0.3267293083415889
783,19,X,X,D,1,0.5694198322570061,0.7316122197341677,0.5739734401329991,0.37052312660841685
784,0,X,X,D,0,0.5279051656474891,0.6826466159628714,0.5841680640364826,0.6668624475878704
784,1,Y,Y,J,1,0.5055532179399121,0.6604739287923952,0.593268674117066,0.6542940308921367
784,2,Y,Y,J,0,0.49693951919991763,0.656831374180433,0.576326786660399,0.6460507948234346
784,3,Y,Y,J,0,0.5078586320900744,0.6488561545191447,0.5782974766345187,0.68567222466397
784,4,X,X,D,1,0.558169463363342,0.6451937207352592,0.5787177712674616,0.697284509874533
784,5,X,X,D,1,0.5821265142572064,0.6421358584280359,0.5787781439156091,0.7015948212752999
784,6,X,Y,J,0,0.5358506868379141,0.6465222745943865,0.5956816943072978,0.7145413860063486
784,7,X,X,D,1,0.6024615947299037,0.6755326408069913,0.5636225674711894,0.6994789535676255
784,8,X,X,D,1,0.6236637252573205,0.6699623488372839,0.4960095050885582,0.6823728609179673
784,9,X,Y,J,1,0.5744550796718458,0.6797832159877918,0.524260166487963,0.6600873875549654
784,10,X,Y,J,0,0.6085174186912168,0.6648780044527678,0.5199378795876002,0.6782148952055331
784,11,X,X,D,1,0.6502761450785204,0.6808765012925307,0.5016867932719065,0.6783683160943058
784,12,X,X,D,1,0.6478395185318919,0.6813990415855583,0.48010352488636376,0.6964719428141017
784,13,X,X,D,0,0.5967716877901837,0.6677171731938915,0.5015668521361266,0.7027247749481541
784,14,X,Y,J,0,0.6334029987126162,0.6273362879845829,0.4904913788418675,0.7413005962320554
784,15,X,Y,J,0,0.6712521884176313,0.6530577654149546,0.48252191900310604,0.7147376998206995
784,16,X,X,D,1,0.6701628968099094,0.6271814524050607,0.46029906963975536,0.6830921209304556
784,17,X,X,D,0,0.6989528120436159,0.6530121080631416,0.44580258984089666,0.6401113272349407
784,18,X,X,D,0,0.658922546591593,0.707761189606608,0.5024816420577809,0.6601575647411155
784,19,X,X,D,0,0.6664059568610108,0.7398227390903037,0.47004650231560124,0.6346548519080214
785,0,X,Y,J,0,0.61074578361347,0.38783546846095773,0.5065522122728231,0.5925099828101146
785,1,Y,Y,J,1,0.5923594253090989,0.361992361003289,0.49755035989443414,0.5816925597757583
785,2,Y,Y,J,0,0.5521136638656395,0.3257590441086902,0.4523853280163846,0.5851917400999128
785,3,Y,Y,J,0,0.5523826477540513,0.3225377104760323,0.4508933352228622,0.614473006574946
785,4,Y,X,D,1,0.5537451996279287,0.3028546160225718,0.480601594872742,0.5725988311964901
785,5,Y,Y,J,0,0.5402594766458975,0.29489967271332695,0.48326799027413503,0.5508480690526668
785,6,Y,X,D,1,0.5591470898526935,0.3120072409780608,0.48987342918129717,0.5798655090231829
785,7,X,X,D,0,0.5467418864743467,0.28586823409656725,0.4772939785133024,0.5768244902808652
785,8,X,Y,J,1,0.5505638418412815,0.27192197270033636,0.47715858458793403,0.5853352177316662
785,9,X,X,D,0,0.5549538809089269,0.25,0.44258055828851645,0.5866953285081503
785,10,X,X,D,0,0.5593555815858662,0.25,0.44948207393069556,0.5974481564493924
785,11,X,X,D,0,0.5281486318671813,0.25,0.48223931127348374,0.5988063862072331
785,12,X,X,D,0,0.5594060647270713,0.2675994835202038,0.46781408405187663,0.5919553904282588
785,13,X,X,D,1,0.5873970563957306,0.28042475667062133,0.4468846981026214,0.5618995735148153
785,14,X,Y,J,1,0.6372323951329826,0.25,0.4422699602213038,0.5702617128634078
785,15,X,Y,J,0,0.6351406094893819,0.25,0.4403543423502306,0.5670880867573203
785,16,X,Y,J,1,0.6695123828226995,0.25,0.43811377752776903,0.5113055928911123
785,17,X,Y,J,0,0.6595392232086259,0.26905840109250123,0.44886160271436076,0.555840008375081
785,18,Y,Y,J,0,0.6285962589293376,0.25,0.4243417188410154,0.5173478742745012
785,19,X,X,D,1,0.6285523820261565,0.25,0.4107363004312188,0.5014724100642736
786,0,X,X,D,1,0.38678312477006793,0.28276240890544435,0.43470438289090435,0.4637121514630604
786,1,Y,Y,J,0,0.39381671795293033,0.2643950475990674,0.4800389879957055,0.4517933424724608
786,2,X,X,D,1,0.41102558947094964,0.31785839912141933,0.45198436549424603,0.4410523946738013
786,3,X,X,D,1,0.3812157769405749,0.36081639564121104,0.4168003666556063,0.4695529184364263
786,4,X,X,D,0,0.34628285288084554,0.36437799008571026,0.42892118456349787,0.4887383504586746
786,5,X,X,D,1,0.42648176205354793,0.37633338432517127,0.38635036216126484,0.5116487866518385
786,6,X,X,D,0,0.4344706984754867,0.38382004688033466,0.4020910889460973,0.5394873319494516
786,7,X,X,D,1,0.4587437598834997,0.39508250557192126,0.4486546702349084,0.4999628768551629
786,8,X,X,D,1,0.47220488458328946,0.4034469504583338,0.44963600943262744,0.5107914814312918
786,9,X,X,D,1,0.46141150582989865,0.4059597705781277,0.4867318935370384,0.49872920754193306
786,10,X,X,D,1,0.4591736002565121,0.41112039105023446,0.46947923295140737,0.5217599831531068
786,11,X,Y,J,0,0.4631905006493246,0.41268414235500145,0.43186706074204345,0.5033939700879452
786,12,X,Y,J,0,0.5129782408617297,0.3814870614483958,0.45935101906179415,0.542884565000489
786,13,X,X,D,1,0.44255558979407883,0.3564349572826365,0.4689992140207776,0.5525245329206493
786,14,X,Y,J,1,0.4402744374633062,0.363361226892668,0.4838391979286749,0.5422914074899019
786,15,X,X,D,0,0.45539435200681316,0.4142704930416549,0.4771945474011269,0.5629672062101472
786,16,X,X,D,1,0.4833635104540976,0.42159091262219106,0.42887395303328035,0.5245643321225204
786,17,X,X,D,0,0.4453906703262377,0.434253891240783,0.4584484648598213,0.5244704654582204
786,18,X,X,D,1,0.4432773010474437,0.3996536246708089,0.4756759974854093,0.5347582849118293
786,19,X,Y,J,1,0.4241721041593138,0.41249275174834993,0.4840771198651345,0.5233119539681311
787,0,X,X,D,1,0.6220749792969109,0.7085094840585966,0.601244878420651,0.3647682867674602
787,1,Y,Y,J,0,0.6377933276709352,0.6692962990441753,0.5926983401838686,0.3227924062030309
787,2,X,Y,J,0,0.6183244926446733,0.6692060537301624,0.5924407046494433,0.3336319185460902
787,3,X,Y,J,1,0.6316741697168335,0.6742112564550269,0.5844609204711212,0.29082309695543185
787,4,X,X,D,0,0.6450768840689409,0.6702045432809691,0.5871009877990622,0.3198515507741665
787,5,X,X,D,1,0.6225852291461809,0.6757555816649581,0.5320835701179635,0.32831427021659315
787,6,X,Y,J,1,0.6480797979563327,0.631954151269083,0.5369317835788894,0.279424816993298
787,7,X,X,D,1,0.6475013350111201,0.619788639240171,0.5244170983429068,0.3043984444727408
787,8,X,X,D,1,0.6310587522613971,0.6292336359225111,0.5654998396193496,0.271423026248405
787,9,X,X,D,1,0.6700332534777038,0.6074711001471019,0.5800991360343869,0.25
787,10,X,X,D,1,0.6795251437818106,0.6137701832310039,0.6064546117823891,0.25
787,11,X,X,D,1,0.6577448754188472,0.649036728876461,0.6309741439912603,0.25
787,12,X,X,D,0,0.6612308473364519,0.639978739869397,0.6139247059665099,0.25
787,13,X,X,D,0,0.6674616415248813,0.6485097496360404,0.5931826365256831,0.25232634385547015
787,14,X,Y,J,1,0.6858600935640167,0.6733443917813744,0.5847719859526394,0.25
787,15,X,X,D,1,0.6592579690976133,0.7186622349937684,0.572212970369593,0.2842328915965706
787,16,X,X,D,1,0.6495456062680028,0.75,0.6222637929516299,0.3110215590564764
787,17,X,X,D,0,0.6439841100577848,0.75,0.6267457375874987,0.32696572260811885
787,18,X,Y,J,1,0.6342855481921279,0.7276230893722722,0.6489799116115066,0.2558631088187739
787,19,X,X,D,1,0.6135309455797983,0.7156201771401689,0.6583810412669181,0.2556775504739048
788,0,X,Y,J,0,0.48009960517568634,0.427929278918306,0.4387362029974213,0.604943056268178
788,1,Y,Y,J,0,0.517164089552566,0.43148107018531945,0.44360464321158083,0.5641212083691385
788,2,X,X,D,1,0.5159925168296622,0.41668843079691065,0.45696968186427744,0.5585157540940647
788,3,X,X,D,1,0.5549096046585138,0.4514705310048991,0.44507160826159,0.5741934831483406
788,4,X,X,D,1,0.5855642060455984,0.45776382715771824,0.4518352197535209,0.5734251423569517
788,5,X,Y,J,1,0.6192303774730173,0.4491483610145353,0.45790327741658376,0.590286368599916
788,6,X,Y,J,0,0.6293518658986561,0.4542827637482889,0.44977542838284373,0.6117718889736606
788,7,X,X,D,0,0.6520314937885917,0.44407080765402146,0.46312857715952765,0.600274707147404
788,8,X,Y,J,0,0.6077238543439983,0.4248638405054344,0.471145906586726,0.6186164213412013
788,9,X,X,D,0,0.6246638802384555,0.4580381240182857,0.4558917323768299,0.6376062513489492
788,10,X,X,D,1,0.6307476392724072,0.4721446852958807,0.45684336686193117,0.6216311282104753
788,11,X,X,D,1,0.5814357769969348,0.5287224476803031,0.4760054438716942,0.6012025798505038
788,12,X,X,D,0,0.5834119740756254,0.5473049235342636,0.5042570552444238,0.5865188342651629
788,13,X,X,D,1,0.5261003981070812,0.5622368165156029,0.5322400321432669,0.5866599104968303
788,14,X,X,D,0,0.4916119981893233,0.5408946615751205,0.5386362246630318,0.5871601857775893
788,15,X,X,D,1,0.49840228623283367,0.5456163810146542,0.519755288394322,0.5889448765426685
788,16,X,X,D,0,0.48498992883244024,0.5247455105042124,0.5409877569263926,0.6342400285805765
788,17,X,Y,J,0,0.5100632879543208,0.5160749875377851,0.564741042135218,0.6059163376239306
788,18,X,Y,J,0,0.4967486832450999,0.5028080693359654,0.5539744323189812,0.5820816500866917
788,19,X,Y,J,1,0.538750467113551,0.5000820426457387,0.5499893914521201,0.6023703155879414
789,0,X,X,D,0,0.5663791688412209,0.7453639978349069,0.40564410896960673,0.6295630430339871
789,1,Y,Y,J,0,0.5227449193993334,0.704361286340353,0.388559066209334,0.6522333774821217
789,2,X,X,D,1,0.5215727949955218,0.6775324422732595,0.38255178799846906,0.6552810110196545
789,3,X,Y,J,0,0.5485650416477431,0.6466473612549489,0.3706152910091632,0.7013812685088384
789,4,X,X,D,0,0.5138476598724745,0.6831168595276502,0.372962833211154,0.7050912050720207
789,5,X,X,D,1,0.496083634528503,0.6554936344196662,0.32613461824010964,0.7063798977454943
789,6,X,X,D,1,0.5173443339967276,0.6843472547640174,0.32348295637703495,0.7176885299889816
789,7,X,X,D,1,0.4885001717578072,0.6698956760750255,0.3448942699186034,0.6972262220985593
789,8,X,X,D,1,0.5066416082372285,0.6926886160514703,0.35003627526459835,0.6749541599491673
789,9,X,Y,J,0,0.5135352525915362,0.6951323430030397,0.32406334030339257,0.709353419411799
789,10,X,X,D,0,0.5309916593558962,0.6986732611989427,0.35997476373457904,0.6935921973034144
789,11,X,Y,J,0,0.4888077707073549,0.6941505827309963,0.38555657376692076,0.656184501817031
789,12,X,X,D,0,0.4860624402447911,0.6822042474187989,0.41231365890559585,0.7066401292160083
789,13,X,X,D,1,0.5110567593811213,0.6885402697774905,0.3714360470462063,0.7327416815333603
789,14,X,X,D,0,0.5115670158513729,0.6791784509088749,0.37228321158485334,0.75
789,15,X,Y,J,0,0.5429343661031356,0.6473602994533546,0.40088794677844414,0.7307242143190873
789,16,X,X,D,1,0.5070561538384772,0.6704980496184424,0.4663573753524007,0.6785308179146355
789,17,X,X,D,0,0.510552175592682,0.6228264197380223,0.409536347506336,0.6851064917731908
789,18,X,Y,J,0,0.47302432319774756,0.6304123346078812,0.4296125242154859,0.6102192733982564
789,19,X,X,D,0,0.445349329562583,0.6219475047304612,0.44713032973524186,0.6374870333408608
790,0,X,Y,J,1,0.32424006288627977,0.4013651806573989,0.611998712864518,0.7440760669018767
790,1,Y,Y,J,0,0.3422365941052391,0.4028618073486209,0.6114287271902339,0.75
790,2,X,Y,J,1,0.3014131322890189,0.4117266758324779,0.6257254236021719,0.718009844502081
790,3,X,X,D,0,0.30911563102764134,0.36234787176909533,0.5994815383018883,0.7198862789894601
790,4,X,Y,J,1,0.29016056816554503,0.4031512615098562,0.5604154672161925,0.6818019095998872
790,5,X,X,D,1,0.3332257520011006,0.413507872864578,0.5938138121854184,0.6765438939083726
790,6,X,Y,J,1,0.3032438867948814,0.3851824505828787,0.6333097143070746,0.6745808980123177
790,7,X,X,D,0,0.3267278977135909,0.3778100456793106,0.6611844669242273,0.6712190244786961
790,8,X,X,D,0,0.29623482654030575,0.37748258919966654,0.7037383009639543,0.630001184721263
790,9,X,Y,J,1,0.30105349672174014,0.3606693119825104,0.7123255548035384,0.6600855069888822
790,10,X,X,D,0,0.2932813758216609,0.36796303105350414,0.7455616679550954,0.6147574551594843
790,11,X,X,D,1,0.3319668091045613,0.3554276309962994,0.7400980308028093,0.6046938095271618
790,12,X,X,D,0,0.31296431291395765,0.33005072482748155,0.7202352917194839,0.6309590526296787
790,13,X,Y,J,0,0.34110065105788895,0.3327925724074322,0.75,0.6628023418396428
790,14,X,Y,J,1,0.3486223202654832,0.36820708416189474,0.75,0.6635207203738502
790,15,Y,Y,J,1,0.3559341029881025,0.3419532075468131,0.75,0.6580042632369667
790,16,X,Y,J,0,0.3754049292333212,0.36051757556348984,0.7229504764453167,0.661184546426361
790,17,X,X,D,0,0.37755996862363383,0.35144193527529033,0.7426288269496586,0.7126565139621152
790,18,X,X,D,1,0.3798734705020343,0.35090097136405723,0.75,0.7429618322926569
790,19,X,Y,J,1,0.3878622544934618,0.3300780236433466,0.7271013756337188,0.7284680352045311
791,0,X,X,D,1,0.6548668466047409,0.31864901289545144,0.3864600576748196,0.4593710487772199
791,1,Y,Y,J,1,0.6468592932782165,0.25935058425520535,0.39663473015104156,0.4389900432458514
791,2,X,Y,J,1,0.6810282049263889,0.25,0.3753397080264836,0.4562379057478255
791,3,X,Y,J,0,0.678807144431956,0.25,0.42386436723084314,0.43432084413843997
791,4,X,X,D,1,0.6670031766064745,0.25,0.44645249799737574,0.4682999822130465
791,5,X,X,D,0,0.6460801805607621,0.25,0.4155216200833456,0.4772061324303283
791,6,X,X,D,1,0.6432816680484986,0.25,0.4092291882757091,0.45118171536925783
791,7,X,Y,J,0,0.657687702997009,0.25,0.3944179733106727,0.42319919755304053
791,8,X,X,D,1,0.6642778383767635,0.2647262308759355,0.3965486263585199,0.4031176451433254
791,9,X,X,D,1,0.6563086616711018,0.2512969949098792,0.39895824739792674,0.42408125981202893
791,10,X,X,D,1,0.6770111997346919,0.2606190605080721,0.40956521013479946,0.39925953002614956
791,11,X,X,D,0,0.6602264721034359,0.29101370771988005,0.3374636955530373,0.4372532825733627
791,12,X,X,D,1,0.657416143899721,0.2958943468752222,0.31558890278530033,0.4832375612043867
791,13,X,Y,J,1,0.6412637455163328,0.29413447249584723,0.31446711981576775,0.4510629144260933
791,14,X,X,D,1,0.6552609075897172,0.27798740011009776,0.30882780724017367,0.43244314167790726
791,15,X,X,D,1,0.6763600709290235,0.259657365273538,0.3192317084064686,0.4487974332284847
791,16,X,X,D,1,0.6786566498370973,0.25,0.33365796728087993,0.45405314955244713
791,17,X,X,D,1,0.6668864125346574,0.26455813539015316,0.3368888182764539,0.4316502973916299
791,18,X,X,D,1,0.6954096264708312,0.25,0.3125417930258803,0.42309210306049533
791,19,X,Y,J,1,0.7137436913845285,0.26437477991020236,0.30020034167559073,0.48374329919910164
792,0,X,X,D,0,0.38337507579182317,0.5731544100048456,0.7153174638050719,0.3416881374931152
792,1,Y,Y,J,1,0.3617147929836821,0.5568933022962397,0.712911882054133,0.4101780156788919
792,2,Y,Y,J,0,0.3855304808738458,0.5692354382901734,0.7147509289983922,0.3864420170021157
792,3,Y,Y,J,0,0.4227699357271662,0.61161081794021,0.75,0.4074559061852904
792,4,X,Y,J,1,0.3709874810731078,0.647662610808174,0.75,0.4096902553553699
792,5,X,Y,J,1,0.36011249755658636,0.6606458723111958,0.75,0.4289179137069261
792,6,X,Y,J,1,0.36566596613750163,0.6723582646237738,0.75,0.4247317613411721
792,7,X,X,D,0,0.3983496348432714,0.7002923447921582,0.75,0.48064214355762724
792,8,X,X,D,0,0.3842784109773019,0.6998967204047079,0.7481446937832478,0.527299959267209
792,9,X,Y,J,0,0.3947839854334811,0.7167079212349292,0.7468096325773725,0.49435571845300075
792,10,Y,Y,J,1,0.3999308618857578,0.75,0.75,0.4794984110335337
792,11,Y,X,D,1,0.4089882084855165,0.7377348469352897,0.75,0.48898191761579535
792,12,X,X,D,1,0.3879159961594833,0.732559985510602,0.75,0.48300810245276954
792,13,X,X,D,0,0.38090483539747455,0.75,0.738893745706342,0.4572766029728901
792,14,X,X,D,1,0.4091988172219657,0.75,0.75,0.46371944592166736
792,15,X,X,D,0,0.3826092625383838,0.75,0.75,0.5118534844349919
792,16,X,Y,J,1,0.39518138557217913,0.7398050069730125,0.75,0.5126826318317095
792,17,X,X,D,0,0.4491570759476419,0.7052478435175552,0.7100637290531611,0.48005663097622775
792,18,X,X,D,0,0.4463651943372708,0.7035355887865767,0.6821099088486706,0.48474251873330404
792,19,X,X,D,0,0.42975824387228967,0.7186606611278057,0.6704743965678576,0.48675140526903204
793,0,X,X,D,0,0.7408710346152462,0.33383919038364895,0.4729257609153296,0.5657181571670786
793,1,Y,X,F,0,0.7367487553513775,0.3181884978562146,0.47173920493177796,0.5823192167651419
793,2,X,X,D,1,0.744341442162539,0.32149921170780055,0.4690380170174421,0.5239559501801754
793,3,X,X,D,1,0.75,0.3518417329920207,0.40614299238699714,0.5266954195227826
793,4,X,X,D,1,0.75,0.39201323131971955,0.42005636927235623,0.4741609402394756
793,5,X,Y,J,0,0.7454468003152921,0.4146993824940543,0.4294263546902145,0.40974326255384985
793,6,X,Y,J,0,0.7436535474574841,0.38570496886745753,0.4382860519725949,0.43992646561807225
793,7,X,X,D,0,0.7356066171216348,0.3614165331605776,0.42015959660119717,0.4795233964357345
793,8,X,X,D,1,0.7351614053069724,0.36781775504927455,0.40484384089889885,0.4891284708830413
793,9,X,Y,J,1,0.7246261376239531,0.37342137815493837,0.4136362834445706,0.4653082208230942
793,10,X,X,D,0,0.6789936068315954,0.39441069975462617,0.41888530443887784,0.49038861752056423
793,11,X,X,D,1,0.6661682273772339,0.45124822959453104,0.41609377509988593,0.504914933007539
793,12,X,X,D,0,0.6542201390570364,0.451287937442989,0.3870981530121124,0.5052615331938977
793,13,X,X,D,1,0.6782675458938539,0.4396421621940497,0.43161350559119877,0.5351360973317986
793,14,X,X,D,1,0.6901929912958845,0.41965818327696214,0.4652843555353604,0.5540857250705514
793,15,X,X,D,1,0.6942604633681995,0.42669553341615735,0.47903103962873667,0.5563771008223889
793,16,X,X,D,1,0.7108254222914088,0.4440829931314567,0.49427156274805284,0.5568873782141728
793,17,X,Y,J,1,0.7223276892109698,0.4563051461844743,0.4920028184395734,0.5479042597179873
793,18,X,X,D,0,0.75,0.47702316070727596,0.4918373999405269,0.5310330710280113
793,19,X,X,D,1,0.75,0.4843429439706435,0.4627264048985321,0.5210637269865553
794,0,X,X,D,0,0.7310475723901417,0.4348914839263819,0.2509720889381063,0.466239092540502
794,1,Y,Y,J,0,0.75,0.4719933612353467,0.28475495442646437,0.4806419707826746
794,2,X,X,D,0,0.7032303305332555,0.4631026018817741,0.29646082006169344,0.46001623094900723
794,3,X,X,D,1,0.7363617984820778,0.47695565734009326,0.301252496620192,0.4767451553403596
794,4,X,Y,J,0,0.7270951712283577,0.5017577284364219,0.26574719751812625,0.47816176747781725
794,5,X,X,D,0,0.7474346940897967,0.5515548593436805,0.30590447032259094,0.4649676987558091
794,6,X,X,D,1,0.7391495879664663,0.5260586908347586,0.285434876121236,0.48202690172544566
794,7,X,X,D,1,0.7337999049395076,0.5431151946143573,0.28587372313783593,0.5412409671595729
794,8,X,X,D,1,0.7119625124969275,0.5273474031827843,0.2628628457601215,0.551555434036174
794,9,X,X,D,1,0.7257312738924063,0.5508012147592365,0.25,0.5610145654261774
794,10,X,X,D,1,0.75,0.5829132162490868,0.25807882702814194,0.5472199179548558
794,11,X,X,D,0,0.7270758834780823,0.6182339410351837,0.2503671797487632,0.540741340165456
794,12,X,X,D,1,0.7409643704655503,0.6249798534926415,0.2713140435448761,0.5617704892596627
794,13,X,Y,J,0,0.745303975473423,0.6341037036663528,0.2832506233267059,0.5692904878783971
794,14,X,X,D,1,0.7411877335733551,0.6546405155709972,0.25,0.6041296368034224
794,15,X,X,D,1,0.75,0.6379426285997012,0.25,0.5610488814223203
794,16,X,X,D,1,0.7414527266141576,0.6176665145815744,0.25,0.570665963212753
794,17,X,X,D,1,0.744401917174978,0.6704385401981292,0.27590488762631127,0.5860380832790923
794,18,X,X,D,1,0.7396654960263597,0.7199512664028096,0.25,0.6036428043742568
794,19,X,Y,J,0,0.7313252253311913,0.7188592983449378,0.26425403043606416,0.6055523601496063
795,0,X,X,D,0,0.3072042428725367,0.6065803801535372,0.5141156019800588,0.48859674468518255
795,1,Y,X,F,0,0.31183837268393544,0.6197218450637106,0.5137698512890174,0.5119938844589069
795,2,X,Y,J,1,0.3588628845333444,0.5985647978946972,0.5019554040610921,0.5133976318112156
795,3,X,Y,J,0,0.3802665075211484,0.5758725009832375,0.45670501758265336,0.48865883115892983
795,4,X,X,D,0,0.36071378205192584,0.5475925371157164,0.46670131501870105,0.4716002846687492
795,5,X,X,D,0,0.41731245163748476,0.5750867830859712,0.47430416462308533,0.451838754401843
795,6,X,X,D,1,0.44778573872533356,0.5822213500284193,0.5052717335483088,0.43680685522890517
795,7,X,X,D,0,0.44192862449444303,0.5303901666465822,0.5260626853029143,0.458112707590762
795,8,X,X,D,1,0.423382239741468,0.5414250409726054,0.5140740723599152,0.42910014643305794
795,9,X,X,D,1,0.4287941126780579,0.5718262565777789,0.5346159901715978,0.37132032684723293
795,10,X,Y,J,0,0.43941738119300755,0.6229638566598835,0.5525883071493692,0.37038335396279964
795,11,X,Y,J,1,0.412784424524331,0.6659180856803819,0.5720886429889899,0.3518456008064173
795,12,X,X,D,0,0.43792301353710783,0.6904951534971291,0.5816987689778302,0.3287612938422585
795,13,X,X,D,0,0.4323258590206219,0.6995256001725669,0.5427251352426827,0.34312730382037415
795,14,X,X,D,0,0.42692537172266115,0.7217832062143031,0.5205471301646745,0.33128527498156995
795,15,X,X,D,1,0.4025936553525542,0.7248984635031127,0.5100507967543119,0.3365366681698124
795,16,X,X,D,0,0.41010734567218343,0.6996172592569427,0.5073507044027564,0.3265103003104082
795,17,X,X,D,0,0.41665616998589017,0.7260063556550643,0.4863174135877266,0.33165495695180836
795,18,X,X,D,0,0.41479234948022725,0.7159792234886114,0.4973627452541366,0.3016588106772225
795,19,X,Y,J,1,0.39437227791666835,0.7171326804574051,0.4824971493647162,0.3249319630423906
796,0,X,Y,J,0,0.5832193288423156,0.6084568024396129,0.6048888339399314,0.45973350450160366
796,1,Y,X,D,1,0.5812759651059749,0.6189847292534627,0.6443879774821017,0.4638344560867857
796,2,X,X,D,1,0.5759111028644314,0.6404723870566639,0.6446889941476723,0.44990813578497724
796,3,X,Y,J,1,0.5723040859910102,0.6242515718453933,0.664254411384685,0.47909669574501973
796,4,X,Y,J,1,0.6124295954929602,0.6571575253378048,0.6625942025409628,0.4917424459179674
796,5,X,X,D,0,0.5908109808286691,0.6559614153986287,0.6808703208504537,0.4845683561088614
796,6,X,X,D,1,0.5969779193648097,0.6459834236154116,0.7134359285194468,0.47798331672089595
796,7,X,X,D,1,0.5773094850280232,0.6638970449361209,0.7160138890210013,0.47590758688375845
796,8,X,Y,J,1,0.5550335781882426,0.6574365606169734,0.7215770194660065,0.49826072016893375
796,9,X,X,D,0,0.5769420824400878,0.6687186223826617,0.75,0.4837344477148577
796,10,X,X,D,1,0.5656181313127733,0.6790009659142807,0.75,0.4849675133333086
796,11,X,Y,J,1,0.5687221884438062,0.6600001905990288,0.7499505017155388,0.5061294009438411
796,12,X,Y,J,0,0.5726902819923867,0.676440298999954,0.6809834528426797,0.4875414898688476
796,13,X,X,D,1,0.5478428329823878,0.7218387631932038,0.70593635637195,0.46520066064015236
796,14,X,X,D,0,0.5353684321912224,0.6877350235388647,0.7336785052532814,0.46864007965075843
796,15,X,X,D,1,0.4809732104389519,0.6786254564466568,0.7284864984135152,0.4849757064460209
796,16,X,X,D,1,0.4740763859418814,0.6781957652585356,0.7381623236610055,0.52333140677494
796,17,X,X,D,1,0.48065165430745005,0.6674635713708857,0.7303422487040393,0.5316235672870638
796,18,X,X,D,1,0.4629534570900049,0.6743358265821354,0.7308457397760876,0.5180279487711851
796,19,X,Y,J,1,0.48040995232131906,0.7066307725838566,0.7206891445145605,0.49826192310369083
797,0,X,X,D,1,0.6864162781363934,0.6795598514864014,0.3275971965247315,0.35382001525132456
797,1,Y,X,D,1,0.75,0.6314939519909384,0.35079251458917315,0.40046616320758177
797,2,X,X,D,0,0.75,0.5812986282221235,0.39104778575453714,0.37693416513176425
797,3,X,X,D,0,0.7087329240549206,0.58768578900453,0.40751619628097974,0.34380654018172
797,4,Y,Y,J,1,0.6873980294645426,0.5659477935910537,0.42765800850353103,0.3322960999149034
797,5,X,X,D,0,0.7180291197304143,0.5401556590226508,0.40056535361875883,0.3373627153289413
797,6,X,X,D,0,0.7060925507193856,0.5153203661295431,0.35248480234719193,0.3077579442388839
797,7,X,Y,J,0,0.7275722168204655,0.561470096729377,0.3269032497790907,0.32229821707941664
797,8,X,X,D,1,0.7370705860135478,0.5658344313626388,0.33058870495458437,0.32315497564248896
797,9,X,X,D,0,0.6995912904867706,0.5741176419006966,0.3278291131193827,0.29010210005971887
797,10,X,X,D,1,0.6889140744553541,0.5680884961744874,0.3496947876205749,0.25091100677243644
797,11,X,X,D,1,0.6531609460763882,0.5881533458600736,0.3288007051974288,0.25
797,12,X,Y,J,1,0.6563280312939443,0.5960488711448629,0.33785529547721144,0.25
797,13,X,Y,J,0,0.6193634288085187,0.5927630582546719,0.33982455801493167,0.2615660929147239
797,14,X,X,D,1,0.6449683242200092,0.5665179175121149,0.3164912028058716,0.25
797,15,X,X,D,1,0.6331642026309799,0.5382426744506585,0.29448785012708734,0.2600431479275547
797,16,X,X,D,1,0.6475037859009318,0.5871728704339755,0.27089624803234585,0.2548716458000285
797,17,X,X,D,0,0.6585603507067594,0.6201881861704764,0.29694764536940277,0.25
797,18,X,X,D,1,0.6500746091028115,0.627032217733302,0.282234171172845,0.2813870391142557
797,19,X,X,D,1,0.597824480608573,0.6452877915703834,0.2631966772138372,0.25
798,0,X,Y,J,0,0.5883494601894571,0.7261048197451504,0.4849296165264518,0.7094667852581857
798,1,Y,X,D,1,0.5719621361537712,0.7090347567664765,0.49016870345723895,0.7107258242140281
798,2,X,Y,J,1,0.5903518159196932,0.7303384147082969,0.4910647981082794,0.7267078655345977
798,3,X,X,D,1,0.5897247493070384,0.7439115210675296,0.47702520886080324,0.6955244937718014
798,4,X,X,D,1,0.5801708075558119,0.7400488959745433,0.4758783327640743,0.6721033592489668
798,5,X,X,D,1,0.5839062888934834,0.75,0.47573164171577603,0.6280741190136336
798,6,X,Y,J,0,0.5802477972655238,0.75,0.44083231911968807,0.6561314083897842
798,7,X,X,D,0,0.6135557455040026,0.75,0.5075357924514533,0.6557916987749277
798,8,X,X,D,1,0.6244684370665665,0.75,0.5322261673878699,0.6571017698953459
798,9,X,X,D,1,0.6249690315403478,0.75,0.5280607039175962,0.6311027304360436
798,10,X,X,D,1,0.6397811500709688,0.75,0.55668903014989,0.642188368739331
798,11,X,X,D,0,0.6346831117127838,0.75,0.6085532474721319,0.674614666618561
798,12,X,X,D,1,0.6354001205749662,0.7009693246072152,0.6464169867694787,0.6781473775175609
798,13,X,X,D,1,0.6005222315715052,0.6877616888048909,0.6620044055451617,0.6868053452804821
798,14,X,Y,J,1,0.6338986280656842,0.690196019610806,0.6678332890931317,0.6828440497467331
798,15,X,X,D,1,0.5979220876750029,0.6864035594103408,0.6774205740650955,0.6663437134291067
798,16,X,X,D,0,0.5809068682377465,0.6890153086154341,0.6461475060382651,0.6627794804070916
798,17,X,Y,J,1,0.561848064263683,0.6969366345571787,0.6904811067899975,0.6184916296681966
798,18,X,X,D,1,0.5826348577943982,0.6991225222378028,0.6845072382174504,0.6149570130929239
798,19,X,X,D,1,0.5811038327835625,0.7066489061024122,0.675298684906573,0.6326834002963443
799,0,X,X,D,1,0.6347300956073356,0.6471570245063243,0.46511928657762974,0.6719923737832578
799,1,Y,Y,J,0,0.6060578176384208,0.6277141236908158,0.44598494917752307,0.6994340681171572
799,2,X,Y,J,1,0.6160888047341945,0.6525805920847282,0.47038365691517614,0.7232081422811142
799,3,X,X,D,1,0.632590876286339,0.6741081589704534,0.45906889479645013,0.7114209274423319
799,4,X,X,D,1,0.6006179728527986,0.665074364255742,0.3911125599934152,0.7323971111771287
799,5,X,X,D,1,0.6591621860905394,0.6440473512533386,0.39357711391878786,0.7353297405361358
799,6,X,X,D,1,0.658657676668957,0.6299778808021672,0.386132610140562,0.6826783870556127
799,7,X,Y,J,1,0.6722677958657799,0.6273306612266175,0.37931482432930475,0.6535236545501644
799,8,X,X,D,1,0.6366908840940815,0.5973947246221643,0.3677749269697022,0.6191800061811354
799,9,X,Y,J,0,0.6890974336169182,0.5550877054194958,0.3541340270165653,0.6042110633135725
799,10,X,Y,J,1,0.6911792023381496,0.5417729168375801,0.343792284378401,0.6192192514778477
799,11,X,X,D,1,0.7045066049692931,0.5017188278124894,0.33912307963599797,0.6083446043446417
799,12,X,X,D,1,0.6917610457373071,0.5077246719856794,0.33227307454457694,0.6061038166875372
799,13,X,Y,J,0,0.6575317372575809,0.5415286638770384,0.3151508656692338,0.5794698002984323
799,14,X,Y,J,1,0.5876948672873057,0.5522683875617682,0.3556175457785071,0.6248815341605134
799,15,X,Y,J,0,0.6244897305201388,0.6088212682947521,0.360774846361906,0.6126980123835629
799,16,X,X,D,1,0.6158959685167964,0.6362249792719373,0.35872639321147365,0.6330613313270707
799,17,X,X,D,0,0.6322623728203621,0.6022601758763665,0.37737437295007625,0.6123551748886542
799,18,X,X,D,1,0.6384385688064494,0.5705824343764423,0.372253995636759,0.6000626774813447
799,19,X,Y,J,1,0.6844779862435239,0.5807619566566646,0.3944161025965064,0.5975727039805653
800,0,X,X,D,0,0.29165929625023485,0.5067215344590086,0.5790003820183018,0.7360751998504271
800,1,Y,Y,J,1,0.2918076147279312,0.5215546328780015,0.5212192993114888,0.6902524050135144
800,2,Y,Y,J,1,0.28236151351093464,0.549821590545889,0.5197149489103362,0.693524194369847
800,3,Y,Y,J,0,0.29448894574880685,0.5429197031531745,0.5434626387989079,0.6479641606227279
800,4,Y,Y,J,0,0.26377136793867534,0.5564178405280258,0.520606365527602,0.6745224782225575
800,5,Y,Y,J,0,0.2551585825510147,0.5814278593755624,0.4955782961152748,0.6879572379766709
800,6,Y,X,D,1,0.2575042375291549,0.5825358797293683,0.48600758717811193,0.6924808403848164
800,7,Y,Y,J,1,0.25,0.5921950856565616,0.47283617906740333,0.7015310892342768
800,8,Y,Y,J,0,0.2621653393214198,0.5471934179617817,0.4847457116316893,0.7069938495968925
800,9,Y,Y,J,1,0.26535917008059073,0.5386857928478458,0.44227693861637835,0.7424414139921658
800,10,Y,Y,J,0,0.26556833147276143,0.5120745358686754,0.45282855541318934,0.7403614562877768
800,11,Y,X,D,1,0.25,0.5283214174151722,0.4339308797999214,0.75
800,12,Y,X,D,0,0.25,0.5833745247176375,0.4545596927275127,0.7450811873752182
800,13,Y,Y,J,0,0.25,0.5928143277355123,0.4515124748073901,0.75
800,14,Y,Y,J,0,0.27357125894278633,0.5943296895980803,0.4679269587096586,0.75
800,15,Y,Y,J,0,0.25,0.5748652362477242,0.4630336791691828,0.6923796033143007
800,16,Y,X,D,0,0.26592624896725886,0.5646498814592573,0.43808244733242985,0.6552991399043048
800,17,Y,Y,J,0,0.2525580565956556,0.5446934294120396,0.4047744122717674,0.6393044526898067
800,18,Y,Y,J,0,0.26241003789691286,0.5546582996789864,0.38358689395753887,0.6545864872154362
800,19,Y,Y,J,0,0.25,0.5196294964489107,0.3955895496492903,0.5655340933455419
801,0,X,Y,J,0,0.5158352894552816,0.6712175530985145,0.3663165799783979,0.326103718878473
801,1,Y,X,D,1,0.49403604974708026,0.6574372680790003,0.3828418117030755,0.3474394639369646
801,2,X,X,D,1,0.48032321481386453,0.6663229806844428,0.3698823220082913,0.37725830519030656
801,3,X,Y,J,0,0.48371556933230053,0.636253435219627,0.32157826430305275,0.38092826123957557
801,4,X,X,D,1,0.4935117517253758,0.6832433126532522,0.30540168117263594,0.3856587414595941
801,5,X,Y,J,1,0.5342452441780621,0.690546275757395,0.320344861813923,0.36714350231904924
801,6,X,X,D,1,0.5384444572658479,0.6439270368410616,0.25302266990171,0.32779264201507674
801,7,X,X,D,0,0.5029940917393838,0.6142761867207753,0.2921639925603408,0.35105199872047244
801,8,X,X,D,0,0.449053798369292,0.6236011981499248,0.2527328072938091,0.3700054208247898
801,9,X,X,D,1,0.412034449112474,0.6423606178741631,0.28532078656311777,0.366482256036253
801,10,X,X,D,1,0.42493641282655403,0.6592952149802103,0.29958028106896195,0.36316712792600014
801,11,X,Y,J,0,0.3839685185257756,0.6563411791113668,0.3182324302973595,0.3801208560924971
801,12,X,X,D,0,0.41124679359571736,0.6377639110764127,0.3548477954243483,0.3818467097874644
801,13,X,Y,J,0,0.39035787558181945,0.6162345020945433,0.360479771128319,0.385254495500214
801,14,X,X,D,1,0.43186980220638027,0.6554264117040685,0.3403747410190636,0.40416725641643825
801,15,X,Y,J,0,0.45976450285990955,0.6275357332124623,0.316926294224173,0.3732762650170265
801,16,X,X,D,0,0.4824675843484063,0.6200109409275001,0.3340586545605253,0.41934981609465166
801,17,X,X,D,1,0.4733860182344368,0.5990232613804565,0.35418158282350054,0.42166362914489297
801,18,X,X,D,0,0.46151083512879265,0.6155116497765599,0.35904080758284224,0.4210551759865726
801,19,X,Y,J,0,0.5109956600425496,0.6067184510466335,0.41940543792610524,0.4268950215189665
802,0,X,X,D,1,0.4809132952873381,0.33839727744899395,0.5487255220602731,0.685730832465846
802,1,Y,Y,J,1,0.474122693987439,0.37992584722351774,0.568323295464829,0.6737705080606419
802,2,X,X,D,0,0.4820340039496748,0.3973427121664227,0.5765594253977402,0.6991287495609187
802,3,X,X,D,1,0.44899884240138555,0.4326967204631918,0.5874353933444297,0.6843534071634833
802,4,X,X,D,0,0.44004894403181705,0.47375378595329387,0.5747378584388397,0.6725421521604064
802,5,X,X,D,0,0.4406408284773984,0.496332287016425,0.5591107827180927,0.6496891413672592
802,6,X,X,D,0,0.4234366572077929,0.4969173654161948,0.6153792595683698,0.6689082392015454
802,7,X,X,D,1,0.44311272723826206,0.47273466027158,0.6126573355743169,0.6849142051063936
802,8,X,Y,J,1,0.48217077376724293,0.47575307387977583,0.606835249735216,0.6762982740473242
802,9,X,X,D,1,0.4783739504863684,0.4320963276706184,0.63385928451418,0.6573765912693714
802,10,X,X,D,0,0.5116428001977712,0.3937541618138717,0.6704799615623087,0.6452848411713299
802,11,X,Y,J,1,0.4850880445795504,0.40763737548619006,0.6673247052796849,0.659696922300938
802,12,X,Y,J,0,0.43739053445020787,0.38486936248883385,0.6721086024218239,0.6937944449379073
802,13,X,X,D,1,0.41340819640170284,0.41586186747565784,0.6667846853115226,0.6693719054873157
802,14,X,Y,J,1,0.41132729683727953,0.4299418179958309,0.6723766075335128,0.698070439564507
802,15,X,Y,J,1,0.37894825535513654,0.4324116642639069,0.6785016924651501,0.7463193968474661
802,16,X,X,D,0,0.3372895823994062,0.40201734590245025,0.6827741258129574,0.75
802,17,X,X,D,0,0.2998792944371111,0.3830512521794571,0.6882753885068811,0.7429108105886391
802,18,X,X,D,1,0.28198546153983417,0.3829518514856059,0.6548703436866008,0.7350104091498549
802,19,X,X,D,0,0.292721197023777,0.34303907000352757,0.6731629582436288,0.7455427043394032
803,0,X,X,D,1,0.2638668968879984,0.28946304266304773,0.6203855942666829,0.49175546626304234
803,1,Y,Y,J,1,0.29061970884968613,0.27718997857562516,0.6588930617463666,0.5299683070505797
803,2,X,X,D,0,0.2670566708971047,0.3102704935655755,0.6551865604214865,0.5118648844375373
803,3,X,X,D,1,0.26199338605545275,0.3331981479950503,0.6647991535361149,0.4905905418079398
803,4,X,Y,J,0,0.28979924763436343,0.33314483392742616,0.6423168888264984,0.5155565907796367
803,5,X,X,D,0,0.28169437677476966,0.2924920181094664,0.6516427328246944,0.5224758251665101
803,6,X,X,D,0,0.29265953743721024,0.29450386114050714,0.6676292357959857,0.4893296752665492
803,7,X,Y,J,1,0.29007901245360607,0.3246840156990358,0.63945323967372,0.48925423571723525
803,8,X,X,D,1,0.2883314503820111,0.3553834737041738,0.6484725926977449,0.4764878986152118
803,9,X,X,D,0,0.29194629351343604,0.35395079867805496,0.657626161272811,0.504224402242671
803,10,X,X,D,0,0.28197664551437035,0.31207326761589216,0.6519639985136689,0.5117821166122893
803,11,X,X,D,1,0.2553585166452423,0.32061769953103864,0.6019777982891856,0.5014201919544937
803,12,X,X,D,0,0.2625256316557698,0.34014729720656434,0.6243171921864973,0.5274803332661658
803,13,X,X,D,0,0.25,0.37968669000933497,0.5917573805551349,0.5255910944114605
803,14,X,X,D,0,0.25,0.38155508443123887,0.6117819792622362,0.5583968845969294
803,15,X,X,D,0,0.25,0.3721392854290222,0.602963659604435,0.5477328361468247
803,16,X,X,D,0,0.25,0.37024372647335346,0.6116454058292836,0.5485006504128324
803,17,X,Y,J,1,0.25,0.3751605568220374,0.6137987183327688,0.5379721508990092
803,18,X,X,D,0,0.25259244140081766,0.3337224992805715,0.6204142643006736,0.5645849503226018
803,19,X,X,D,0,0.25,0.3417769067345176,0.6056140826741158,0.554922791863652
804,0,X,Y,J,1,0.6533571473241649,0.47803475847703947,0.2748359302471692,0.6444846712897145
804,1,Y,X,D,1,0.6601761423054388,0.499386760623382,0.3098567682894881,0.6383409006390259
804,2,X,X,D,1,0.6600509549501514,0.4976328984457767,0.3237056240470292,0.6239915320604269
804,3,X,X,D,0,0.7091452203434631,0.5142320194483563,0.30263192206341877,0.6273936736641254
804,4,Y,Y,J,0,0.6546715815403585,0.5117140465376055,0.3289353676190875,0.6238521657874154
804,5,X,Y,J,1,0.6499698947304698,0.5166304600313826,0.37924633865166024,0.6278968165180467
804,6,X,X,D,1,0.6153202650729912,0.5121476113955568,0.39342435460364655,0.6242290006259794
804,7,X,X,D,1,0.6216858130928055,0.515487372099193,0.4100762541585284,0.6910249054136195
804,8,X,X,D,0,0.5816601722391926,0.5187680870132667,0.4266566979540266,0.691616212082648
804,9,X,Y,J,1,0.5597577957360841,0.5479088335831501,0.44381882015132595,0.7323469847544104
804,10,X,X,D,1,0.5757491600014422,0.5288447609952774,0.4369855057324476,0.75
804,11,X,Y,J,0,0.5939719186499809,0.5155821272790013,0.3869237700613039,0.7328457032558838
804,12,X,X,D,1,0.5850921477836374,0.5133743507033875,0.42237337610541476,0.75
804,13,X,X,D,0,0.5754358017488116,0.5388054010096713,0.42342177987768886,0.75
804,14,X,X,D,1,0.5808059780114531,0.5269438363576913,0.382303075401371,0.6766342591268922
804,15,X,X,D,0,0.581658497729863,0.534261222418356,0.4038401032440242,0.6365296863444471
804,16,X,X,D,1,0.5810501035949025,0.5169068632396452,0.3922337443870243,0.6269871873447641
804,17,X,Y,J,1,0.544783212329176,0.5372981284286144,0.40613572825560607,0.623905561176261
804,18,X,X,D,1,0.5158659156211066,0.5559453595195343,0.3904546352891427,0.6381428080452495
804,19,X,X,D,1,0.46871924606243864,0.5928774482862712,0.4064460874319405,0.6398463549925669
805,0,X,Y,J,1,0.6848710752379155,0.3219714181816312,0.4561603430826133,0.31573928681733254
805,1,Y,Y,J,0,0.6316671478577897,0.3272331276338525,0.4541998136921651,0.3358171335603306
805,2,X,X,D,0,0.6404484469399677,0.3236049253737838,0.49637055784868744,0.3913188199909272
805,3,X,X,D,1,0.6486388964154342,0.3059464137156559,0.498631815364873,0.3558722715418237
805,4,X,Y,J,0,0.6522537829182748,0.3255708526327044,0.504737468844075,0.3470002636013468
805,5,X,Y,J,1,0.6758207332864348,0.30836346500809153,0.5110319719006033,0.3500499732084517
805,6,X,Y,J,0,0.7049452604716716,0.31215763753602344,0.5413834771849558,0.3886213660783553
805,7,X,Y,J,0,0.7250533745089162,0.3122783084666098,0.5205552428004264,0.3662803856170669
805,8,X,Y,J,1,0.744229585296115,0.30365465833949806,0.576683545090981,0.3772673774045408
805,9,X,X,D,1,0.75,0.27927796567850816,0.5887131649488918,0.32445583323609645
805,10,X,X,D,0,0.7357734672758707,0.30255214140931286,0.5757362505337836,0.3406342321583576
805,11,X,X,D,1,0.6894335466187244,0.2802134668725837,0.5204200073619706,0.33197310098432753
805,12,X,X,D,1,0.6698691685807914,0.292571864421348,0.5729523486150642,0.3257386132879334
805,13,X,X,D,1,0.6459378849193524,0.29555488410017705,0.5330293479439848,0.354615472418826
805,14,X,Y,J,1,0.6244687662803777,0.25,0.5159583730232697,0.3143736662531927
805,15,X,X,D,1,0.6544317887374146,0.25,0.5260674234744896,0.28956954107991173
805,16,X,X,D,0,0.6297074680887833,0.25,0.5547071636410342,0.3097858148533465
805,17,X,X,D,0,0.632449616515996,0.2730642636208388,0.5558926877431182,0.32940024683878255
805,18,X,X,D,1,0.649959782338326,0.2735520265540305,0.5552137023414495,0.3423891171152112
805,19,X,Y,J,0,0.6455812109880681,0.3063421654264876,0.5213478546358536,0.3184747023771596
806,0,X,X,D,0,0.377916058551703,0.6577360201474098,0.25071488282407267,0.3759614656580345
806,1,Y,Y,J,0,0.37032546266312455,0.6706366282043876,0.25,0.36999191983039814
806,2,X,X,D,1,0.34584139265249203,0.6679533530018724,0.25,0.35597611102847954
806,3,X,X,D,0,0.38891014698588205,0.6855608389964974,0.25,0.3444616128402179
806,4,X,Y,J,0,0.3759964874146816,0.6937250949555741,0.25,0.3500682045654587
806,5,X,Y,J,0,0.38475931561880855,0.6830358807754313,0.2714510923573973,0.31628090055820723
806,6,X,X,D,1,0.38841770286645627,0.6530429253881688,0.2586954241384617,0.32881816824789484
806,7,X,X,D,0,0.36901684885415814,0.6128154718951105,0.25,0.30200789801249606
806,8,X,X,D,1,0.368585347844982,0.637291142863274,0.25,0.25
806,9,X,X,D,1,0.3833202362565405,0.6285198751725771,0.25,0.25
806,10,X,X,D,1,0.3772547306242467,0.6283801448145111,0.27523513982392867,0.27485265587758767
806,11,X,X,D,0,0.38996248322278565,0.6328628477204183,0.29069034938210114,0.2644363033908528
806,12,X,X,D,1,0.40537002587667603,0.6598999010316415,0.3156015305239757,0.25
806,13,X,X,D,0,0.41217975840175025,0.6631532390715725,0.33859668113761276,0.25
806,14,X,X,D,0,0.37012051631459286,0.6694771911349435,0.3239246463885241,0.25
806,15,X,X,D,0,0.36508795786814596,0.6387486503377435,0.30852506357437715,0.2563114172183593
806,16,X,X,D,1,0.3365615044224333,0.6672979307387796,0.3165838488734015,0.25
806,17,X,Y,J,1,0.32977795103458596,0.6652818552713852,0.3262938005126167,0.25
806,18,X,X,D,1,0.2989434758386459,0.6301132533209473,0.34554085276675167,0.25
806,19,X,Y,J,0,0.34352276055188813,0.6176065336865096,0.29682524529809234,0.25
807,0,X,X,D,1,0.5823781795531253,0.7090735119606912,0.3174616294103388,0.45184882089002576
807,1,Y,Y,J,1,0.542206009377888,0.7192631054240884,0.3181194048363314,0.4737823464196774
807,2,X,Y,J,0,0.5392012723394016,0.6841089930978629,0.2741224692137338,0.4691867862343503
807,3,X,Y,J,0,0.5388790643807662,0.6907323629358364,0.30274674422671705,0.4881112418846365
807,4,X,Y,J,1,0.5654610156639845,0.7274780731915552,0.3765057864400043,0.48826338148960596
807,5,X,X,D,1,0.5877234542838332,0.7399096241224292,0.3794858215884551,0.46248682668464713
807,6,X,Y,J,0,0.551730442880544,0.7285760852044174,0.3491791323202782,0.48262586885024406
807,7,X,X,D,1,0.4953699660030214,0.7442415595776997,0.36147031693458387,0.4479160227946855
807,8,X,Y,J,1,0.5165124749482435,0.7468581435096596,0.35497531125484016,0.4443446133462642
807,9,X,Y,J,1,0.5224892274875484,0.75,0.38680392398634506,0.43828217400049757
807,10,X,X,D,0,0.507310882911434,0.75,0.3990446681486388,0.44569711760940334
807,11,X,X,D,1,0.5373778064555345,0.726676728516954,0.4084709564802296,0.46348490117631314
807,12,X,X,D,0,0.5165128415239095,0.7288580796422743,0.39699854792346667,0.4874007945728143
807,13,X,Y,J,0,0.5119897695773217,0.7209777268026913,0.4313869004546229,0.47257810928367283
807,14,X,X,D,1,0.5302025818702027,0.7015116023866854,0.4408257045024673,0.47609175057147773
807,15,X,X,D,1,0.5166965647185934,0.7429749319682363,0.49452535667668523,0.4868721036679901
807,16,X,X,D,0,0.5243040556282381,0.7433083306413786,0.4952619719520064,0.5229121461611307
807,17,X,Y,J,0,0.5537670404863494,0.75,0.4957771887846713,0.49246992951488644
807,18,X,X,D,0,0.5635477249481783,0.75,0.5193380893816537,0.5643818341384592
807,19,X,X,D,1,0.552982666425532,0.7078719213470863,0.49679508661642396,0.5772042904897762
808,0,X,X,D,1,0.7302016920419944,0.6167980800728412,0.27474668424239174,0.6698621825648354
808,1,Y,Y,J,0,0.6913585689783682,0.6188338892010669,0.25270784208642094,0.6678823308866851
808,2,X,Y,J,0,0.6705927067557499,0.6270938046194394,0.28424488529761077,0.7130596202010102
808,3,X,X,D,0,0.641206664238145,0.6395769880977386,0.27662726948938976,0.7271699673121981
808,4,X,X,D,0,0.5777954329005385,0.6167901178282933,0.2695909518547205,0.7041332517050646
808,5,X,X,D,0,0.5816078963608754,0.6281673603361692,0.2658020386516642,0.701388989104531
808,6,X,Y,J,1,0.6003007669107602,0.6654649978979272,0.2561115429481575,0.7178601386936295
808,7,X,Y,J,0,0.5453755126234858,0.6559230434909477,0.25,0.712625209408268
808,8,X,X,D,0,0.5315299791868989,0.6814953009932511,0.25,0.7027990165610787
808,9,X,Y,J,1,0.5438870048679155,0.6773103341010844,0.302185952151166,0.7013293580887133
808,10,X,X,D,1,0.5289015868379603,0.7055425745356454,0.28595606190980755,0.6817273415539438
808,11,X,Y,J,1,0.5280949665487065,0.75,0.25,0.7119368078450216
808,12,X,X,D,1,0.5213798345962516,0.7314396904092318,0.25,0.75
808,13,X,X,D,1,0.5350927206244439,0.7115142000257605,0.25,0.7388816211717861
808,14,X,Y,J,0,0.49870773985837313,0.7032689419767647,0.3121401953926506,0.7371429263540626
808,15,X,X,D,0,0.5066843371074348,0.6810086008323728,0.3213521277861462,0.7254827372320941
808,16,X,X,D,0,0.48390499306635765,0.6664005226078997,0.30500502041938105,0.6824520134066245
808,17,X,Y,J,0,0.5224252468908753,0.6574678994105125,0.29029641379112203,0.6833000776850302
808,18,X,X,D,1,0.530955474787511,0.6107375544753282,0.29823357941017065,0.6580954007603145
808,19,X,X,D,0,0.5084396342540172,0.6272423583454773,0.27428410203003106,0.6536749473047411
809,0,X,Y,J,1,0.25420011924190494,0.3195724096149631,0.3908529670751319,0.6760095615177838
809,1,Y,X,D,1,0.2933510860627063,0.32902352820547504,0.3880071764145793,0.6723777280470679
809,2,X,X,D,1,0.2832109414435612,0.27801224951701126,0.38142404338879277,0.7014031569592988
809,3,X,Y,J,0,0.27521371441494114,0.3276449857296355,0.3994896299784076,0.75
809,4,X,X,D,0,0.26233276682030365,0.3743313669086893,0.4374740604543371,0.7411397291524179
809,5,X,X,D,0,0.25,0.4023911030416794,0.4492016368254274,0.7343011383262789
809,6,X,X,D,0,0.25,0.4186348834819131,0.45550493249895385,0.75
809,7,X,X,D,1,0.28827584022734604,0.4085633873434489,0.463192469681994,0.75
809,8,X,X,D,0,0.3407900917850865,0.4451539736235399,0.4558180948935739,0.7290062862337362
809,9,X,Y,J,1,0.34177633956745346,0.44482487593575304,0.46584657036525995,0.75
809,10,X,X,D,1,0.34514142060045777,0.4055735634175665,0.4753567785705352,0.75
809,11,X,X,D,1,0.33514944069887054,0.4561339010854401,0.47198067476133443,0.75
809,12,X,X,D,1,0.3399551802927136,0.4921961482493989,0.5099407720776344,0.75
809,13,X,X,D,0,0.3398133009929116,0.47973718257311465,0.498134753759609,0.75
809,14,X,X,D,1,0.35757413995989074,0.43571591726514614,0.4997706359216636,0.75
809,15,X,X,D,0,0.36224997973404943,0.42745602401871935,0.5057640556441255,0.7286272371038097
809,16,X,X,D,1,0.3132000178607786,0.4583928547836809,0.5022958929479738,0.744872806677924
809,17,X,X,D,1,0.3094554529731478,0.48686371475373896,0.4900211795418236,0.7360166740096226
809,18,X,Y,J,0,0.32292047847571703,0.4960048845497635,0.5210894614019126,0.7439853650562078
809,19,X,X,D,0,0.3215800344888941,0.48046942609647697,0.5356521791035208,0.75
810,0,X,X,D,0,0.7074145636005477,0.7099323425803481,0.7139662851901051,0.6755861647467216
810,1,Y,Y,J,0,0.7345868634493163,0.6780401790343157,0.726064182913642,0.6371153478080073
810,2,X,X,D,1,0.7192114353196593,0.6558439017909823,0.7345740367066267,0.6249790411233277
810,3,X,Y,J,1,0.7229625249001649,0.660187818775373,0.7300576891682367,0.6226187297516752
810,4,X,X,D,1,0.6995165500968702,0.6789094261270817,0.7148672296450495,0.5799261536670551
810,5,X,Y,J,0,0.7327524195710547,0.6845634249931295,0.7002431969940073,0.5434683429018278
810,6,X,X,D,1,0.75,0.6946063390172806,0.7002227175003706,0.5833861407270504
810,7,X,X,D,0,0.738885303911876,0.7076218021254734,0.7194158723276335,0.5984721640212407
810,8,X,X,D,1,0.7016603835330171,0.7012556859735226,0.7258151880727071,0.5741185179354666
810,9,X,Y,J,1,0.7026733135650554,0.6898468471883193,0.7431407137602332,0.6090870613693525
810,10,X,X,D,0,0.6500738855566598,0.6954435696895831,0.7451824484384746,0.5739350727561118
810,11,X,Y,J,1,0.6392983401172183,0.6798474225426726,0.7271435426354121,0.5536693425017839
810,12,X,X,D,1,0.6630159616653768,0.6758937220692864,0.6828320818432448,0.5497901437640206
810,13,X,X,D,0,0.6346897280550705,0.6347829675803598,0.675123748093076,0.5615191453079871
810,14,X,X,D,0,0.6313069808996885,0.615097622573572,0.7006303235299619,0.5575648581547096
810,15,X,Y,J,1,0.626946656987887,0.6044821179104618,0.6866212325002198,0.5400388957087021
810,16,X,X,D,0,0.6162003518499829,0.6194626417174818,0.673284823116448,0.5401993688421641
810,17,X,Y,J,1,0.5929286560257214,0.6199913164572459,0.675905808743809,0.5621852298635482
810,18,X,Y,J,1,0.6035941056642626,0.6243889987033948,0.6604644475825191,0.5490259910060067
810,19,X,X,D,1,0.608505073443689,0.6262564430666999,0.6688646761117628,0.5852684532392636
811,0,X,Y,J,0,0.3904287624104915,0.4764026796830678,0.3730319158979645,0.40770282721073825
811,1,Y,X,D,1,0.42580405628517687,0.47873552819235743,0.3505612090336006,0.39342387269059337
811,2,X,Y,J,0,0.40917429348100964,0.46546444563749906,0.36019069220263555,0.4016777831656907
811,3,X,X,D,0,0.4135550372078648,0.4210172173963697,0.3850655488303926,0.3967881277813193
811,4,X,Y,J,1,0.4415100547089528,0.41847058257201075,0.37800507226093855,0.37290479353389416
811,5,X,X,D,0,0.45654487986540193,0.4068076145975784,0.3687108537238055,0.37736658268263723
811,6,X,Y,J,1,0.48576016418775075,0.34602695158352853,0.3956523682563564,0.3790690616506644
811,7,X,X,D,0,0.5142064130340928,0.38218091949272387,0.3975118604358069,0.3485588479615611
811,8,X,X,D,1,0.5053354356943993,0.414042826718808,0.4150100194925404,0.331624074255631
811,9,X,X,D,0,0.4884013882405088,0.41402396410338765,0.41867655766526307,0.2749782502448629
811,10,X,X,D,1,0.5011502882899935,0.39270143792881496,0.40500700336208656,0.29374393307251884
811,11,X,X,D,1,0.49821798401389356,0.3989152070568591,0.3961566626685756,0.2654821630814031
811,12,X,X,D,1,0.5032402527102919,0.379185853806086,0.41093282848846174,0.25594480586407253
811,13,X,X,D,1,0.5166717692873547,0.3792078545862419,0.43621629760314967,0.29464967935964387
811,14,X,X,D,0,0.5062732353160001,0.36956770746143675,0.40113667919759605,0.27932414954120793
811,15,X,Y,J,1,0.4825864402473336,0.3717378103584964,0.4021642100041229,0.2985990722202252
811,16,X,Y,J,1,0.4864262516205105,0.36240526538119705,0.45642155391097217,0.3047775031218645
811,17,X,Y,J,1,0.495212952823994,0.35550734513965565,0.42755810219931095,0.3114785564244157
811,18,X,X,D,0,0.508362723190511,0.3805991838916191,0.40192047823914884,0.33078908570109017
811,19,X,X,D,1,0.46253581223795304,0.3488467398049543,0.3801210925779327,0.3624022440578922
812,0,X,X,D,1,0.6482731035036476,0.4031690454629779,0.3939285874103637,0.5585151600704686
812,1,Y,Y,J,1,0.6507387618531003,0.3979154021715623,0.3540387531964365,0.5751154904888861
812,2,X,X,D,1,0.6416157430993408,0.42894574010565045,0.3438037204544744,0.5614524431420701
812,3,X,X,D,1,0.6706948695914032,0.4094871642037706,0.3489978560106454,0.5727365427491379
812,4,X,X,D,1,0.6661581943864368,0.4453390850420458,0.34108893965849574,0.5755681510510651
812,5,X,X,D,1,0.6974941567517616,0.4363103145042906,0.32603034971685096,0.5924793687178129
812,6,X,X,D,0,0.7054704417188632,0.41669698929093263,0.32873460853251035,0.5900860310538475
812,7,X,X,D,1,0.6904495038134922,0.40784916440133046,0.2772719076946706,0.5782335646975534
812,8,X,Y,J,0,0.6852241749838652,0.42626574962175895,0.25,0.5746993183543245
812,9,X,X,D,0,0.6657370850881731,0.4800236283299941,0.25,0.5866620841098602
812,10,X,X,D,1,0.6949827908374572,0.45671499313154446,0.25,0.5612310982380765
812,11,X,Y,J,0,0.729534164350301,0.4715298108562808,0.25,0.5585001376752486
812,12,X,X,D,1,0.7403295294040146,0.4872945782602692,0.25,0.5664687257166854
812,13,X,X,D,0,0.75,0.5029258450313071,0.32006929306589493,0.5902762793275773
812,14,X,X,D,1,0.75,0.5300748148028281,0.3556940295151221,0.6515818606173935
812,15,X,Y,J,1,0.75,0.5570234614293778,0.3590434821271218,0.65409303886199
812,16,X,Y,J,1,0.75,0.5679144499292206,0.35848928780672845,0.608774871798529
812,17,X,X,D,1,0.7307273797955012,0.5851297622442665,0.40333019768249645,0.6414148647580807
812,18,X,Y,J,1,0.6802419005418793,0.5795030536211164,0.41671575493589486,0.6387461366316006
812,19,X,X,D,0,0.6868495062695505,0.5559361000924198,0.37733838090395483,0.6294689785768125
813,0,X,Y,J,0,0.5805841060136103,0.4530511439128606,0.678730578823469,0.44835003122726
813,1,Y,Y,J,1,0.5926399395328312,0.47332146018956095,0.6691525818612301,0.4231011452134176
813,2,Y,Y,J,1,0.5579165902889485,0.4730101492082414,0.6411742478062236,0.4191064579775325
813,3,Y,X,D,0,0.5466941198795217,0.47809769847789113,0.6032614495667935,0.4103149313432107
813,4,Y,Y,J,0,0.5676033892082152,0.4823472805499774,0.6148645525704074,0.38429590911760725
813,5,Y,X,D,0,0.5959587791620429,0.5249972575033056,0.5742471849712125,0.3758344534216145
813,6,Y,X,D,1,0.6081009729174248,0.5817522714909704,0.6016297310101136,0.3729471561849168
813,7,X,X,D,0,0.6036985629324134,0.6112976757165176,0.6090405508074674,0.4038878484572201
813,8,Y,Y,J,0,0.6134442917521816,0.6203786340776325,0.595617690906863,0.35441138450128856
813,9,Y,X,D,0,0.5966767626612731,0.6121019316467388,0.5995424253067196,0.38544066219162826
813,10,Y,Y,J,0,0.5779605091159671,0.5823544177510088,0.6138442261194542,0.3919606273299833
813,11,Y,Y,J,0,0.5668324899359709,0.5922194769802511,0.6387861408236893,0.3647461191576084
813,12,Y,Y,J,1,0.5808493052806065,0.6124395833205086,0.6465449325355325,0.3488410334589185
813,13,Y,Y,J,1,0.6054328340988352,0.6231453458603944,0.6672346892561292,0.348138829511873
813,14,Y,Y,J,1,0.6132552958197455,0.5724671333548776,0.6515899022000134,0.32110161566572726
813,15,Y,Y,J,1,0.5952106238844266,0.5812859527364637,0.6377851824111302,0.2815278908028021
813,16,Y,Y,J,1,0.6047616401988424,0.5856985852623078,0.6608380238797027,0.30174717917261373
813,17,Y,Y,J,0,0.6097696303213382,0.5782941281852955,0.6461733374863889,0.2808976222417165
813,18,Y,Y,J,1,0.6186775343373555,0.5382939918115638,0.6640629147514947,0.31793149749832156
813,19,Y,Y,J,0,0.6034594471262037,0.5174136917066303,0.6885811902404315,0.2963947454069905
814,0,X,Y,J,0,0.25602895674500326,0.5424644096605101,0.31431511769613363,0.3555870557546643
814,1,Y,X,D,0,0.25,0.5241980600727746,0.29836866721073,0.3526390824256766
814,2,X,X,D,0,0.26028747436904087,0.5410737011143881,0.29915749478151377,0.31799741860973085
814,3,X,Y,J,0,0.2934150303724022,0.4777521999704204,0.34079151145105036,0.3361097758796089
814,4,X,Y,J,0,0.28567672884484324,0.498627197041894,0.2956429324993072,0.31913080982166847
814,5,X,X,D,1,0.29715465686622866,0.5157120418206077,0.31201671859330066,0.33066749444907306
814,6,X,X,D,1,0.3004166572399898,0.5247122242486262,0.30149542446886984,0.3098297545864982
814,7,X,X,D,0,0.2558270370269891,0.5178170906221461,0.32627206086105504,0.27970319509142366
814,8,X,X,D,0,0.25913318317894296,0.47418147564563135,0.28429046063469493,0.29360473834164
814,9,X,X,D,0,0.2760208457350902,0.4533310287689887,0.2803783074322463,0.32097168087346223
814,10,X,X,D,1,0.2813728714582825,0.4952100025678851,0.2927911356044153,0.2772312130901314
814,11,X,X,D,0,0.2815788996669867,0.5081817774755458,0.2985760961284528,0.29037934855027736
814,12,X,X,D,0,0.25,0.45416778308824224,0.2682766488112305,0.3073341156824671
814,13,X,X,D,0,0.277982028042176,0.46269745231240383,0.25,0.28731990259511003
814,14,X,X,D,0,0.25,0.4314328564061966,0.26704158813638085,0.2918988945643615
814,15,X,X,D,0,0.2765967734078501,0.4341262981361036,0.25639275371072867,0.25719758783041013
814,16,X,X,D,0,0.25,0.4537749873727299,0.25,0.27244998111440777
814,17,X,Y,J,0,0.276334457646091,0.4863803168401295,0.25,0.2908256292178702
814,18,X,X,D,1,0.28756689743136155,0.49986040118040104,0.2582629206849829,0.31700708111822395
814,19,X,X,D,0,0.3135981954177061,0.5428887848094783,0.25298430752399426,0.31321136842209363
815,0,X,X,D,0,0.3023333549976156,0.5325232144614976,0.27777742375306275,0.32760367819317
815,1,Y,X,F,0,0.3096739491330025,0.5224053342296806,0.27703387576084504,0.3238597974856039
815,2,X,X,D,1,0.31564001453446355,0.5429936745810462,0.263077967431655,0.32331118302548467
815,3,X,X,D,1,0.31412882022399585,0.5260081151232002,0.2594484629570362,0.34760806708421804
815,4,X,X,D,0,0.28948164159957845,0.5469368241867257,0.2626038701078932,0.3530942271200644
815,5,X,X,D,0,0.289601922321566,0.5551497910683169,0.25,0.34783389061863956
815,6,X,X,D,0,0.31359614423126636,0.5962636593622345,0.25,0.3344977411559531
815,7,X,X,D,1,0.31052891944556543,0.611082358276967,0.25,0.38091301426888774
815,8,X,X,D,0,0.2902191806727468,0.640057433710097,0.25,0.36292878399734285
815,9,X,Y,J,1,0.3096360694278205,0.6234085529878809,0.25,0.37154423783109614
815,10,X,X,D,0,0.3561369772490938,0.6069742915992244,0.2501520075156506,0.3766873318477685
815,11,X,X,D,0,0.3600655327605758,0.662855068251193,0.25,0.39336598907973613
815,12,X,X,D,1,0.3312033338705044,0.6396464320595615,0.25869976731357763,0.4254024168912381
815,13,X,X,D,0,0.3559487311126738,0.6251792641332657,0.25,0.4192570084686066
815,14,X,Y,J,0,0.32602644213953486,0.6687827701645312,0.25157075973380516,0.4021790263279392
815,15,X,X,D,1,0.3553294082267254,0.7058788864291146,0.27172385864426807,0.4291751069239016
815,16,X,X,D,1,0.38831081802013534,0.75,0.2727416581444905,0.4291584128950515
815,17,X,X,D,0,0.44260781225739937,0.7396120858444044,0.31202409605770637,0.40175233348812983
815,18,X,X,D,0,0.4561698605073709,0.75,0.28224356706779474,0.4129535274123439
815,19,X,X,D,1,0.46937532058340525,0.7152488879273717,0.25,0.3622756658993938
816,0,X,Y,J,0,0.5039653496590852,0.3223936742049344,0.33214468664788904,0.4561541642069938
816,1,Y,Y,J,0,0.5793775725741557,0.3284887858699966,0.36342227569450064,0.47875801137401364
816,2,X,Y,J,0,0.5907235945177848,0.410917837875681,0.3305556007291092,0.47459877833801123
816,3,X,Y,J,0,0.5977930893966125,0.4021156290542248,0.33703498794881237,0.4447950043441284
816,4,X,X,D,0,0.5948093251731608,0.41138178016794125,0.3337611714549262,0.4124999495010015
816,5,X,X,D,1,0.6051795686741226,0.40578780907444784,0.3696964883927346,0.41469106531416156
816,6,X,X,D,0,0.5813896115978978,0.3894254131268189,0.3467964880077714,0.4487066339051326
816,7,X,X,D,0,0.5733149992910581,0.4226241720491791,0.3720986948680081,0.4482770130858507
816,8,X,X,D,1,0.5849966920612054,0.461416921263223,0.3779038821714789,0.3878210157821716
816,9,X,X,D,1,0.5727560039537034,0.49851447125111853,0.3959523986651567,0.38371468496233707
816,10,X,Y,J,0,0.5494517182547678,0.45065764701484246,0.40658159895911294,0.3805578080755382
816,11,X,Y,J,1,0.5743210121130365,0.44220779484366557,0.39505662260521973,0.40367369972637956
816,12,X,X,D,0,0.633125542473674,0.451981884725821,0.4075030436199026,0.43398502103806197
816,13,X,X,D,0,0.5793194096216978,0.4208185461884632,0.3799689359624433,0.42030905584734335
816,14,X,Y,J,0,0.5889733494460103,0.3992430657435751,0.3764845193541565,0.40902957675117296
816,15,X,X,D,0,0.6261403552894617,0.38949683915471567,0.4158981890559377,0.4365399654115133
816,16,X,Y,J,1,0.6359433920085644,0.38376480548337527,0.4132445311719659,0.46029045466645846
816,17,X,X,D,1,0.6576992813071553,0.3651652634826999,0.4095813936174179,0.508818149907936
816,18,X,X,D,1,0.6906091535896791,0.4096669658676244,0.43139183581258317,0.5214097539675733
816,19,X,Y,J,1,0.699294454222412,0.40264371329915866,0.437257177877619,0.5353103016106726
817,0,X,Y,J,1,0.5122199161706036,0.6203074983173014,0.3425913333060439,0.3500631654512409
817,1,Y,Y,J,0,0.5450168550299818,0.654304127279091,0.3483411907258447,0.37423592941230677
817,2,X,Y,J,0,0.581274018054499,0.6037036213605801,0.34469720626539035,0.3965330837590505
817,3,X,X,D,0,0.5703747008931328,0.5956736302041035,0.3395461302059736,0.4014035277424472
817,4,X,X,D,1,0.5825669655478254,0.614284268588621,0.36378985878967945,0.4151150001635617
817,5,X,X,D,1,0.5737534467930618,0.5813132293943503,0.38887729233736507,0.4252131252215092
817,6,X,X,D,0,0.6043153814222002,0.6420424968638923,0.414215915351417,0.41078425202470126
817,7,X,X,D,1,0.5898120838583262,0.6060469118106494,0.39861126577913064,0.41620053858703265
817,8,X,X,D,1,0.6076623325202067,0.599070622121008,0.3848838730034281,0.3915603330547132
817,9,X,X,D,1,0.600461714549442,0.596745245784466,0.3684965821717703,0.410811046311906
817,10,X,Y,J,0,0.6023061014095555,0.5952647858955881,0.3687945175861377,0.4422328601767256
817,11,X,Y,J,1,0.611388868438083,0.5487307411179712,0.41465171427457753,0.44644605921266883
817,12,X,Y,J,1,0.5742122823431243,0.554645202695305,0.4336332665701348,0.503678291007659
817,13,X,Y,J,0,0.5505791808556189,0.5598241525197111,0.4303195925413084,0.505449447944706
817,14,X,X,D,0,0.5862932461786885,0.5568159211151916,0.396711681820393,0.5028193555845368
817,15,X,X,D,1,0.5698798797904296,0.5728871249992297,0.38142523677014617,0.5300658366053808
817,16,X,Y,J,0,0.5748626464350959,0.5369324841333923,0.3954613935235338,0.5654537492813223
817,17,X,X,D,1,0.5790021351677299,0.5454809513048986,0.38207511367806496,0.6175973378589693
817,18,X,Y,J,0,0.572093923079531,0.5397243427381812,0.43263778079313076,0.5646370117459323
817,19,X,X,D,1,0.5443059648388616,0.5955975315269086,0.4491419569604466,0.58890198116921
818,0,X,X,D,1,0.5986980688831112,0.26793950934838945,0.595430190280575,0.39312400552460314
818,1,Y,X,D,1,0.5649113160866144,0.2530132672389945,0.6162250896142242,0.41099704836572226
818,2,X,X,D,1,0.6222669237088456,0.25,0.626290348075184,0.4103060441986316
818,3,X,X,D,1,0.6064757657010269,0.25,0.6421995626718533,0.4560428670174751
818,4,X,X,D,1,0.5997523625502585,0.25,0.6313772246516565,0.49107599385975065
818,5,X,X,D,1,0.5872906139796428,0.28373806960093906,0.6085935014215315,0.5139690718333635
818,6,X,X,D,0,0.6068961989535733,0.33612207316818343,0.5815655731935773,0.5341528953855519
818,7,X,X,D,1,0.6456992469361906,0.28039607543152706,0.6131794852204573,0.4914172882247373
818,8,X,X,D,0,0.6772736777287419,0.27363069828233055,0.5777109938930971,0.4750963553223675
818,9,X,X,D,1,0.7220221455894542,0.27916659681780503,0.5985787240749854,0.4470635940312673
818,10,X,X,D,0,0.6938198117350783,0.32739873705706896,0.6163105956085979,0.43962977905827655
818,11,X,X,D,0,0.7216978767759031,0.35781761915301463,0.6415553917744521,0.423352158754789
818,12,X,X,D,1,0.75,0.364046882873538,0.6672395065013722,0.3992757224336344
818,13,X,X,D,1,0.7261403989300582,0.37081151963548986,0.6463822575646232,0.4060267931427387
818,14,X,X,D,1,0.7454991284399094,0.33484347490142563,0.6247549122383939,0.38603455252428903
818,15,X,X,D,0,0.7114498659504608,0.37059638098387554,0.6382892298345514,0.3641494824851982
818,16,X,X,D,0,0.75,0.3618119945744804,0.6528134980959489,0.3852209547032084
818,17,X,Y,J,1,0.75,0.36545905013028734,0.7037906032132704,0.40298306301411535
818,18,X,X,D,1,0.75,0.42191234880602185,0.676891168504776,0.4169838913835865
818,19,X,Y,J,0,0.75,0.4247335127898158,0.6802503737049128,0.4071431027232625
819,0,X,X,D,1,0.49517762119271097,0.3949088150008111,0.5530226088276639,0.4295733849477244
819,1,Y,Y,J,1,0.47829933215632053,0.39392554824889187,0.5161375487753093,0.44028146290202275
819,2,X,X,D,1,0.5162363255033042,0.37909255228673505,0.5314643025882446,0.4917147705582697
819,3,X,X,D,1,0.5143580274329288,0.4244202309643462,0.5782800114408967,0.4791077394631032
819,4,X,X,D,1,0.5358575189069014,0.4246099958447494,0.5675976788087064,0.4741647608782019
819,5,X,X,D,1,0.5103079856750151,0.40413542739536623,0.5545398241579058,0.4954652082831272
819,6,X,X,D,0,0.5237712317745746,0.4151484932994929,0.5507934615381506,0.4616926640036172
819,7,X,X,D,0,0.5687909414991136,0.3960809287387251,0.5353852477268101,0.44700451728178053
819,8,X,X,D,0,0.5817318601193016,0.38236375350253765,0.5194204144605762,0.40794169617283094
819,9,X,X,D,0,0.5973750341656087,0.3618873127881399,0.534563831839828,0.3936300593832697
819,10,X,X,D,0,0.6229909430248615,0.3523558063658871,0.5616610247387887,0.3994153796945833
819,11,X,X,D,0,0.5365343145076154,0.3650305164253055,0.5444688762256541,0.36360135639798635
819,12,X,X,D,0,0.5704876248021853,0.40290592984061596,0.5340698114290693,0.37997579690119904
819,13,X,X,D,1,0.5482943083748892,0.40275160299217416,0.5040572072073728,0.3729901430973135
819,14,X,X,D,1,0.5785332579572274,0.3802753912776034,0.49842597301491703,0.40226551088629614
819,15,X,X,D,1,0.580245233361356,0.40091109057041147,0.49628067486422467,0.4078920983832449
819,16,X,X,D,0,0.5890820816930816,0.40252102097834874,0.5057774780732228,0.38963312717805604
819,17,X,X,D,0,0.5497838071671396,0.40500033086698034,0.5008151103003601,0.3975582344578319
819,18,X,Y,J,0,0.571346489379851,0.4267988268686584,0.5212962924200034,0.39217107383726885
819,19,X,Y,J,0,0.5526235187795947,0.45300562222949153,0.48239368403080113,0.3958443237132289
820,0,X,X,D,0,0.5133590964451817,0.3572773781615913,0.3349089595394881,0.4316601874140505
820,1,Y,Y,J,0,0.5352432128249873,0.3544867943252989,0.3111988856587054,0.4249126884351081
820,2,X,Y,J,1,0.5127282159422839,0.3422064787249346,0.32432109152819427,0.40459088777626834
820,3,X,Y,J,0,0.4880435990214719,0.36462912531865815,0.3685424517927939,0.4198937309114261
820,4,X,X,D,1,0.4815559333080441,0.40290606076611246,0.37237254440661816,0.41160835299014803
820,5,X,Y,J,1,0.49415317612022414,0.4286149017033969,0.3714872003820314,0.37915973352578447
820,6,X,Y,J,1,0.4922656346371972,0.38492353196211404,0.37041120427539265,0.39754679978079827
820,7,X,X,D,1,0.5099255802426221,0.44314007613036316,0.39609429948330194,0.37035501031669216
820,8,X,Y,J,0,0.4991143587530114,0.44168736119561713,0.4056070967778372,0.35952204881347977
820,9,X,X,D,0,0.5288950932150477,0.4230694105635164,0.38882773077888216,0.4138469119114011
820,10,X,X,D,1,0.5278992138058366,0.4232506108567626,0.426759365124263,0.40421826176726533
820,11,X,Y,J,1,0.5713355904653616,0.3955663523079761,0.40842411107273796,0.3993433921718411
820,12,X,Y,J,1,0.577449475960917,0.4004678545817686,0.39326210114593096,0.4301448536879076
820,13,X,X,D,1,0.6115635189956906,0.36764483156408606,0.40052085308515506,0.3960095743249147
820,14,X,Y,J,0,0.6025510802161735,0.4288989702313779,0.4264892643649061,0.39559224275967075
820,15,X,X,D,0,0.6031548007987483,0.476853173505786,0.42076927340866543,0.39509535817487135
820,16,X,Y,J,0,0.6227383919280772,0.47347214200180016,0.401735362582306,0.39268818471102485
820,17,X,X,D,0,0.5615962487395069,0.43978732885202987,0.4473324707852401,0.3439111364432004
820,18,X,Y,J,0,0.5633439285538733,0.3923906004560406,0.4431342493270409,0.34858615863276576
820,19,X,Y,J,0,0.5568232526752831,0.377170327195831,0.4510158769579204,0.3516657269721441
821,0,X,X,D,1,0.47107780523302273,0.25501359449000116,0.7216131129004153,0.33310380780980303
821,1,Y,X,D,1,0.4915059036371536,0.25993077065720005,0.6698521679853383,0.3404323290110755
821,2,X,X,D,0,0.4708067602785709,0.25,0.6506317836880071,0.33604445671733474
821,3,X,Y,J,0,0.4799642934327052,0.25,0.610726231575907,0.3558495424208618
821,4,X,X,D,1,0.48260824186951307,0.25,0.6505187973796123,0.36426777792703796
821,5,X,X,D,0,0.48519785331179516,0.25,0.6465116108145419,0.3583152737289092
821,6,X,Y,J,1,0.45543213333213745,0.2829290728223779,0.6488831404113422,0.3933208248955097
821,7,X,X,D,0,0.48855626466047725,0.2773195218835704,0.6546186518891095,0.3958336529311335
821,8,X,X,D,0,0.5136645108132696,0.2882409025075765,0.6836121141951222,0.35633587779532616
821,9,X,X,D,0,0.5038438641560491,0.32166517420804125,0.664991877206851,0.3273990576309114
821,10,X,Y,J,1,0.4859465743644262,0.32151893137277704,0.6648031944165045,0.2855459098924848
821,11,X,Y,J,1,0.5080117625994058,0.3259145428885956,0.6291757000804956,0.2817035583413433
821,12,X,X,D,1,0.49318803408295236,0.35092367425837284,0.6543870051105785,0.25
821,13,X,Y,J,1,0.49843699452935325,0.38199524608380986,0.6337190317553534,0.25
821,14,X,Y,J,1,0.49974803464651885,0.3559930177990517,0.6050557271145045,0.25
821,15,X,X,D,1,0.5131661577784101,0.3125478063477726,0.6110187808435701,0.25
821,16,X,X,D,1,0.5005452236457526,0.31185549277700286,0.5802729680197108,0.3019205191497492
821,17,X,X,D,1,0.4935636278411063,0.30311434139591725,0.5697561199878031,0.27320846510255853
821,18,X,X,D,1,0.5017700180415611,0.30190341284907124,0.5883167719291759,0.25
821,19,X,X,D,1,0.5165082361330646,0.2743865896054998,0.5852325582699258,0.25
822,0,X,X,D,1,0.5351511590099083,0.3915209787637449,0.26748813796138216,0.2864848811654342
822,1,Y,Y,J,0,0.5869311803960922,0.3756858958025971,0.29004182809806284,0.25
822,2,X,Y,J,0,0.6126003315003667,0.33972770637866095,0.3447278352597945,0.2633079277022332
822,3,X,Y,J,1,0.6305621308100912,0.2862731332293523,0.3801470520058028,0.25
822,4,X,X,D,1,0.6267728670254595,0.2558382898699822,0.420912334577583,0.25
822,5,X,X,D,1,0.6135468515585734,0.25,0.41604982120285694,0.25
822,6,X,Y,J,0,0.6399322241281807,0.2775912939505525,0.39010640318092826,0.2821251042436582
822,7,X,X,D,0,0.6940571703450045,0.2623214579162508,0.4068473207170291,0.3080571059822266
822,8,X,X,D,0,0.7226520676598436,0.2909649813543509,0.36318943917002855,0.3438154950172978
822,9,X,X,D,1,0.723605511036534,0.290331860732983,0.378960396507896,0.3349130597536203
822,10,X,X,D,0,0.75,0.29660295670871256,0.3592752618708171,0.35461775225726416
822,11,X,Y,J,1,0.75,0.25,0.3799976063667605,0.34105041260676616
822,12,X,Y,J,0,0.75,0.25,0.3502211560787244,0.3414532999949159
822,13,X,X,D,0,0.7419026270624235,0.2648300590619676,0.34972313329363847,0.342610922372145
822,14,X,X,D,1,0.734257107610829,0.27784321385074506,0.36871472035102737,0.3665132736206148
822,15,X,X,D,0,0.7444742661705256,0.26558878926673507,0.36972635897742373,0.3872097521226983
822,16,X,X,D,1,0.7347914539914566,0.2840564426540981,0.3023371299232222,0.43083095035628094
822,17,X,X,D,1,0.7281339515070839,0.3270987606327251,0.2949709793960461,0.4206347679938822
822,18,X,X,D,1,0.7292279576252158,0.33652331586680745,0.27478052830251126,0.4156019078328625
822,19,X,X,D,1,0.6743438658968044,0.32775505593814347,0.30116804222455473,0.411872818185758
823,0,X,X,D,0,0.38376052244502606,0.55688064830639,0.7490149192519483,0.3430643092513497
823,1,Y,X,F,1,0.3677484003241721,0.5448210383258649,0.7460665572391418,0.35390579446931947
823,2,Y,X,F,0,0.36320892421679374,0.5317682696703613,0.7350939412800698,0.3303498691753899
823,3,Y,X,F,0,0.35892295148495085,0.52091297085317,0.6798182366822022,0.29200185404127676
823,4,Y,X,F,0,0.4015333217466988,0.5259658107250144,0.678831777900215,0.2714633154541044
823,5,Y,X,F,0,0.42180593322097465,0.5321362456022493,0.7103642977187694,0.25
823,6,Y,X,F,1,0.42748360489157533,0.5658476459257822,0.7257076530654045,0.2837111873061972
823,7,Y,X,F,0,0.43870711401885715,0.5171227349817833,0.7458433429315391,0.3016696053282126
823,8,Y,Y,J,1,0.46427240718717433,0.4945492493350149,0.7143550158787878,0.3049829268815974
823,9,Y,Y,J,1,0.42156122467279633,0.5361528412284666,0.7045376616256462,0.2704256105497435
823,10,Y,Y,J,0,0.4085499806489712,0.516070954380503,0.7065581199137847,0.25
823,11,Y,X,F,1,0.39765680364758105,0.4992872431234042,0.6733646857253417,0.2767859483177893
823,12,Y,Y,J,0,0.40712828153708575,0.46797718169560665,0.6883754222608945,0.2726972373539901
823,13,Y,X,F,1,0.4424590783718357,0.4547165901464897,0.7017251123681194,0.26511172302742697
823,14,X,Y,J,1,0.4130026472146787,0.465885092251184,0.7165068090483349,0.25
823,15,X,X,F,1,0.42869070454690467,0.459773412699538,0.7301875385133982,0.25
823,16,X,X,F,0,0.42977976632680387,0.4682518763152333,0.7494308816571443,0.26081556410932266
823,17,X,X,F,0,0.43064818575882785,0.4681930099517347,0.75,0.2647222526640694
823,18,X,X,F,0,0.43013341764360086,0.4897689842996256,0.75,0.25551246850693066
823,19,X,X,F,1,0.42170742200231487,0.4828863525353929,0.7311947133277518,0.25
824,0,X,Y,J,0,0.6147811967275509,0.5347363306846641,0.6555272996947878,0.37731221502426365
824,1,Y,X,D,1,0.5754237011723123,0.5711857818466615,0.6813395047170854,0.3604049772295367
824,2,X,X,D,1,0.5670802305280762,0.5705794674334094,0.667326483871056,0.3211156773193436
824,3,X,X,D,1,0.5912612444822849,0.610545782058411,0.6728816966202611,0.31241231250476614
824,4,X,X,D,1,0.5574505435346127,0.6063926100061086,0.7225235440449657,0.2951081018198712
824,5,X,X,D,1,0.5716391606555823,0.6289483162801442,0.7269145637940956,0.29078645596493796
824,6,X,Y,J,1,0.5760040921833665,0.6334323380683541,0.7347495940093322,0.29954146060618864
824,7,X,Y,J,1,0.608351544331997,0.6608595961109947,0.7332632323676489,0.2571047531405122
824,8,X,X,D,1,0.6157195170843538,0.6637715926180608,0.747783199855351,0.25441358304660106
824,9,X,Y,J,1,0.6061985514717475,0.642936464573926,0.75,0.25
824,10,X,X,D,1,0.6064314150223459,0.6622899936764336,0.75,0.2581528420630969
824,11,X,X,D,1,0.593329035320588,0.7018534454685649,0.7183264804721794,0.26234011180066763
824,12,X,X,D,0,0.5723301435342452,0.6887094194205782,0.7152506247913414,0.25
824,13,X,Y,J,1,0.5896736263326415,0.6896668622947741,0.7103024432394462,0.25
824,14,X,Y,J,0,0.5624481270290635,0.6715449656701736,0.7097760052326101,0.259717422827671
824,15,X,X,D,1,0.577114360678631,0.7258767901437517,0.7212135679636504,0.2690110296982877
824,16,X,Y,J,1,0.6061361374018253,0.75,0.7155755305117294,0.2656335162169113
824,17,X,X,D,0,0.6237035808780322,0.7269531915133247,0.6818006174722363,0.26777700958768497
824,18,X,Y,J,1,0.6324251389383239,0.708949603865488,0.6577448019893091,0.2540723010383228
824,19,X,X,D,1,0.6139606587327554,0.7232237630292618,0.6628837685232747,0.25
825,0,X,Y,J,1,0.5106875635898578,0.36935357024483545,0.5456328889311277,0.3161559061342434
825,1,Y,Y,J,0,0.5275236771373886,0.41262305465796956,0.5072446953952954,0.31478682618863274
825,2,X,Y,J,1,0.5327046175358657,0.40658289564385275,0.487564712506381,0.30537775746393936
825,3,X,X,D,1,0.5505040189699721,0.42609665985148865,0.4989563992014066,0.2631286985043121
825,4,X,X,D,1,0.5131626364462316,0.39600661021199085,0.5353407530828249,0.25
825,5,X,X,D,0,0.5044287857969492,0.4144562408412239,0.5229815583061377,0.2545358165995031
825,6,X,Y,J,0,0.46794248380656095,0.44169777626135787,0.5322111785593964,0.2952195845803595
825,7,X,X,D,0,0.4655593374763084,0.3995015155197306,0.5301533087241685,0.2980499946453476
825,8,X,X,D,1,0.44066785409533815,0.4013053977626585,0.5172917969023094,0.313344177878375
825,9,X,X,D,0,0.43103269916261433,0.41570092342657283,0.5178191141748063,0.27592040765483095
825,10,X,X,D,1,0.45922428459190734,0.39715356064280555,0.5421028494605838,0.25
825,11,X,Y,J,1,0.43781538925670893,0.4176143289358748,0.5622557992171056,0.25
825,12,X,X,D,0,0.4281029985952792,0.3898913386023933,0.5541156795755966,0.25
825,13,X,X,D,1,0.42120596082620393,0.4108801747477859,0.5497300753620805,0.25
825,14,X,Y,J,1,0.45434223598612583,0.3792250219626917,0.54033024443338,0.2878652515144279
825,15,X,X,D,1,0.4575048201711376,0.36576603721848255,0.5586634094554922,0.2969991269864204
825,16,X,X,D,1,0.41368818262290735,0.3996093251705894,0.6045705419610159,0.29495602460396925
825,17,X,X,D,1,0.414420302974125,0.39536323044818295,0.591636926428166,0.3189379399707852
825,18,X,X,D,0,0.45113708706388816,0.3706394349333829,0.6095069127597906,0.3323428242915932
825,19,X,X,D,0,0.4309248355997848,0.3714087241672989,0.6240058982115548,0.3891871877663174
826,0,X,Y,J,1,0.6190184870435771,0.2501256317563758,0.38161263950070223,0.369652487386434
826,1,Y,Y,J,0,0.6163906806734848,0.25,0.42245168686579604,0.32962233493918236
826,2,X,Y,J,0,0.6581716468993586,0.25,0.43256198560648806,0.34954422951069536
826,3,X,X,D,1,0.6271869615611203,0.3138829884081841,0.42201906133615175,0.32452304911087015
826,4,X,X,D,0,0.6169097776422646,0.33302826551694786,0.44114994386063017,0.30715867237409683
826,5,X,X,D,1,0.6017505750282344,0.3027995678651211,0.45485968114523234,0.2936263158185639
826,6,X,X,D,1,0.6134474368002762,0.3157634623851137,0.458891574435721,0.2709846878062379
826,7,X,Y,J,1,0.6371796831849741,0.2919769761183696,0.4729320726102512,0.25938885493718183
826,8,X,X,D,1,0.6328237630699747,0.3145010360558679,0.44635712170118,0.25
826,9,X,X,D,1,0.6000845974952048,0.32147809264300264,0.4814776124057909,0.26183252706628574
826,10,X,Y,J,1,0.5775815493740845,0.3338051291136362,0.47856223301048506,0.30786518069783786
826,11,X,Y,J,1,0.5459941319438644,0.3373365802743893,0.4561403352513119,0.29260755750320366
826,12,X,X,D,0,0.4835011137302454,0.3303107062098251,0.4646139661792692,0.30558215724816046
826,13,X,X,D,1,0.4765708446132891,0.3270962902791652,0.4667178390110058,0.3321792300724739
826,14,X,Y,J,1,0.45170801537636157,0.35182161626206104,0.4373619638947094,0.3269006729978245
826,15,X,X,D,1,0.4730963638334189,0.36368458643069657,0.44279794559535945,0.3476268095951516
826,16,X,X,D,1,0.4470886429571766,0.3300557326870093,0.4024530704555774,0.34383515554775024
826,17,X,X,D,0,0.4484558870562809,0.34447522210824727,0.39329584350976776,0.3169522724975403
826,18,X,Y,J,0,0.4331676098896599,0.3758711024133108,0.4160365606673415,0.26943818550036996
826,19,X,X,D,0,0.40390894688234935,0.35911815115540807,0.4156176448474872,0.2822780428657212
827,0,X,X,D,1,0.5835194664156609,0.5169959710890017,0.42617286989572273,0.27756818493168783
827,1,Y,Y,J,0,0.559227294912311,0.5528347117056263,0.4020452364302419,0.2693448099155598
827,2,X,X,D,0,0.5723313872264469,0.5989930906472635,0.4016024168272452,0.27130789961260293
827,3,X,X,D,0,0.6039059688771198,0.6287273615492469,0.4088384327910827,0.2874999268063439
827,4,X,Y,J,0,0.6172810475327623,0.6257488013738535,0.44353298330545926,0.301019431439378
827,5,X,X,D,1,0.6194715933544951,0.6108991293923377,0.44728610190987655,0.2944915170334711
827,6,X,X,D,0,0.601044310001615,0.5986836939256832,0.5033826998009051,0.2867865952081119
827,7,X,X,D,1,0.6536709596533681,0.6386446503186607,0.49471044401601527,0.27693817597916437
827,8,X,Y,J,0,0.6501425732357057,0.6113299675902704,0.4783293893505318,0.25
827,9,X,X,D,0,0.6514764712086387,0.6070178491699239,0.4934325450412768,0.25
827,10,X,Y,J,0,0.6707727332084782,0.5936609689068877,0.5070937615118671,0.25
827,11,X,X,D,1,0.7034235583360617,0.6127082254268363,0.4774977466028397,0.2639762431066534
827,12,X,Y,J,1,0.7301266038445628,0.5656589484710058,0.46835637147130965,0.25
827,13,X,Y,J,0,0.7036389787047596,0.5883188279362496,0.4432594319270448,0.2583690668739054
827,14,X,X,D,1,0.7097256349796288,0.5802967076079388,0.4618017523741597,0.25
827,15,X,Y,J,1,0.6828756919489453,0.5591805629707747,0.49319719998321176,0.25
827,16,X,X,D,1,0.6905949225507821,0.572927372284369,0.5279719565227856,0.25
827,17,X,Y,J,0,0.7347434312353771,0.5757151309562591,0.5361677566979626,0.25
827,18,X,X,D,1,0.7273186275270909,0.6027957041040356,0.5689473827252296,0.25545186386534
827,19,X,X,D,1,0.75,0.6264073531573902,0.5519984786123414,0.25
828,0,X,Y,J,0,0.2846752768024841,0.6425921021587206,0.33487259095336724,0.4115820893422311
828,1,Y,Y,J,0,0.2974592603550994,0.6464952499806579,0.3188628615398307,0.4073686249104238
828,2,X,Y,J,1,0.29959650405140037,0.7001057314100944,0.3377741660129,0.4665987048828698
828,3,X,X,D,0,0.25942578821390405,0.7045835913853575,0.3724340450788854,0.5036576627229463
828,4,X,X,D,0,0.25,0.7125537717593179,0.339338769541836,0.4894756377682077
828,5,X,Y,J,0,0.2686219688005501,0.7399041350200053,0.29504127040047623,0.48288380547109183
828,6,X,X,D,1,0.25,0.7143887975016029,0.32164817519897493,0.49949397792219347
828,7,X,Y,J,0,0.3053584456748421,0.75,0.2980866860076945,0.45934543390053933
828,8,X,Y,J,0,0.3211087162149558,0.75,0.3131257484833752,0.4779907409200944
828,9,X,X,D,1,0.3281469161283395,0.75,0.3121204889213995,0.46418392709593026
828,10,X,X,D,0,0.31816953313189966,0.7201452497401769,0.27706654129018105,0.44978520436448954
828,11,X,X,D,1,0.2973411474570146,0.7481432790329257,0.25500380224637426,0.4907489036363542
828,12,X,X,D,1,0.3221945475252058,0.6921768363212414,0.25,0.4512026479228702
828,13,X,Y,J,1,0.34936401878727597,0.6906672692696945,0.25,0.4043545377917973
828,14,X,X,D,0,0.3220825011041908,0.6871135925206383,0.2801021580806617,0.3834806975855628
828,15,X,X,D,1,0.32804564766650174,0.6738620671506081,0.25,0.3683271944657556
828,16,X,Y,J,0,0.30905599054577937,0.7146906594373266,0.28216465594912216,0.3770616150753476
828,17,X,X,D,0,0.3135841303042034,0.75,0.27517793730819134,0.35258547278424446
828,18,X,Y,J,0,0.3089809363816913,0.75,0.29744378038847047,0.39514414391776076
828,19,X,X,D,0,0.29109341981688946,0.75,0.3219602872132615,0.3904439574249328
829,0,X,X,D,0,0.5002873466587445,0.552738915474653,0.5370763881704412,0.5662642993872752
829,1,Y,X,F,1,0.5214734723586719,0.5626619888756271,0.5245938302610856,0.5568716732680431
829,2,Y,Y,J,1,0.5299259562377636,0.5728432026448887,0.5328157510191829,0.5765689532580547
829,3,Y,X,F,1,0.5172445709006017,0.6262935552797341,0.5474925480514662,0.5798654799896242
829,4,Y,Y,J,0,0.5438146360248175,0.6143948372600445,0.5313912197307206,0.6016996504690565
829,5,X,X,F,1,0.5015042336318104,0.589493413491704,0.5340603210044771,0.5944961512856056
829,6,X,X,F,1,0.5024731277849732,0.6273647181703104,0.5242141703925054,0.5906026849446215
829,7,X,X,F,1,0.5443080027261664,0.5989410059535394,0.5142480992646047,0.6199926676440962
829,8,X,X,F,1,0.5177860202028678,0.5610962780995423,0.4966707764370056,0.590991640523227
829,9,X,Y,J,0,0.5246866082678137,0.5441118239131211,0.511760385373037,0.5773222978859244
829,10,X,X,F,1,0.4645448022107908,0.5219506367027205,0.48911760997459364,0.5804532700667101
829,11,X,X,F,0,0.46977581076842373,0.5115550919056695,0.4048666846614848,0.6405194474690525
829,12,X,X,F,0,0.453898726759597,0.5430292596677558,0.39274865415143356,0.6175735177594137
829,13,X,X,F,0,0.4641531962095856,0.48678673812691753,0.40229396427643477,0.6542426242640265
829,14,X,X,F,0,0.44666613653876297,0.4551479038545457,0.363562546226907,0.631357616723249
829,15,X,Y,J,0,0.4501404418166248,0.4171881574686397,0.41404145674167697,0.6563972350688915
829,16,X,X,F,1,0.4528414149527669,0.4030732453391487,0.3770023930591954,0.655104590657813
829,17,X,X,F,0,0.4710615877753539,0.42086810501031896,0.36856771514689235,0.6987670022590562
829,18,X,X,F,1,0.5111366935950792,0.42991322097864976,0.3736714524747521,0.6984054393560064
829,19,X,X,F,1,0.5121020424999018,0.43053661306190016,0.3724087251987593,0.6742996767486082
830,0,X,X,D,1,0.6370531982344136,0.3096682439285367,0.5890926394334872,0.40079028239769393
830,1,Y,Y,J,0,0.6602569313915122,0.3151079628069065,0.5680509521031397,0.38790191621897885
830,2,X,X,D,1,0.6659497651321121,0.3252135394863022,0.5789598740217018,0.37489617186413876
830,3,X,X,D,1,0.6737326027883526,0.36458345481860277,0.5688088785237904,0.33536805494161315
830,4,X,X,D,0,0.6907624678743697,0.3689719653160856,0.5387477408413945,0.34836478765117895
830,5,X,Y,J,1,0.6697441642445485,0.3894959525157917,0.5466906091921211,0.3494215513112246
830,6,X,Y,J,1,0.617422251857005,0.3898429992023841,0.5752057522552384,0.3461647529291381
830,7,X,X,D,0,0.5856876391351056,0.40786442517084437,0.5726784841242227,0.34847449928682395
830,8,X,X,D,0,0.5334024215022298,0.4414468311459301,0.5398958669306829,0.3487969088228956
830,9,X,X,D,0,0.5176483787913498,0.44794749744733675,0.5271119195495516,0.3592080350545792
830,10,X,X,D,0,0.5008898615878369,0.4491362484800886,0.45644048660618497,0.3607773130557729
830,11,X,X,D,0,0.4906362949188629,0.4419168680448792,0.44644505878231205,0.3629024747080725
830,12,X,X,D,0,0.5335845203620062,0.4506545585310219,0.41680494912392235,0.3633684122104241
830,13,X,X,D,1,0.5028424747255177,0.4614821029409924,0.45829354720109394,0.37398503244624076
830,14,X,Y,J,0,0.5623198637470989,0.4763467203661731,0.4681163292456202,0.3763653080339019
830,15,X,X,D,1,0.5412880769730131,0.5004603819000548,0.4593542445340505,0.3861034400403663
830,16,X,X,D,1,0.5682509423175964,0.5048506443524875,0.44783755903178524,0.3729511770520966
830,17,X,X,D,0,0.5617338927850213,0.517532091905797,0.4452263684683794,0.3939483426030633
830,18,X,X,D,1,0.5302766728360012,0.5347755934043215,0.44564423929768415,0.4312330167625635
830,19,X,X,D,1,0.5208235005807589,0.5525393845635469,0.43809065243605944,0.4351493082381334
831,0,X,Y,J,1,0.3913517492986528,0.2645805925372355,0.5368844754767512,0.5492899357930983
831,1,Y,Y,J,1,0.4204791576990883,0.26061050102947875,0.5226198739132195,0.5587536685772159
831,2,X,X,D,1,0.39144164465358067,0.25,0.5165570695337696,0.5678221493032013
831,3,X,X,D,0,0.43508533875644,0.2519501477147931,0.4985913665351384,0.5678410597830281
831,4,X,X,D,0,0.4257610706727171,0.2654591897867117,0.47074461905357123,0.5258568534599142
831,5,X,X,D,1,0.4770437851838077,0.2568847769418687,0.47783835631572547,0.5036060661115626
831,6,X,Y,J,0,0.4761852087825517,0.25,0.41255602511984263,0.4711216337202153
831,7,X,X,D,1,0.4279799669050696,0.25398708639113643,0.3948677358958239,0.42829290353840893
831,8,X,X,D,0,0.43978390679598034,0.3143892113845487,0.40631854232889486,0.40838416061576177
831,9,X,X,D,1,0.4382965424305709,0.31347267256166317,0.381548466087185,0.3849725217784765
831,10,X,X,D,0,0.46732599756697635,0.28956229643673365,0.3868435325067474,0.37207788726500474
831,11,X,X,D,1,0.4620366995323742,0.2725110054919815,0.397750702802071,0.40683773567172105
831,12,X,X,D,1,0.4898410964561019,0.295089128196969,0.4047153044272014,0.3790135606839132
831,13,X,X,D,1,0.49798427139578877,0.2955072584948555,0.41617900625302673,0.3748279853912129
831,14,X,Y,J,0,0.46407902028389925,0.29650619876730067,0.4155644609352879,0.4056605836266827
831,15,X,X,D,0,0.5046453049271576,0.2948593296738955,0.4128300136335203,0.3620856606471137
831,16,X,X,D,1,0.4815987103439015,0.30574109296360313,0.45038525603551355,0.3692478635522325
831,17,X,Y,J,1,0.5057340895013133,0.29849061336237726,0.4841552410220275,0.38761174774485907
831,18,X,Y,J,0,0.48453499394257926,0.30321207770923203,0.47855695916156943,0.4060215077943675
831,19,X,X,D,0,0.4440091441075197,0.30954340811857123,0.4788688873169113,0.37144029605388795
832,0,X,X,D,1,0.5060641914387985,0.3982144720270346,0.6276914922852997,0.36377474970007084
832,1,Y,Y,J,1,0.5185865466017405,0.42243775965789787,0.6112108990426363,0.3387275931508582
832,2,X,X,D,0,0.49707171921403615,0.3953005390282653,0.6198902113507626,0.33720801331952566
832,3,X,X,D,1,0.47300967282468753,0.4168682843450931,0.6106884954496361,0.38831373933477453
832,4,X,X,D,0,0.4360160408404971,0.4207406148939361,0.6385097617181852,0.39500552978079645
832,5,X,X,D,1,0.4226505305037891,0.4054744570291364,0.6642379672680407,0.3932955186696067
832,6,X,X,D,0,0.4157803775029136,0.4155896771114383,0.6849724474678762,0.3804893444223222
832,7,X,Y,J,1,0.4323689190515923,0.40078529556180176,0.6711044814007722,0.3859888021427035
832,8,X,X,D,0,0.4033293060328306,0.387304240335308,0.7160651021164333,0.3808177253393165
832,9,X,X,D,0,0.44025093378805447,0.3885864216161509,0.703055861220481,0.3300091733528718
832,10,X,Y,J,0,0.4521222407807053,0.36733195557315135,0.7398363645084143,0.3528591027914983
832,11,X,X,D,1,0.46440035472257374,0.37795785538117815,0.7249778549602063,0.4079236200435959
832,12,X,X,D,0,0.43913014286421936,0.39186057346214315,0.75,0.39233268379818387
832,13,X,X,D,0,0.44606315779733624,0.3846805339345125,0.7351585239451882,0.36279463815522073
832,14,X,X,D,0,0.4064988039052704,0.3462735519994018,0.722514852998382,0.33425781775862295
832,15,X,Y,J,1,0.40271559556133435,0.3416728944421635,0.7383117442118059,0.3385251799281976
832,16,X,X,D,0,0.40743579760514825,0.37053260956394635,0.75,0.30320684119127517
832,17,X,Y,J,1,0.42866067325423796,0.3095335285932054,0.75,0.3048626212469874
832,18,X,X,D,1,0.4609734855800616,0.2693593586330859,0.7296827644182181,0.2777049017462679
832,19,X,Y,J,1,0.4444472839679821,0.25,0.7296323283905877,0.27779099637581517
833,0,X,X,D,1,0.5033077573414899,0.42997106963085785,0.4244636232947884,0.30318404047638214
833,1,Y,X,D,0,0.5121933975134653,0.4074734165407494,0.40771221957373005,0.3214909145630571
833,2,X,X,D,1,0.4979210295383111,0.4258506646459318,0.39989075434800847,0.3375621020589824
833,3,X,Y,J,1,0.5172252444625072,0.39617245315068056,0.3852992506302687,0.3326435644898241
833,4,X,X,D,0,0.5381480817186833,0.43248936744792627,0.37083891797227586,0.3015719500865574
833,5,X,X,D,1,0.5309415376008985,0.46162405843850207,0.3137605108783219,0.30049431904491036
833,6,X,X,D,1,0.5800500699114287,0.4425642598143675,0.32235760516697753,0.28527726777606627
833,7,X,Y,J,0,0.6079544348063535,0.4348795819008059,0.3152781122916869,0.25
833,8,X,X,D,1,0.630263069226334,0.4193173844326298,0.32168847022880903,0.26471731621489997
833,9,X,Y,J,0,0.6523860921546558,0.4519603356356219,0.27620999445319877,0.27163268893938247
833,10,X,X,D,1,0.6169670916703308,0.45223790576160766,0.2551379698624715,0.25
833,11,X,X,D,1,0.6142131263502288,0.46136986186445417,0.25,0.25
833,12,X,Y,J,0,0.590014057275221,0.4874128573240312,0.25,0.271366697154781
833,13,X,Y,J,0,0.5981623350609018,0.4962306463894133,0.25,0.2688896080503724
833,14,X,X,D,1,0.5667336411210353,0.4980680068514821,0.25,0.25770238657529165
833,15,X,Y,J,0,0.5423240634967544,0.5574964187209718,0.2702987262091069,0.2799120360682218
833,16,X,Y,J,0,0.5167481750956792,0.548290574827149,0.25393346418077534,0.32248525002001116
833,17,X,X,D,1,0.5500752894630714,0.5558392657153166,0.2660460812794887,0.30193875551616434
833,18,X,X,D,0,0.5568788132940514,0.5446109901746767,0.28423992888576155,0.279742326983876
833,19,X,X,D,1,0.5672533990293771,0.5300331923146067,0.26791342138341356,0.32583364966088485
834,0,X,X,D,0,0.26203769194502274,0.7133934540398781,0.5452051567131992,0.49028747293404007
834,1,Y,Y,J,1,0.25,0.7226268090796764,0.562911317926247,0.4899989859311772
834,2,Y,X,D,1,0.25,0.675033170496571,0.5732209803577559,0.44240014779441933
834,3,Y,Y,J,1,0.271500706917414,0.6912586961536715,0.5221714470374694,0.43533200499218794
834,4,Y,X,D,0,0.30901285114994453,0.7072732527861695,0.503838890799706,0.37704842787194737
834,5,Y,X,D,0,0.282245880959333,0.736832796460785,0.5039186961504601,0.352467773442665
834,6,Y,Y,J,0,0.28897994219542744,0.7484778321499875,0.5050868980778994,0.3442669878538585
834,7,Y,X,D,0,0.26690680256496424,0.75,0.5305564233242988,0.3261421870348408
834,8,Y,Y,J,0,0.3122789913819479,0.75,0.524795458804619,0.33976846282782797
834,9,Y,Y,J,1,0.2757585955565171,0.7245255113720361,0.5044034812324119,0.3292221906477708
834,10,Y,Y,J,1,0.30027196397481765,0.75,0.4789437438044963,0.3406474946337486
834,11,Y,Y,J,1,0.3177262044391583,0.75,0.4872409452476106,0.3407168892222308
834,12,Y,Y,J,1,0.32427233489632773,0.75,0.4889613285775745,0.31114843183806284
834,13,Y,Y,J,0,0.29721398209971545,0.7363058546880288,0.48892264377892786,0.3250068401973234
834,14,Y,X,D,1,0.30811002595992065,0.7032235679319644,0.5010469834263911,0.3763497193930002
834,15,Y,Y,J,0,0.2986124861902421,0.679076420738814,0.4894823053036706,0.3936100551989168
834,16,Y,X,D,0,0.28405917496819505,0.7030130528379682,0.5507072095302561,0.41843012088987697
834,17,Y,Y,J,0,0.27749159003457685,0.6921935369892578,0.5590865747099539,0.4282008227477567
834,18,Y,Y,J,0,0.29999492952207774,0.6852627169352471,0.5325644103335267,0.4683056835480386
834,19,Y,Y,J,0,0.25,0.67663057782014,0.5261555989257206,0.48400352423813886
835,0,X,X,D,1,0.3718074668319294,0.551445337573301,0.6220098282759957,0.38887860559647613
835,1,Y,X,D,0,0.38637040732274086,0.5802302560237824,0.6204276638782861,0.4167932652453362
835,2,X,X,D,1,0.36840913111801793,0.5918113240025503,0.5903320680188034,0.433769924789602
835,3,X,X,D,0,0.3487631882244329,0.5927698353798206,0.6224146588254436,0.4351029120827783
835,4,X,Y,J,1,0.3268899336019192,0.6221049033580717,0.6280576081337633,0.4077382780185036
835,5,X,Y,J,1,0.33268351242202787,0.6446907161703309,0.6388758305101596,0.41103242730250666
835,6,X,X,D,0,0.3324332399777218,0.6391324841436241,0.67312508188419,0.4017166806447438
835,7,X,X,D,0,0.3756888017773816,0.5970072508853254,0.6701762753441344,0.39737771801653204
835,8,X,X,D,0,0.3528726012841377,0.6014094613908464,0.6036086456620273,0.48845138870901145
835,9,X,X,D,0,0.3623205252551907,0.5628224838224516,0.567392379660332,0.4714891282550713
835,10,X,X,D,1,0.3583421855431008,0.5473927325526003,0.5292912260884212,0.5131148137127318
835,11,X,X,D,0,0.34711239357769663,0.5588963948195713,0.5184289694403932,0.5057918807345487
835,12,X,X,D,0,0.317144286433383,0.5580384028005366,0.5666125922884627,0.5218756771922156
835,13,X,X,D,0,0.319537043463808,0.5722705648326094,0.5602940553565751,0.5048887302139019
835,14,X,Y,J,0,0.3330821831501845,0.567900970179669,0.5784148291940319,0.47178631446270514
835,15,X,Y,J,0,0.34302497390652176,0.585840635162308,0.5789122623020015,0.45486068914991423
835,16,X,X,D,0,0.32702144957532187,0.5534282216095807,0.6041988900947646,0.46312302993280935
835,17,X,X,D,0,0.3449246907703764,0.5362025481556336,0.6297851011849306,0.4544354033600664
835,18,X,X,D,0,0.31266797602308094,0.5513634697952473,0.5930843482102683,0.42738215797341716
835,19,X,X,D,0,0.37103534875152816,0.5788770273765281,0.5714857825460613,0.461716365869442
836,0,X,X,D,0,0.5741168456091715,0.4159158915763596,0.31640700442927316,0.2959336029306766
836,1,Y,Y,J,1,0.5633094266846659,0.4131881051998713,0.28884192481996096,0.2935372496087885
836,2,Y,X,D,1,0.5764822160760494,0.3983277244044349,0.25,0.32213102773293495
836,3,Y,Y,J,1,0.5844753225945224,0.4169973851926063,0.25,0.3477315002984024
836,4,Y,Y,J,0,0.5767936884402164,0.4698166136151149,0.25,0.3880382289811563
836,5,Y,Y,J,0,0.5666219746188296,0.45048425317438145,0.25,0.41694679553564606
836,6,Y,Y,J,1,0.5460528470851267,0.43322937922839566,0.25,0.4103569882706954
836,7,Y,Y,J,0,0.617300537349206,0.3825068064633707,0.25,0.3890638214708395
836,8,Y,X,D,1,0.6014107526053256,0.37488197762498615,0.27017385287080603,0.4031512774852573
836,9,Y,Y,J,0,0.58640142540908,0.4053254438226204,0.2786866420779912,0.4406922930808826
836,10,Y,X,D,1,0.562854566511484,0.4313201106179966,0.2625147326159356,0.3808640759672334
836,11,Y,Y,J,1,0.570156173275441,0.4549552882610272,0.25,0.44724658756742536
836,12,Y,Y,J,0,0.5634184069660072,0.420907307654826,0.25003744591749316,0.4764122379294007
836,13,Y,X,D,0,0.5549903536926015,0.425119461096169,0.25,0.4507892170081963
836,14,Y,Y,J,0,0.544901415488364,0.4407425732148238,0.25,0.498062635421203
836,15,Y,Y,J,0,0.4975535493142442,0.4259823501536474,0.25,0.46859479415133976
836,16,Y,X,D,0,0.48718193563736206,0.4250100085776278,0.25,0.4523006424901428
836,17,Y,X,D,0,0.4448773336981495,0.396604827432201,0.28939896290230477,0.4448642895821498
836,18,Y,X,D,0,0.4576905009828218,0.407835705919788,0.29284467773309814,0.39062657830717207
836,19,Y,X,D,1,0.4505278143081817,0.36378836934826797,0.3130339333962001,0.37958405981777954
837,0,X,Y,J,0,0.47425112272186315,0.2536020269191131,0.3463671233281086,0.5953687530608145
837,1,Y,Y,J,0,0.5229751895283349,0.2724631473008552,0.31823294864801077,0.6080422669420184
837,2,X,X,D,1,0.5521912430509663,0.26348100001381086,0.3626280011923283,0.5931180474060953
837,3,X,X,D,1,0.571353338860891,0.26175350550152865,0.3805986497724712,0.6017259544020647
837,4,X,Y,J,0,0.6040758989779401,0.26115335816253,0.419689137001805,0.670447307420333
837,5,X,X,D,0,0.6215784825432045,0.25,0.3735729714291349,0.6971392245463712
837,6,X,X,D,0,0.6394321201148937,0.25,0.39129723296892527,0.6471041111767858
837,7,X,X,D,1,0.679236082073228,0.25,0.38907826827815895,0.6517515598774343
837,8,X,X,D,1,0.6698497819112146,0.26451548366474326,0.37117423987908893,0.6568295499939178
837,9,X,X,D,0,0.6970860552296018,0.2706715941665389,0.33441094294139423,0.6559911184273403
837,10,X,X,D,1,0.7080823942909462,0.2756684810499451,0.3330457082546476,0.6286700887214376
837,11,X,X,D,1,0.7148829966415213,0.3167941955403248,0.31953889466923147,0.5738927363448441
837,12,X,Y,J,0,0.7057379504518371,0.33431012731194515,0.29562061513950594,0.5475166406686081
837,13,X,X,D,1,0.6984028391818724,0.3237760308163701,0.28772877684095455,0.4750834271389263
837,14,X,X,D,1,0.7142885411318767,0.3265723075634428,0.3018430221135321,0.4715426863023105
837,15,X,X,D,1,0.6899047032649817,0.3291707853326075,0.3233936280237225,0.46671384953268635
837,16,X,X,D,1,0.6587294338572931,0.32274145776766816,0.2955800701178831,0.4461429587129688
837,17,X,Y,J,1,0.6437699384270921,0.2829237533562076,0.3164295039436268,0.47048173880525906
837,18,X,Y,J,0,0.638630800045174,0.25,0.29431580074568137,0.465539486715657
837,19,X,X,D,1,0.6305702461410091,0.25,0.28000010390824615,0.5009965205168205
838,0,X,Y,J,0,0.45312997657546744,0.4813581377268266,0.6590341497760335,0.5063284578244303
838,1,Y,Y,J,1,0.4901713718037391,0.49725027066548894,0.6109538259410787,0.48105698973299643
838,2,Y,Y,J,1,0.506777531807785,0.4568889973564214,0.6474796560507787,0.4742126546620802
838,3,Y,Y,J,1,0.5173789369099459,0.41410801475184045,0.645139839840731,0.466633654730574
838,4,Y,Y,J,1,0.5243633991705575,0.4000326025893113,0.6623050993312202,0.46484713140432865
838,5,Y,X,D,0,0.5001669141687446,0.36579614580270225,0.6729469836172827,0.4546714212361861
838,6,Y,Y,J,0,0.5077732158184802,0.36122576962815534,0.6235189624025895,0.4279400684046969
838,7,Y,X,D,1,0.5443390880553731,0.38966786295989664,0.5878399319035537,0.4132369926701469
838,8,Y,Y,J,1,0.528765357295005,0.4276618320435901,0.5889373845560938,0.4209617960478047
838,9,Y,Y,J,1,0.5304220056590054,0.45102898183797047,0.6361512796713371,0.42630658049878317
838,10,Y,Y,J,1,0.5069342451915223,0.4663102819042594,0.6738085542099777,0.3959210578238909
838,11,Y,Y,J,1,0.47044677146962716,0.4909323569465149,0.6807010007599109,0.41630118596615934
838,12,Y,X,D,1,0.46679393493553073,0.4986066875540735,0.6746973698731685,0.4076671904470247
838,13,Y,Y,J,1,0.4577637596243815,0.4717028114626573,0.7192705829088031,0.4199827455942069
838,14,Y,Y,J,1,0.4290401396021566,0.4558573169904754,0.7123778678960564,0.4253236752065666
838,15,Y,X,D,1,0.41309213283640434,0.47338131527450406,0.6835984771251734,0.40486990957213054
838,16,Y,Y,J,1,0.43931737051273956,0.4739333198752424,0.6820988098654381,0.38404577915632887
838,17,Y,X,D,1,0.4258448413466893,0.47063403321914843,0.6619960272933735,0.38599309694680317
838,18,Y,Y,J,1,0.4423253827668736,0.44614266440775946,0.6471387494580377,0.3985693726231537
838,19,Y,Y,J,1,0.43209083052413894,0.42384017884501557,0.7164784530342043,0.3963527227001007
839,0,X,X,D,1,0.38033563438241763,0.7315264496664425,0.6603253085416139,0.2974830546911958
839,1,Y,Y,J,1,0.43384170666786614,0.75,0.6638113608858219,0.3059461636124086
839,2,X,X,D,0,0.4005666431153033,0.7389462924478154,0.6574037359180436,0.32630316384657665
839,3,X,X,D,0,0.3775530298013163,0.7073036670748581,0.6391554653194983,0.3636738674492871
839,4,X,Y,J,0,0.3602784674559551,0.679966250331162,0.6034773443931035,0.3774980494836392
839,5,X,Y,J,1,0.37518235952238027,0.6961654417339808,0.5750517282206713,0.41031272219629644
839,6,X,Y,J,0,0.4124897207721936,0.709340469024174,0.5624040477015579,0.39902144336414136
839,7,X,Y,J,1,0.4197303602253107,0.6791779235217901,0.5596068716485074,0.4021312093061111
839,8,X,Y,J,1,0.40486561369368307,0.7050927981081158,0.5582258618150195,0.3550747085129727
839,9,X,Y,J,1,0.4086136503031007,0.7282738475088514,0.5677540504931005,0.41001778548581697
839,10,X,Y,J,1,0.36965759786689634,0.7228786549846914,0.609109910237754,0.4142536036285902
839,11,X,X,D,1,0.3853269065701814,0.7427061805846559,0.6167856006323507,0.4101331467536265
839,12,X,Y,J,1,0.42627931170898203,0.7470547820575941,0.5825478882884724,0.4228216931240667
839,13,X,Y,J,0,0.43630535931267833,0.75,0.5718738108770639,0.4599162831514007
839,14,X,X,D,0,0.3871504126563261,0.7148120910473494,0.5045816698381549,0.4515958529412615
839,15,X,Y,J,0,0.3904668220915095,0.7167357037543557,0.5031551315485695,0.4263412762046039
839,16,X,Y,J,0,0.34659511253525654,0.703309183246307,0.4809640764829334,0.4212262240841687
839,17,X,Y,J,0,0.3525518715287382,0.7317904789685912,0.46201417839530806,0.4149648638572905
839,18,X,X,D,1,0.3744767342653407,0.75,0.47084166092705043,0.4287330801896355
839,19,X,X,D,1,0.36834692294557325,0.7294335973026754,0.46509042222011693,0.39034868996750693
840,0,X,Y,J,1,0.49322915423009966,0.4060478165983372,0.6552746696545995,0.6003843562378599
840,1,Y,X,D,1,0.4616362148630473,0.4364778393774402,0.6385208591151706,0.6079143625422431
840,2,X,X,D,0,0.4866625867824487,0.44705321116463237,0.627566982464546,0.5821589413051841
840,3,X,X,D,0,0.4713143068756159,0.45948469410719583,0.61366344720398,0.5807410983821529
840,4,Y,Y,J,0,0.45309090915515254,0.4746558520378196,0.5967540084335206,0.6111986428320983
840,5,X,X,D,1,0.43706364343356324,0.4419503719092287,0.5733039455868675,0.6165779787802619
840,6,X,X,D,1,0.43062444643008624,0.45116105782665,0.5565954531384826,0.6162574843766584
840,7,X,X,D,1,0.4570945026814596,0.46248818023870025,0.5395346605547738,0.6604434093776281
840,8,X,Y,J,1,0.42580606125921777,0.4601844957816108,0.5391513466836424,0.6713449151430563
840,9,X,Y,J,1,0.3713630050274463,0.4641685922821081,0.5618523632951834,0.6546772597548755
840,10,X,Y,J,1,0.3553302471933597,0.4521883809471028,0.5774444721918635,0.6797210577873284
840,11,X,X,D,0,0.3901616789194642,0.4698417204517551,0.5553969763561126,0.689706203881476
840,12,X,X,D,1,0.37650179975220793,0.4929493920672278,0.548735379251396,0.6853467650809582
840,13,X,X,D,0,0.3653411644518477,0.48947790501337757,0.567873088179596,0.7000535488435566
840,14,X,X,D,0,0.3518500884035035,0.4955611342611135,0.5385845295777323,0.6824558535526097
840,15,X,Y,J,0,0.378684151073643,0.4761699646619171,0.5273610537226502,0.7223912511635302
840,16,X,X,D,0,0.3866227874119778,0.4696821237712377,0.512742415656088,0.7081813641254123
840,17,X,X,D,1,0.3741658474696497,0.48740223227115065,0.5319718351886955,0.7170088903498711
840,18,X,Y,J,0,0.3555658936239371,0.42542756538608906,0.5404435385742558,0.6992599720875688
840,19,X,X,D,1,0.34867162692962583,0.43814948160676837,0.5147332602919841,0.6705872763431007
841,0,X,X,D,1,0.5070075205619404,0.6130308751670142,0.4329037988370852,0.42382770683479354
841,1,Y,Y,J,1,0.5484207902134141,0.5827641705972102,0.4235110410409458,0.4224119617100211
841,2,X,X,D,0,0.5271866625289447,0.5749641706057284,0.4201108939449922,0.45507795180747873
841,3,X,X,D,1,0.5107103161528697,0.5158752959077916,0.4371636423815458,0.41383307403618147
841,4,X,X,D,0,0.5354013073575051,0.528054140282136,0.46626170865742883,0.40683532206041634
841,5,X,Y,J,1,0.5124204923787631,0.5479523379357923,0.5101742670702918,0.38501877929722683
841,6,X,Y,J,0,0.5315053791495924,0.5832238461458172,0.5184311811106778,0.3968420359322052
841,7,X,Y,J,1,0.5289310430790313,0.5782433930041884,0.49305352323983415,0.4016569535719173
841,8,X,X,D,1,0.5159867357784824,0.6080859812428223,0.4705567415255041,0.43451267840483215
841,9,X,X,D,0,0.5118954927848793,0.6124959041481828,0.4657668308523991,0.4339508054624966
841,10,X,X,D,1,0.5292906712950932,0.5857128975484948,0.4492741584966377,0.43273824951972023
841,11,X,Y,J,0,0.5311196220993443,0.5971896909244327,0.4660040400256368,0.4351337208886162
841,12,X,X,D,1,0.5381047866266474,0.6106676694082103,0.48836418184868996,0.4311678611310459
841,13,X,X,D,0,0.5349185076873799,0.6074855595640433,0.46369921599342534,0.43116659146472125
841,14,X,Y,J,1,0.5222413470476867,0.6195616039780815,0.4707008514949474,0.40995946558917457
841,15,X,X,D,0,0.5081098184882157,0.6204861299660415,0.4105311246892358,0.39632943051940195
841,16,X,X,D,0,0.5041954189059572,0.6083109240794715,0.4086973856815941,0.4380908004399345
841,17,X,X,D,0,0.5147345490802849,0.6181109562368794,0.39338342380923497,0.4287629711721367
841,18,X,Y,J,1,0.5702642420484889,0.6598240236027506,0.4393011609587991,0.4509454543754704
841,19,X,Y,J,1,0.5437245004467884,0.6449715215709384,0.4515972914434404,0.441785018598859
842,0,X,Y,J,1,0.29765964390804633,0.35341279464328407,0.4382725401033648,0.6516742998316806
842,1,Y,Y,J,1,0.25940464270538016,0.3743097588168442,0.41050837586001826,0.6640034265579139
842,2,X,X,D,0,0.25,0.37929412683241076,0.38881144591840733,0.6577851552203
842,3,X,X,D,0,0.25,0.3749934541338458,0.4094423244836642,0.6590757725919214
842,4,Y,Y,J,1,0.2837253091696466,0.3885822812923466,0.39521463970224946,0.6850914615179545
842,5,X,X,D,0,0.2856809509574787,0.3692755751447808,0.40576816020925555,0.726957416111044
842,6,X,X,D,1,0.2763550820380747,0.3600368693435391,0.413303130841803,0.75
842,7,X,Y,J,1,0.2736131242525413,0.4200449836311998,0.41802548969458886,0.7320669015633927
842,8,X,X,D,0,0.26618811744217485,0.38976135224539576,0.4500630031300782,0.75
842,9,X,Y,J,0,0.3035598601720312,0.36132897195120806,0.45587802201174715,0.7324826484906898
842,10,X,X,D,1,0.28349802126546675,0.3626924238633285,0.4101927747316053,0.7226619811793605
842,11,X,X,D,0,0.3410026578912791,0.350848914868298,0.43873131251933106,0.6864893667927489
842,12,X,X,D,0,0.34704412406531454,0.4070599266004268,0.4501421290485539,0.6697707956307973
842,13,X,X,D,1,0.36599780302930685,0.33940650027203695,0.5044855094039342,0.6558308888461716
842,14,X,X,D,0,0.3415547566398639,0.3249643465631314,0.5244217770967209,0.6411890080370429
842,15,X,X,D,0,0.3061511356269825,0.3593461984587434,0.5003635510789453,0.6580736650219735
842,16,X,X,D,0,0.26299863614703145,0.3349669772869387,0.516139888907299,0.6538078188651275
842,17,X,Y,J,1,0.25,0.35563944856989604,0.5240992800989625,0.6464630652655536
842,18,X,Y,J,0,0.28286760239446984,0.38735949395079433,0.5235813774574338,0.6408136650858746
842,19,X,X,D,0,0.2661346350944785,0.3890794860271305,0.5372389251642032,0.6502331252405774
843,0,X,X,D,1,0.614997578148671,0.3692730508742776,0.5156004217850051,0.34493286364332654
843,1,Y,Y,J,0,0.6220606426027837,0.38878677084565716,0.543295991542253,0.3462172540296934
843,2,X,X,D,1,0.6688146169627125,0.41509268738880234,0.5015915069486758,0.3738677991490922
843,3,X,X,D,0,0.6903713504587704,0.42689524727659334,0.5079421990828885,0.3687344931158106
843,4,X,X,D,0,0.7445336911595406,0.4311909248930404,0.5488707233533373,0.3761021805031148
843,5,X,X,D,1,0.75,0.4437287749448702,0.5345049151998287,0.3706680460143462
843,6,X,Y,J,0,0.75,0.46596485300711,0.5205844028733997,0.37683632880399565
843,7,X,Y,J,0,0.7313821504270284,0.44885125784821067,0.5664860558327358,0.37014495669127895
843,8,X,X,D,1,0.7415513922808387,0.4519043655149562,0.5792405600492079,0.388412625216656
843,9,X,X,D,1,0.734195457001791,0.44102126313728074,0.5832987399519326,0.3404663623863704
843,10,X,X,D,1,0.7335794082884899,0.45002564149124175,0.5457518163540369,0.3599698722932206
843,11,X,Y,J,1,0.743238472942892,0.5035356539757561,0.5656526393971506,0.3244913620740875
843,12,X,X,D,1,0.6963105792308693,0.48276050274895377,0.5659175324611555,0.30316033141576965
843,13,X,Y,J,0,0.695173831479479,0.48620760901201804,0.5274052707487068,0.32829484017484195
843,14,X,X,D,1,0.6868876949810955,0.44715252270709593,0.5300045020666938,0.3515753120418331
843,15,X,X,D,1,0.6701589556523244,0.4670216501176278,0.5453252690206605,0.3590859147772333
843,16,X,Y,J,0,0.7194647507836859,0.4302585181045216,0.5901478318627646,0.36181097891994574
843,17,X,X,D,0,0.7038389953777532,0.4186698747409503,0.6216428710972888,0.37351113206232733
843,18,X,X,D,0,0.7138990660675023,0.4295827050884184,0.655004826856734,0.32066048921019147
843,19,X,Y,J,0,0.7058525773322826,0.46018494574365054,0.6314215825660975,0.3294513839238385
844,0,X,X,D,0,0.7108368950678038,0.7489316775349346,0.4791816613074331,0.7133241902735283
844,1,Y,Y,J,1,0.7055125633547319,0.7396511185036245,0.505558389134405,0.6804750838866941
844,2,Y,X,D,1,0.6608457833705983,0.734219486613532,0.5103210854306597,0.686731480881763
844,3,Y,Y,J,1,0.6714286688182289,0.7151387252478258,0.48063401774924697,0.7023108416819728
844,4,Y,Y,J,0,0.6737602712515077,0.6701412501143347,0.48175158626457915,0.6915897703397763
844,5,Y,X,D,1,0.6818693790656625,0.6983893671613101,0.46197230781110343,0.6973581012146146
844,6,Y,X,D,0,0.6687216274136081,0.7143783759625726,0.4878143561044793,0.7063981138732061
844,7,Y,X,D,0,0.6589933277539372,0.7149542315983098,0.5000588142546836,0.7234899225838674
844,8,Y,Y,J,0,0.6236927642829759,0.7142233688001098,0.5290288246277295,0.715068689595332
844,9,Y,X,D,1,0.5559522365568763,0.7165904705143088,0.4495786111957655,0.7410869933666618
844,10,Y,Y,J,1,0.56966389335455,0.6930246388736304,0.4359181746058214,0.7404213065538178
844,11,Y,Y,J,0,0.5501551296320226,0.6857557224444908,0.4802533067095211,0.75
844,12,Y,Y,J,0,0.5884151713026735,0.7297226647836377,0.5050130481204552,0.7379850757200092
844,13,Y,Y,J,0,0.5900656253231725,0.7156050705277605,0.5277953669832247,0.737102344859585
844,14,Y,Y,J,1,0.6325265456297444,0.75,0.5010973913008655,0.7056536743960748
844,15,Y,X,D,1,0.6519420488703085,0.7409699119158282,0.5212726996204944,0.6975896158703414
844,16,Y,Y,J,0,0.6625904667139844,0.7171683612454017,0.5656096218959632,0.6811827001606634
844,17,Y,Y,J,1,0.6166551275537008,0.7231900502465906,0.5876579719286318,0.6557119936478605
844,18,Y,X,D,1,0.6114555057497729,0.736910310582609,0.5848569129975881,0.6640468393235825
844,19,Y,Y,J,0,0.6366292522954855,0.6886737687348545,0.5570094430671844,0.6518467694698802
845,0,X,X,D,0,0.41620473531993424,0.34788317781815586,0.7125887843411024,0.7043080613802568
845,1,Y,X,F,0,0.4329453156660291,0.3363972818525693,0.6833243998619382,0.7155814559684324
845,2,X,X,D,0,0.42204182555242403,0.3189724256068924,0.7021236407239256,0.7280454547034472
845,3,X,Y,J,1,0.47757478496241407,0.2906805846733052,0.7230755430752231,0.7274448437627534
845,4,Y,Y,J,1,0.4527953314980075,0.31408031359992833,0.6837390908094055,0.7454463074935196
845,5,X,X,D,1,0.46472867388530426,0.3277871718406203,0.674461108675086,0.75
845,6,X,Y,J,1,0.4765470119320826,0.3142104479027628,0.6086644799806786,0.7362295917389833
845,7,X,Y,J,0,0.47260274240098754,0.31501888354960184,0.6006853546573885,0.75
845,8,X,X,D,1,0.48565541026529846,0.2969848886933471,0.6015570556718212,0.7292358507882679
845,9,X,X,D,0,0.5006823437005271,0.28144677489519687,0.6430316927144274,0.7358326735929677
845,10,X,X,D,1,0.4832438204775146,0.3107591050084337,0.6005496252012263,0.7418419113135524
845,11,X,Y,J,1,0.5147452979426074,0.35817965597035717,0.5839286468460018,0.731609584527844
845,12,X,X,D,1,0.4999687698742826,0.36043789489932415,0.5765038013676972,0.7151054011678045
845,13,X,Y,J,1,0.5006333460337961,0.3670832302400294,0.5769844656151271,0.7194574446161967
845,14,X,Y,J,1,0.5462543186381841,0.39505542314157827,0.6074512954626816,0.7149616177567234
845,15,X,Y,J,1,0.5226642252124142,0.3590445517589097,0.6332499733519794,0.7316248355763534
845,16,X,X,D,1,0.46861869317269406,0.36046518469847866,0.613960752745319,0.75
845,17,X,X,D,0,0.46026422024097446,0.3784416715256839,0.6009734782546559,0.7498078371116559
845,18,X,Y,J,1,0.43422971590855813,0.39454952559077805,0.593940762389061,0.75
845,19,X,Y,J,1,0.4425542270539212,0.3951289096768294,0.5684271875248363,0.75
846,0,X,X,D,0,0.5731390833900426,0.7085208005636905,0.32170675369811075,0.45801193273287466
846,1,Y,Y,J,1,0.5336088449810525,0.674585383309296,0.3242126791694707,0.4388042503567396
846,2,Y,Y,J,0,0.4960723658756265,0.6789807604892051,0.31978290568093914,0.39128839254635955
846,3,Y,X,D,0,0.49365075101385153,0.6680122035874556,0.31440848441236197,0.40873499972516736
846,4,Y,Y,J,0,0.519420673282091,0.6268500846046667,0.3065847698832686,0.4061950006130816
846,5,Y,Y,J,1,0.5215588976109735,0.6573639071208429,0.2892601306378245,0.3683595860862404
846,6,Y,Y,J,0,0.5314295481212012,0.6692334147235456,0.3047864785477696,0.3195842073913776
846,7,Y,X,D,0,0.5358418210233676,0.6737011882018684,0.34602824097749035,0.32900842498383476
846,8,Y,Y,J,0,0.538948975087249,0.7155301257067995,0.35722547942740224,0.3059534048489204
846,9,Y,Y,J,0,0.5315493395455153,0.7287077627562116,0.34430593723292174,0.30940683026217086
846,10,Y,Y,J,0,0.5090435572964349,0.75,0.3146057154435083,0.3369853814315433
846,11,Y,Y,J,0,0.5222897988253808,0.740779660588193,0.30540687188288157,0.3397478829357734
846,12,Y,Y,J,0,0.5596386287262509,0.7049781363198757,0.32255011829672936,0.315974224697647
846,13,Y,X,D,1,0.5515950228980233,0.7180264926331626,0.3128783533807246,0.2819756236368242
846,14,Y,Y,J,1,0.5805867112231641,0.7257563357502662,0.3601039517150002,0.2874905838641396
846,15,Y,Y,J,1,0.599047086198065,0.7374102356047171,0.3819064054720723,0.2783895399312333
846,16,Y,X,D,1,0.6033159961316631,0.7239757054760791,0.388571666276052,0.25
846,17,Y,Y,J,1,0.606146063659293,0.729407141660557,0.3633563080532092,0.2701299170258953
846,18,Y,X,D,1,0.5738785975566957,0.7413095808424263,0.37071788773186254,0.27482664287877984
846,19,Y,Y,J,1,0.55448206934537,0.75,0.3874669988145232,0.26680645718731777
847,0,X,X,D,0,0.3461322700536473,0.6970196176392527,0.3558438438891795,0.2605173310074615
847,1,Y,Y,J,1,0.3553399456829188,0.6830319904879426,0.4188886202122671,0.25
847,2,Y,Y,J,0,0.3260778519979112,0.7237312706895109,0.4272208412419477,0.25
847,3,Y,X,D,1,0.3449167295324387,0.7222459788754981,0.41827243855352936,0.28009297039441206
847,4,Y,Y,J,1,0.3664450022176576,0.7036585272890077,0.42618048701708844,0.30389149544877087
847,5,Y,X,D,1,0.39770603478947014,0.7165767743293233,0.41547499190235615,0.2893045831095061
847,6,Y,Y,J,0,0.3984834042848308,0.7312156048629963,0.4291589663028284,0.29262060451816624
847,7,Y,Y,J,0,0.44137097983149653,0.7036475589102555,0.4049238451833698,0.308127203016554
847,8,Y,Y,J,1,0.41382483152380145,0.7053940563993817,0.36633129131086606,0.3250382583062047
847,9,Y,Y,J,0,0.3975829123978887,0.6804758454477776,0.3647574784588665,0.3211103123641221
847,10,Y,Y,J,0,0.3826315547222508,0.651940678617088,0.35851902134089936,0.33853667081876104
847,11,Y,Y,J,0,0.37577052108849623,0.6261307532358279,0.3810326530122199,0.3228647560023098
847,12,Y,X,D,1,0.3893233379853135,0.6857487444905033,0.38910500895587796,0.34199990759561205
847,13,Y,Y,J,0,0.37645993854985366,0.6864956126147013,0.383832398544114,0.324573466615079
847,14,Y,Y,J,0,0.4103163304433047,0.7149373054703391,0.3209036460537331,0.29907539625313023
847,15,Y,Y,J,1,0.4076390600259032,0.7068477984108943,0.3257230013917322,0.28835909091784767
847,16,Y,Y,J,1,0.43952177759326816,0.6689976616894908,0.2986229588871164,0.30697781256803336
847,17,Y,X,D,0,0.4322376695793517,0.6660943348579305,0.2800564201777775,0.30384660415675296
847,18,Y,Y,J,0,0.42635725009389713,0.6458409633497045,0.28282729224184,0.25754168124149746
847,19,Y,Y,J,0,0.39732676832293634,0.691188037407462,0.25,0.25
848,0,X,X,D,1,0.3481160136430255,0.4017427093848065,0.2862455610871528,0.5427935358500084
848,1,Y,Y,J,0,0.32346943253639016,0.37163555123707404,0.26207257483472096,0.5045869717992498
848,2,X,X,D,0,0.32583425561950285,0.33821603298965425,0.27704740074427275,0.5355914806552136
848,3,X,X,D,0,0.2930184849531138,0.35566394040984317,0.25,0.512472277536343
848,4,X,Y,J,1,0.30905591139146893,0.36485267270051636,0.2527223515997213,0.5164640827181538
848,5,X,X,D,1,0.35397262334503243,0.40042979379559296,0.25,0.5688295102092044
848,6,X,X,D,1,0.33780956943285556,0.43064038312153413,0.25,0.582230132275054
848,7,X,X,D,1,0.32793746892834147,0.4157492592396916,0.25,0.5729626026431144
848,8,X,X,D,1,0.3386708402897271,0.4295974424150972,0.27408489831865235,0.5683881196532684
848,9,X,X,D,1,0.3380189861269033,0.43758505142646775,0.3122983093983619,0.5352612464555137
848,10,X,Y,J,0,0.3300174058574677,0.40034215432490444,0.2727886919898184,0.5863560897869889
848,11,X,Y,J,1,0.32380706709764856,0.4259767045122563,0.29521073712877555,0.5713150211823927
848,12,X,Y,J,0,0.31383131470219944,0.4552919244438063,0.3106617953937031,0.5332830494862577
848,13,X,Y,J,0,0.30474871353827626,0.4521201721452562,0.3145686318018331,0.5409422079783363
848,14,X,Y,J,1,0.2939087281983588,0.46192476137519506,0.291767268270033,0.5172535060807189
848,15,X,X,D,0,0.2600340769723719,0.4479446813185278,0.2785514404049481,0.5343243069762541
848,16,X,X,D,0,0.25,0.44883317557537544,0.31824428544310357,0.5534710228863197
848,17,X,X,D,0,0.2530880121824191,0.46725181751406275,0.30622468820318294,0.5513901523282488
848,18,X,X,D,0,0.25,0.47425325452765116,0.3226979569297769,0.5532407869191323
848,19,X,X,D,0,0.25,0.46681012720655213,0.3319508458071168,0.5612994004611785
849,0,X,X,D,1,0.4826118813691529,0.4081403793970501,0.29861085426147027,0.5462418906964623
849,1,Y,X,D,1,0.48299991258440655,0.33414882308639093,0.3022746700892549,0.5169592602523392
849,2,X,X,D,0,0.48615027596913013,0.37132721378310335,0.3216568652672733,0.5205060456677437
849,3,X,X,D,0,0.48487075431957644,0.30710686295820255,0.3382591193480112,0.48836569713878014
849,4,Y,Y,J,0,0.49977245490680466,0.3536271953076581,0.3370241693263031,0.5099431718096948
849,5,X,X,D,0,0.5475439121611723,0.2976772045027641,0.31344423568030516,0.5415645875441691
849,6,X,X,D,1,0.49487642624198364,0.25659678429971966,0.2847486891352026,0.5334005219332224
849,7,X,X,D,0,0.4766204119282533,0.28048323189552077,0.29043987973282226,0.5295686456257865
849,8,X,Y,J,0,0.47763451057957984,0.25336806526615485,0.321138036599211,0.5248930597203958
849,9,X,Y,J,0,0.4840246311217926,0.25,0.30000944628348325,0.5024057744184294
849,10,X,X,D,0,0.42766429510330867,0.27951786644981436,0.3326255741115183,0.45336809612051243
849,11,X,X,D,0,0.41367757683474593,0.2929443525592503,0.32810936342509944,0.4277421276445969
849,12,X,X,D,0,0.4322493517268208,0.3294258018602263,0.3662788700181155,0.439137069310408
849,13,X,Y,J,1,0.4393830390653068,0.33783843436612593,0.35511592574637585,0.4708073138902158
849,14,X,X,D,1,0.4083657171857289,0.33885222229635853,0.32953160154841776,0.5102068322389383
849,15,X,Y,J,0,0.40616928913921,0.32540778465623077,0.3036520663327335,0.5083832649706542
849,16,X,X,D,1,0.38220803017406146,0.2751367111020754,0.3286661022396895,0.4964501490642923
849,17,X,X,D,0,0.389653759384959,0.25,0.32558578517408154,0.517987048182986
849,18,X,Y,J,1,0.404360475364691,0.2845389761513278,0.33392938467370503,0.4977380861929922
849,19,X,X,D,0,0.39564108623337074,0.26910905823298675,0.32802947532517746,0.5061950589733981
850,0,X,X,D,0,0.5180729645071993,0.6075058401128979,0.5083290536519887,0.3078572655353026
850,1,Y,X,F,1,0.48848305736894027,0.6003302957097976,0.5303784156878524,0.2572360657560955
850,2,Y,X,F,1,0.499173980622618,0.5807430987236579,0.5302045281918808,0.25
850,3,Y,Y,J,1,0.5119604266782268,0.5644960539373757,0.5303829476924692,0.25
850,4,Y,Y,J,0,0.5013196846099651,0.5548079721972133,0.5233370212115283,0.2706025362330114
850,5,X,X,F,0,0.5459252011053084,0.5477523379336031,0.5166462278954982,0.26396017380172243
850,6,X,Y,J,1,0.5526257567005884,0.5641704720803307,0.48118833649320186,0.28524040544282553
850,7,X,X,F,0,0.5193999342786062,0.5139240265053295,0.4656788175544464,0.25
850,8,X,Y,J,1,0.5371625391699958,0.5221755993180746,0.5072359247404887,0.2558228676679412
850,9,X,X,F,0,0.5236419246087514,0.49956233265656735,0.5278571211484281,0.25
850,10,X,X,F,0,0.5731015724152279,0.49748984606712315,0.5143914634295822,0.2760435373552614
850,11,X,X,F,1,0.5460083922315729,0.5238163943678497,0.5064310361338944,0.2799687778295741
850,12,X,X,F,1,0.5356760887384672,0.5556738969179995,0.5370606123193596,0.29848450903170426
850,13,X,X,F,1,0.49078875670359035,0.5657174705095203,0.5076643071695263,0.3144287063899453
850,14,X,X,F,1,0.4877575220745158,0.5522351307674125,0.47995917181981057,0.2967845009909368
850,15,X,X,F,0,0.4705125231173321,0.5364048871743454,0.45912199099685647,0.3017046951550904
850,16,X,Y,J,0,0.46998798111819057,0.5186612762655178,0.4380839338632014,0.30218339762879926
850,17,X,Y,J,0,0.5221593723136754,0.49948815876762154,0.38888383549416716,0.3728284080596524
850,18,X,X,F,1,0.5040855089679365,0.505103034347011,0.3476305120139994,0.3929253618689318
850,19,X,Y,J,1,0.5172372793927271,0.487910697418041,0.3329581296068109,0.3823169157311232
851,0,X,X,D,0,0.25127328378422875,0.2658435136148696,0.46106251607040594,0.7210959599504165
851,1,Y,Y,J,0,0.25,0.25944609829039805,0.5132648309721322,0.7027053057566751
851,2,X,Y,J,1,0.25,0.30159235295215026,0.5003462890415027,0.7157781224405948
851,3,X,X,D,0,0.2688774615914392,0.26004527857541815,0.45564584133007296,0.7100725999116825
851,4,X,X,D,1,0.26283349125216254,0.25,0.43890746512537193,0.7378135288616244
851,5,X,X,D,0,0.2881854980162467,0.25,0.4616310279304419,0.6961334206023776
851,6,X,Y,J,0,0.35322803784309537,0.25,0.4786338172251387,0.685701858282073
851,7,X,X,D,0,0.39871697442461357,0.25,0.4998189864381218,0.7166529812391165
851,8,X,X,D,0,0.37332511301236687,0.25,0.49884767117184564,0.729257405120481
851,9,X,X,D,0,0.3892899943540491,0.2545310047810487,0.5462924539466761,0.710008715630487
851,10,X,X,D,0,0.37439661545874275,0.25,0.5511681541421628,0.7393342876663199
851,11,X,Y,J,0,0.3769028927682771,0.25,0.5944585019217802,0.7432728737525098
851,12,X,X,D,1,0.39492913120575884,0.25,0.5756482239623222,0.75
851,13,X,X,D,0,0.35895876432976054,0.27705789557855987,0.5743336160611261,0.75
851,14,X,X,D,1,0.40643798794554575,0.2729918720662699,0.5985441063779309,0.7357035254840638
851,15,X,X,D,0,0.37016224818340826,0.25223392642938053,0.576807553939889,0.75
851,16,X,Y,J,1,0.3876836250882719,0.25,0.5830520117095848,0.7003763621547957
851,17,X,X,D,1,0.38528812295368253,0.25,0.5899845846898595,0.6540225049053241
851,18,X,Y,J,1,0.38190621351123366,0.25,0.59581392862984,0.6685872664313729
851,19,X,X,D,1,0.37018499429043455,0.26375923610816554,0.6121406900645814,0.6992336686007834
852,0,X,Y,J,0,0.5697542405523839,0.3130322473263526,0.2883775475323103,0.36986306223886956
852,1,Y,Y,J,0,0.5629932042154219,0.3241538326446788,0.26485152490264835,0.36168501172168
852,2,X,X,D,1,0.5953290816473518,0.33575579128251,0.25,0.3711788021133975
852,3,X,X,D,0,0.5759737668848429,0.35061389356902745,0.25,0.39497251559389457
852,4,X,X,D,0,0.5468500443720862,0.2839324866890727,0.25,0.40262090029684394
852,5,X,Y,J,0,0.5860011944829597,0.3212730249914192,0.2622897118928236,0.43690610541935454
852,6,X,Y,J,0,0.5610245497142601,0.2762220060374261,0.29497618524867125,0.4368296804292728
852,7,X,X,D,0,0.556145697735524,0.3025497157729321,0.2520364026217934,0.40205364019056694
852,8,X,X,D,0,0.5663181477465923,0.3319721860091851,0.25,0.4628650008991376
852,9,X,X,D,0,0.5327341197190647,0.3263570813697923,0.25,0.46243023306906295
852,10,X,X,D,1,0.4957383563898449,0.31970715920669557,0.25,0.43481346519449177
852,11,X,X,D,1,0.5193104141735582,0.2789924208595701,0.25,0.44715763731192937
852,12,X,X,D,0,0.516968683191482,0.2867053657775372,0.25,0.46288621238889127
852,13,X,X,D,1,0.5247844373846774,0.27232260722729806,0.26658625416489845,0.44795102060238673
852,14,X,X,D,1,0.5092466461890802,0.25856239323941255,0.2724979377053611,0.4230965279353825
852,15,X,Y,J,0,0.5379785702521718,0.2887137810745377,0.25,0.418781138598699
852,16,X,Y,J,1,0.5288737101899246,0.33741232944962685,0.25,0.41431059319877933
852,17,X,X,D,1,0.571604596358217,0.3711194733591911,0.255794537961186,0.41403920259548144
852,18,X,X,D,0,0.6047201563647974,0.35879405273668113,0.25,0.40798713460936203
852,19,X,Y,J,0,0.624499912610168,0.37857804680707613,0.2508098778791411,0.4091434184624925
853,0,X,Y,J,0,0.3519720064743434,0.30259091314864833,0.6723620448668259,0.7197308056381466
853,1,Y,Y,J,1,0.3829443310204357,0.29054100530574206,0.6516869370742987,0.7235568087310907
853,2,Y,X,D,1,0.40890931812170295,0.3587987777676728,0.6319822948410583,0.75
853,3,Y,Y,J,1,0.42440839203079245,0.3450646430474898,0.645358604331059,0.75
853,4,Y,Y,J,1,0.3949507692774689,0.3909740979556672,0.6917944616496299,0.75
853,5,Y,Y,J,0,0.39333821038185174,0.38824162979248295,0.7128544527017511,0.75
853,6,Y,Y,J,0,0.410438373275901,0.3996602262394512,0.726241390214184,0.75
853,7,Y,X,D,1,0.4479304817967432,0.3916605062181498,0.7281893651872273,0.7180223621449777
853,8,Y,Y,J,0,0.4598466427670641,0.3908477559941469,0.6753096955398379,0.7224698381978997
853,9,Y,Y,J,1,0.49303958907828577,0.3936244940030062,0.6843501654466924,0.6782990698831697
853,10,Y,X,D,0,0.49428822814959006,0.38652094913468266,0.6577634028312522,0.6493608916780835
853,11,Y,Y,J,1,0.5406330865277847,0.4355059685363229,0.6534415479283184,0.6463227681134104
853,12,Y,Y,J,0,0.5123721509614081,0.41592606275702826,0.6156509761663005,0.6531300952712573
853,13,Y,Y,J,0,0.5065430410216754,0.403133677973321,0.6060437576479385,0.6474913800808729
853,14,Y,X,D,0,0.5471128364060205,0.3821121676244574,0.5862618549761922,0.6525871820409443
853,15,Y,Y,J,1,0.5127680906690356,0.39648489386908375,0.5865706428375866,0.6461770017294169
853,16,Y,X,D,1,0.46125840653657313,0.4597078713435949,0.5835577385377598,0.6480698820288212
853,17,Y,X,D,1,0.4325936731359991,0.4632282905039673,0.5866659405222857,0.617907732162075
853,18,Y,Y,J,0,0.46712705835555335,0.44152371165307275,0.5704233247118631,0.6184031347555107
853,19,Y,Y,J,0,0.4754980830648523,0.4473264138805786,0.5494970600956803,0.5880456231797532
854,0,X,X,D,1,0.6533773489705875,0.5483644032298612,0.6567949521882998,0.46170410086546737
854,1,Y,Y,J,0,0.5822510552960956,0.5523303044369072,0.6200695891732821,0.45993781339330875
854,2,X,X,D,0,0.606621035932338,0.5378178005501444,0.6192233734920652,0.4845860787746908
854,3,X,X,D,1,0.5799704529411275,0.5316009719304945,0.594863870547625,0.5056966493786322
854,4,X,X,D,1,0.5535845855688208,0.5499080962460476,0.5947535693286572,0.5264499767495795
854,5,X,X,D,0,0.5184462707100067,0.5596516652490717,0.5716754260940129,0.522820518940767
854,6,X,X,D,1,0.5679461513865003,0.6187219726378741,0.5795928269988428,0.5020655625508523
854,7,X,X,D,1,0.5671245809500169,0.6354965247284121,0.5329448724781852,0.5086612152347616
854,8,X,Y,J,0,0.5761637239411661,0.6382852540821278,0.542980295178085,0.4748939471993665
854,9,X,X,D,1,0.5267837329883613,0.6317812111426667,0.5636900697013746,0.5010729690126117
854,10,X,X,D,1,0.5342790356600653,0.6248771586992934,0.6141749856748256,0.5385292654356226
854,11,X,X,D,0,0.4820309406149301,0.6521604681258163,0.6014554307637704,0.5303218637956627
854,12,X,Y,J,0,0.5017620880344246,0.6289114498698972,0.6010544080600989,0.5409256779063221
854,13,X,X,D,0,0.47507664286919205,0.6217289444998915,0.5829589623297498,0.5786512207785405
854,14,X,Y,J,1,0.45940855928187735,0.6122705188418756,0.5608531925943576,0.5691188736122412
854,15,X,X,D,0,0.45044752694315743,0.5937868101566072,0.5279971316321674,0.5702275446076962
854,16,X,Y,J,1,0.4239616771905164,0.6202096982851176,0.5285119417845331,0.5251341793023627
854,17,X,X,D,0,0.43052783671126527,0.6130047628187358,0.5140170638061669,0.5003367304735586
854,18,X,X,D,1,0.40332376681968235,0.6306300201313753,0.5381461601425656,0.4578759593825088
854,19,X,X,D,0,0.3875639891985615,0.6523224088098294,0.5164465726144662,0.4718234478418484
855,0,X,X,D,0,0.4346873020712633,0.5953646066496061,0.27393427882434196,0.6639687855573283
855,1,Y,Y,J,0,0.4380052633735211,0.5733022138496752,0.26679310237700027,0.6465568478475024
855,2,X,Y,J,1,0.4434800790029169,0.5623424720396406,0.26267137470661817,0.6724065233744249
855,3,X,X,D,0,0.4325472343864484,0.5379457907118016,0.28074670691926507,0.684037243198355
855,4,X,X,D,0,0.44857421984522033,0.5273497911234224,0.30728615760992556,0.6948548429888081
855,5,X,X,D,0,0.43488741302116274,0.5293417239033718,0.320034129466526,0.7260051290588181
855,6,X,Y,J,0,0.49031875648709256,0.5498214291183979,0.28366053303023125,0.75
855,7,X,Y,J,0,0.5045930143165973,0.5478025629092965,0.3014733277408909,0.7135413278721544
855,8,X,X,D,1,0.5051874850586127,0.5450293634339747,0.25993955730587526,0.7016481587220548
855,9,X,X,D,1,0.5078802091630582,0.5243171256977671,0.29057504303160714,0.6948126902698091
855,10,X,X,D,0,0.49789620508953913,0.5443286345045626,0.28247280341075537,0.7391891655696312
855,11,X,X,D,0,0.49254177741773025,0.5287921962060664,0.3003919773618563,0.731254761769278
855,12,X,Y,J,0,0.5198007011235817,0.5132654165265311,0.2748135702510293,0.7174286329260573
855,13,X,X,D,0,0.5567308736676164,0.5703526441056663,0.2691130162378631,0.7047428903866874
855,14,X,Y,J,1,0.5615673925981379,0.5820697040988326,0.27475953840570083,0.7039165265860258
855,15,X,Y,J,0,0.555029456643703,0.585078966983492,0.32209610341733674,0.7186317975267846
855,16,X,Y,J,0,0.5303300373900327,0.5830370121401843,0.3083849757025969,0.7215562956433138
855,17,X,X,D,1,0.5107241113073188,0.6228451924743593,0.2996773151882411,0.7351616005090994
855,18,X,X,D,0,0.5530553585586454,0.5982422939700062,0.2938011061529257,0.7491731423186103
855,19,X,X,D,1,0.5301251232824906,0.6167868470691878,0.2820829642377241,0.75
856,0,X,X,D,1,0.49024099907146695,0.6935274241551415,0.7315052670659986,0.7062177071268231
856,1,Y,X,D,0,0.4881950299301695,0.7047899534002735,0.7229111469708608,0.7445296471577059
856,2,X,X,D,0,0.4627738181709783,0.6867421014271551,0.6749479583512064,0.75
856,3,Y,Y,J,1,0.49760331108656813,0.7031247199338604,0.6829795838351878,0.75
856,4,X,Y,J,1,0.5123405152822661,0.7415162761773193,0.6967361875601934,0.7424067942837946
856,5,X,X,D,1,0.5173926395401064,0.7328728368872469,0.70245684955634,0.7246625872524058
856,6,X,X,D,1,0.5731728691045417,0.75,0.7150387909138393,0.699331002405363
856,7,X,X,D,1,0.5554038741465377,0.7232552091257386,0.7258858991710535,0.65965874501354
856,8,X,X,D,1,0.5855016983909597,0.7491496982648546,0.7211127601865257,0.6750724800406287
856,9,X,X,D,1,0.5664067007562293,0.75,0.6635540230514291,0.6359941454489842
856,10,X,Y,J,0,0.5950053061519707,0.7456242322313266,0.6694396080831969,0.6450603977482536
856,11,X,X,D,1,0.5650149926740115,0.75,0.6919462202424018,0.635823999372636
856,12,X,X,D,0,0.5484343467235518,0.7410282270619186,0.7207688640627496,0.6840286797343194
856,13,X,Y,J,1,0.5515746428220298,0.7303820793534822,0.7235796816070942,0.6831158345533751
856,14,X,X,D,0,0.5337366879139103,0.6943201362051503,0.6884413603421934,0.6676353479723524
856,15,X,X,D,0,0.5478874213053913,0.7141295026899821,0.703045645922123,0.6813191737679384
856,16,X,Y,J,0,0.5555590818318504,0.6880134360443828,0.7226579160274998,0.6888863050253781
856,17,X,X,D,1,0.5607799909682666,0.6886795605435574,0.7172754126517144,0.7291397003927559
856,18,X,X,D,0,0.5098467249768499,0.6632467367146695,0.7125590738665454,0.7018327357127153
856,19,X,X,D,1,0.4949530343997052,0.635559837777448,0.7394715696205666,0.6809567868110197
857,0,X,X,D,0,0.39925717941962624,0.660475780942464,0.5301346171340591,0.66542141908578
857,1,Y,Y,J,1,0.40234310608036306,0.6701706859092248,0.5149406933832168,0.6525082669456295
857,2,Y,Y,J,0,0.3795319847589091,0.662046469190453,0.5451394573356161,0.6294966343173588
857,3,Y,X,D,0,0.4008973199089878,0.6578777575742741,0.5626184621282154,0.6299174973790992
857,4,Y,Y,J,1,0.4320247486152906,0.6711020659806036,0.5773609314647654,0.6228608838284835
857,5,Y,Y,J,0,0.4902943343355927,0.6772388424148104,0.5492851258690647,0.6123868498332807
857,6,Y,X,D,0,0.4378053779623576,0.6452341292722842,0.5026672008605211,0.6109733001841674
857,7,Y,Y,J,1,0.4464044355402536,0.6609146118761929,0.4653114319027169,0.6414844864236172
857,8,Y,Y,J,1,0.4348016787040651,0.6149371553035543,0.4898808658475265,0.6403949451952151
857,9,Y,Y,J,0,0.41194432343047055,0.6167402664048773,0.5296383895375006,0.6438760261020838
857,10,Y,X,D,0,0.41100734289175384,0.6198370994978382,0.5769218980165755,0.6653334279672939
857,11,Y,X,D,1,0.42077048954665885,0.6375147326068008,0.5194779965262025,0.6649848121791376
857,12,Y,Y,J,1,0.426355122033415,0.6108095882437085,0.518722141823109,0.6637766123960053
857,13,Y,Y,J,1,0.40213108272086545,0.6323714304803317,0.4872049390481781,0.668157498691954
857,14,Y,Y,J,0,0.3520175831420564,0.6410983319683556,0.5069175297869993,0.6490446434729487
857,15,Y,Y,J,0,0.34376644494084746,0.5946723218481055,0.49340685839827536,0.6708099237184678
857,16,Y,X,D,0,0.3506511682654001,0.5506087023885123,0.5093515905710274,0.6293172674253478
857,17,Y,Y,J,0,0.33168039783670955,0.5669940087831132,0.5000348177903577,0.599110574958242
857,18,Y,Y,J,1,0.3250243774594765,0.5226799392981788,0.5172234464596072,0.6049888176328673
857,19,Y,X,D,1,0.36848282386056697,0.5632989262094902,0.57260088617789,0.6056609608658181
858,0,X,X,D,1,0.7229938153383921,0.4753712121482543,0.3804726787647909,0.3010795288528052
858,1,Y,Y,J,0,0.7180136627095255,0.452855766576727,0.3594372129835862,0.262797911725553
858,2,X,X,D,1,0.7076448213775145,0.41735850908628813,0.3720297270476585,0.2899969630471958
858,3,X,X,D,0,0.7140186124771352,0.3897485253507876,0.37537573428391746,0.27717411311336837
858,4,X,X,D,0,0.7010339951682649,0.400755715186216,0.4029062274205652,0.2559845633835737
858,5,X,Y,J,0,0.6930629611595684,0.38324317390298535,0.3654252715008502,0.3622853660851096
858,6,X,X,D,1,0.7185378309505593,0.3675888896237671,0.34994307474442304,0.3978435953778542
858,7,X,Y,J,1,0.7239406683596236,0.3386837929722532,0.3775281313432387,0.391485746815954
858,8,X,X,D,1,0.75,0.2781279354750984,0.38014216012043356,0.34207324636563596
858,9,X,Y,J,0,0.7206254443981881,0.3072342420406472,0.35221976749804507,0.34421000493206183
858,10,X,X,D,1,0.6829214804822846,0.3230699210230059,0.3942999197042661,0.3413739509999523
858,11,X,X,D,1,0.7332103024527452,0.345068772978563,0.3732209925928878,0.34249081592050423
858,12,X,X,D,1,0.75,0.3386268250572112,0.3618519205684024,0.32640947026947564
858,13,X,Y,J,0,0.75,0.35350791550323496,0.401549285906894,0.32363080615177625
858,14,X,X,D,1,0.7409399453238332,0.35916001011244514,0.40581599187404616,0.25
858,15,X,X,D,0,0.7102738573025584,0.3308786679690631,0.3852865081758661,0.2625237258415556
858,16,X,X,D,1,0.6926378960650911,0.3347631640156772,0.3746214434125375,0.27908824757119743
858,17,X,X,D,0,0.6604025904321492,0.33966751018326574,0.36584551312498625,0.26939367681436305
858,18,X,X,D,0,0.6281771675810983,0.3505215924556529,0.3609044000338863,0.25
858,19,X,X,D,0,0.6408041975105326,0.3399030044275075,0.3661400771394159,0.25
859,0,X,X,D,1,0.601246978272014,0.5054525552434513,0.5888156548461689,0.3814839372816669
859,1,Y,X,D,0,0.5974131025233035,0.4673185972538672,0.616562425664029,0.3872292614441775
859,2,X,Y,J,0,0.5467947970732513,0.4762739927775111,0.5817797730287293,0.3901668053070498
859,3,X,Y,J,0,0.5363466560619528,0.44847305047430963,0.6056036845329468,0.41152817238820305
859,4,X,X,D,0,0.5496122263502193,0.4809304365200982,0.612875700363113,0.4181417487773506
859,5,X,Y,J,0,0.5503678500100492,0.46959414892617696,0.6433079467125146,0.3886804732631715
859,6,X,Y,J,1,0.5324993681541593,0.4604190338462842,0.650746999575745,0.3837540928234008
859,7,X,X,D,0,0.4980609789601494,0.44745212903738324,0.6463297723397945,0.3755195277176344
859,8,X,Y,J,0,0.5478339363262167,0.45812850356690177,0.647052314521284,0.3454418069207528
859,9,X,Y,J,0,0.5476355045948873,0.4393668798183685,0.6011638175147287,0.33886362268934206
859,10,X,X,D,1,0.5356866432542089,0.4199503393146526,0.6418721322297309,0.32115675320591225
859,11,X,X,D,1,0.5429209758796955,0.4091763421491651,0.628346580185527,0.3803215431065904
859,12,X,X,D,1,0.5340082927769197,0.4116633970871864,0.6201026151070707,0.356287375141078
859,13,X,X,D,1,0.5715314014312138,0.4195593291097113,0.6257497756484561,0.32048733328082
859,14,X,X,D,0,0.56986583872979,0.4169294576040451,0.6107690280224112,0.31827869472209613
859,15,X,Y,J,1,0.5474434416265997,0.42848427786332904,0.5722012623567883,0.31870768147695033
859,16,X,Y,J,0,0.5486489740159661,0.40106387645774366,0.6015954530178717,0.3334881114759702
859,17,X,X,D,1,0.6073057184641971,0.3906422378778922,0.5522964420639176,0.3410092417695806
859,18,X,X,D,1,0.6307502325196659,0.3974133348574686,0.5748083753653705,0.34535997807811575
859,19,X,X,D,1,0.6236040356803036,0.41497005163365974,0.5574278408394931,0.3309953227168304
860,0,X,X,D,1,0.5412713892396832,0.3241584877714707,0.6450849736444628,0.5509804998360394
860,1,Y,Y,J,0,0.5700714429729788,0.2895831655831272,0.6601613936834537,0.524128455216178
860,2,X,Y,J,0,0.5661915794264175,0.2894437476364613,0.6617593303471414,0.5236062523353954
860,3,X,X,D,1,0.5460656841209621,0.3344523740042463,0.6682573570859325,0.5214685765033757
860,4,X,X,D,0,0.54338263458395,0.3224289230880276,0.6338060917488219,0.5034352917891465
860,5,X,X,D,1,0.5624146570969151,0.28875513868242514,0.597074555342526,0.48184646456880936
860,6,X,X,D,0,0.5429452914758376,0.26896722197666345,0.6210164965424988,0.4656305789603681
860,7,X,X,D,0,0.53009480869614,0.28191980409658474,0.57144266649007,0.4499620893297128
860,8,X,Y,J,1,0.5737320242520474,0.2760540019471733,0.5759479457121298,0.4788177702771767
860,9,X,Y,J,1,0.5630915197748421,0.26382188587302513,0.5609330139563262,0.469468439538997
860,10,X,Y,J,0,0.5813987931774545,0.25,0.5814386350952545,0.47663676739284716
860,11,X,X,D,1,0.588378424068585,0.2589878106932913,0.5770531254871962,0.44885712645910764
860,12,X,Y,J,1,0.53656461462802,0.27337847503949414,0.5821712527334681,0.448189010895724
860,13,X,Y,J,0,0.5227726526802858,0.31121293644114156,0.5942221877535382,0.42095030936307154
860,14,X,X,D,0,0.5278124736350056,0.2951897047638162,0.5943359930631016,0.43353247837040115
860,15,X,X,D,1,0.524304206179348,0.3430468932422635,0.5564912832469675,0.4603713746197872
860,16,X,Y,J,0,0.551178528448517,0.37526103903853847,0.5581443902229352,0.44297914175853076
860,17,X,X,D,0,0.5916866096924048,0.3554315908606186,0.569188419595137,0.4627442296322409
860,18,X,X,D,0,0.5921544003340596,0.33890102524020893,0.5603973309736117,0.44172603647843794
860,19,X,X,D,1,0.5962308704135248,0.3276555952861595,0.5230087658649089,0.4248320473307505
861,0,X,X,D,1,0.7036710419859383,0.31804332628478327,0.27116441442956574,0.7059859931889725
861,1,Y,Y,J,1,0.7222215352331307,0.29070028498489214,0.2735481103953489,0.7154035187301794
861,2,X,X,D,0,0.7168297557679093,0.3344996682917495,0.30515360065526087,0.693011583968258
861,3,X,X,D,1,0.7260345845455795,0.35952329232698843,0.33469539818204563,0.6565940356764641
861,4,X,Y,J,0,0.7162204648223525,0.34965487256842986,0.31174688041634135,0.6288223326146339
861,5,X,X,D,1,0.7083091209858605,0.3493941063637886,0.3366580023891687,0.6255944259081907
861,6,X,X,D,1,0.7088944990963989,0.35635785619916516,0.3432209073902145,0.6319410678697723
861,7,X,X,D,1,0.703441647573652,0.3671963638180611,0.3312777682401986,0.6277699735255285
861,8,X,X,D,0,0.6953516938882562,0.36129995966231904,0.3218809894614774,0.6162851624999885
861,9,X,Y,J,0,0.721584762839071,0.38359167080959083,0.32385970840269346,0.6387422532287426
861,10,X,Y,J,1,0.75,0.3608416909373105,0.2925669114298991,0.5875347584193393
861,11,X,X,D,1,0.75,0.366576855611039,0.25,0.5918741917993101
861,12,X,X,D,1,0.75,0.3700016912968314,0.25,0.5648559338887248
861,13,X,Y,J,1,0.7159526377197842,0.3685646443214457,0.25,0.5414512356582947
861,14,X,Y,J,0,0.75,0.43296965535784343,0.25,0.5405435067265508
861,15,X,X,D,0,0.75,0.48537185908610275,0.2777493619191936,0.5274787722222145
861,16,X,X,D,1,0.75,0.48463460265460695,0.2974726814353438,0.5088275028494716
861,17,X,X,D,1,0.7387099865204955,0.4692641595761429,0.2704847411602527,0.5247162622974406
861,18,X,X,D,1,0.7407530966741581,0.46354941141308287,0.31003759404677866,0.5307077220994808
861,19,X,Y,J,0,0.7207732371957739,0.4905474718249295,0.3360817115831731,0.472388502330616
862,0,X,Y,J,1,0.26835312892762087,0.3490164828769339,0.27101803698808097,0.35581755255713166
862,1,Y,Y,J,0,0.25,0.32923021920794443,0.25,0.39766186049300717
862,2,X,Y,J,0,0.25,0.307768383582708,0.25,0.39490080383629733
862,3,X,X,D,0,0.25,0.2952960537275462,0.2742276133653883,0.37879945378869234
862,4,X,X,D,0,0.2769590287824801,0.3123765440906268,0.25,0.3773446748804709
862,5,X,Y,J,0,0.25,0.3003137744552915,0.25,0.3775984207032056
862,6,X,Y,J,0,0.3108800270844984,0.2823732588197947,0.25,0.37475178605900283
862,7,X,X,D,0,0.2822088929399673,0.27917777848391384,0.2541786627083019,0.36169515889052756
862,8,X,Y,J,0,0.25993283955032287,0.25,0.250441720513322,0.31433096693411333
862,9,X,X,D,0,0.25,0.25,0.25,0.286503004126588
862,10,X,X,D,0,0.25,0.2603200489586676,0.275784630805349,0.27394231707826866
862,11,X,Y,J,1,0.2578263926764931,0.26510518735556915,0.2642716056369039,0.25292421337623816
862,12,X,X,D,0,0.2753532765173841,0.3003452808854254,0.2567581762145593,0.25
862,13,X,Y,J,0,0.2671235553467826,0.2893789172634923,0.25,0.28791824412720485
862,14,X,X,D,0,0.25607043564916254,0.28616110754440877,0.25,0.33195837827454816
862,15,X,Y,J,0,0.27520568365002895,0.2659735828046475,0.2505812964576857,0.2983470246091602
862,16,X,X,D,0,0.2516890011346612,0.25,0.25,0.30723675900195235
862,17,X,X,D,0,0.25,0.25,0.25,0.31992789560420964
862,18,X,Y,J,0,0.25,0.25,0.25,0.33873714163111335
862,19,X,X,D,0,0.25,0.26013775537288913,0.2812816992815231,0.2926509674560914
863,0,X,X,D,1,0.6707075288355436,0.7007807298150761,0.33131583833442385,0.5656342274081774
863,1,Y,Y,J,0,0.6587171242079117,0.7027957295056213,0.2994140028246282,0.5492675476414874
863,2,X,Y,J,0,0.6737919396101428,0.724907366471628,0.31127572236981804,0.5844148674452643
863,3,X,X,D,0,0.6526173843797998,0.6900247013428003,0.2868347339025519,0.5257008299055229
863,4,X,X,D,1,0.680797489280661,0.6892240657084684,0.28281418571587114,0.5262355386627207
863,5,X,X,D,1,0.7097973564957637,0.6904005428426426,0.28874628496431,0.49378654190620774
863,6,X,X,D,0,0.7187271874524567,0.7112826051161667,0.31179306593267236,0.5064876967384595
863,7,X,Y,J,0,0.7365754296583651,0.75,0.28851542220984405,0.44863791243101003
863,8,X,Y,J,0,0.75,0.75,0.2669482343351238,0.4076768731423126
863,9,X,X,D,0,0.75,0.73750298076426,0.2580849942847406,0.39071019457476047
863,10,X,Y,J,1,0.7474453333887819,0.7222734399629622,0.3116464603120115,0.3704709351255783
863,11,X,X,D,1,0.7445291460982029,0.6979628285094421,0.29537049564812096,0.36212831340996676
863,12,X,X,D,1,0.75,0.7180819523150236,0.299238768091051,0.36352669590801273
863,13,X,Y,J,0,0.7196955461620699,0.7138522962239975,0.31304876314291724,0.3648738530895219
863,14,X,X,D,1,0.7037019711791148,0.6754511607120518,0.33779314519069153,0.3827072246279547
863,15,X,X,D,1,0.7129367108986097,0.6479717959007592,0.3456667876062101,0.37640275174160526
863,16,X,Y,J,0,0.7007607882505634,0.6205867519731298,0.3319960722489029,0.3811272195293687
863,17,X,X,D,0,0.6595756400571259,0.6207793207879233,0.34239397433294366,0.33965343911878537
863,18,X,Y,J,0,0.6934799730362878,0.6072895811417586,0.38015997590397566,0.32570093334443373
863,19,X,X,D,0,0.6965384945594262,0.6309504728851667,0.40552868659149427,0.2967909925453414
864,0,X,X,D,1,0.506868557309259,0.6642721643615932,0.399165227884828,0.6134866247574461
864,1,Y,Y,J,0,0.5104927475788095,0.6648632535658597,0.41370639423165745,0.6194042474501664
864,2,X,X,D,1,0.5176794449626606,0.6893443705454011,0.38306006951221777,0.6320317521055158
864,3,X,X,D,1,0.5217990247061499,0.6679099032063565,0.3848506700260283,0.7014919303101466
864,4,X,X,D,0,0.5231922406417603,0.6663584736331541,0.3548607419493187,0.7266123121141066
864,5,X,Y,J,0,0.5115460964214985,0.6892781076879515,0.35448558852023865,0.6917672994471895
864,6,X,X,D,0,0.5266047909922746,0.6856137774994203,0.33772390283888676,0.7167560985958598
864,7,X,X,D,0,0.4979533192256016,0.7357834579754793,0.29433432356321676,0.6787006710043928
864,8,X,Y,J,0,0.49947111690220036,0.7096722637044954,0.2827405212384082,0.7306742170588105
864,9,X,X,D,0,0.5313775203492919,0.7264174080690353,0.2755898761433947,0.7050378024601682
864,10,X,X,D,0,0.5076804464109309,0.7294483110542117,0.25435200729124124,0.7176934830980537
864,11,X,X,D,0,0.45650948067991587,0.75,0.2772007964022386,0.7066421229975586
864,12,X,X,D,0,0.4824495262117266,0.7456834774326045,0.268882417187491,0.7131323606158559
864,13,X,X,D,0,0.4377454008312054,0.7478600434451016,0.26696970398782116,0.7229340818327369
864,14,X,Y,J,1,0.424147033157759,0.75,0.2600049577125557,0.7054675581242509
864,15,X,Y,J,0,0.39892206323640844,0.75,0.2502362939640958,0.6637874094325235
864,16,X,Y,J,0,0.3976052589840331,0.7360588603310529,0.2580688245467572,0.6987268018504628
864,17,X,Y,J,0,0.41656834566820455,0.7488888383221739,0.2798816071616052,0.7063840124034042
864,18,X,X,D,0,0.4158154237209204,0.74329958249956,0.25,0.6653630798574772
864,19,X,X,D,1,0.33662852122381054,0.7393600736798733,0.25,0.6799981665223155
865,0,X,X,D,1,0.32147836135688085,0.4350596673366978,0.5394450753754858,0.5923576162646007
865,1,Y,Y,J,1,0.3454894042631936,0.43444103605794543,0.5395747408769402,0.5679114060049104
865,2,X,X,D,0,0.3317671228342834,0.41460865746579073,0.5230232562607565,0.5732714663229954
865,3,X,X,D,0,0.3778104174887504,0.40385833378021857,0.5179486989387779,0.5291728101992653
865,4,X,Y,J,1,0.33730369543812444,0.3960067981704642,0.5438730213634305,0.5168561675495041
865,5,X,X,D,0,0.37446743867340304,0.3843376116532994,0.5643374426972838,0.540386835451621
865,6,X,X,D,1,0.3833025550689685,0.41853672116206125,0.5741723926280801,0.5497043604788396
865,7,X,X,D,1,0.3979700199328543,0.394067310708962,0.5639777958751608,0.5630093817580204
865,8,X,Y,J,1,0.38971667940774873,0.3723975038276047,0.5757452812162432,0.5790649505524004
865,9,X,X,D,1,0.4472096377627538,0.38536951668694774,0.5755052193530679,0.5333883744203222
865,10,X,X,D,0,0.5017559302485306,0.43303957445086827,0.5333926123968225,0.5287177616227686
865,11,X,X,D,0,0.522124238736958,0.41480291648937495,0.4778943812373922,0.4974494669277161
865,12,X,X,D,0,0.5367887607507653,0.3774628139937739,0.4955090684308944,0.4808196939639081
865,13,X,X,D,1,0.5147004402787448,0.4052097167401609,0.4761417962641151,0.5119191877316837
865,14,X,X,D,1,0.5401322505173674,0.40153048168182326,0.5114287992305405,0.5471059594868509
865,15,X,Y,J,1,0.5866361403951736,0.39542304059553746,0.5081807189977035,0.5500397198931911
865,16,X,X,D,0,0.6025508713193863,0.4113403310884353,0.5089638803082428,0.5679678957762003
865,17,X,Y,J,0,0.6411305413535381,0.4012928063477287,0.5114393725262494,0.5937954690930001
865,18,X,X,D,1,0.6831459366004532,0.3289694140967497,0.5316780524049608,0.6211394879171425
865,19,X,X,D,1,0.7155749041851418,0.34896066785324137,0.5241527998822497,0.619276528645312
866,0,X,Y,J,1,0.5102783701880343,0.48621604982082084,0.5839727689700007,0.2939701614092118
866,1,Y,Y,J,0,0.4896512455309349,0.48678935054229794,0.5780882182174089,0.30533358038341935
866,2,X,X,D,0,0.47707407589345924,0.48307310631111633,0.5730998045007323,0.2900738131742735
866,3,X,Y,J,1,0.5019903384691963,0.47029026894893466,0.5579667908524295,0.2672883678525467
866,4,X,X,D,0,0.4587114796160986,0.4921034211829063,0.5657446660928703,0.26310381578778874
866,5,X,X,D,1,0.47410607404107213,0.5236141482822114,0.5769642726529681,0.2587560718581619
866,6,X,X,D,0,0.4778087482209213,0.524328234408854,0.6164314142906612,0.25
866,7,X,X,D,0,0.47288646195965506,0.522371165844238,0.6150432395580484,0.25
866,8,X,Y,J,0,0.50654077516874,0.572908225092923,0.6405762482781854,0.25
866,9,X,X,D,1,0.5336250059378553,0.5902129241633919,0.6543149947609915,0.271905287263232
866,10,X,X,D,1,0.5158243291608278,0.5900251694628548,0.6795662450131823,0.2753372062434115
866,11,X,Y,J,0,0.5373462790519841,0.5853881090218024,0.7302251143801257,0.25
866,12,X,Y,J,1,0.5021896966760845,0.5324218846739955,0.7490520329796877,0.25
866,13,X,Y,J,1,0.4872841888015662,0.5664099270790002,0.7137600107303999,0.2740907222990797
866,14,X,Y,J,1,0.46629367116127735,0.5316716049599187,0.6837733045509129,0.3105912460954877
866,15,X,Y,J,1,0.4774491638198635,0.5384970193721992,0.6536613550327545,0.3036395833936918
866,16,X,Y,J,1,0.518309303178166,0.5256752428003835,0.6474343998352373,0.27228559853686046
866,17,X,X,D,0,0.5185563634469162,0.5461368320042703,0.6705037832979764,0.279769038138937
866,18,X,X,D,1,0.5254856002089083,0.5212914269717314,0.6948311014160867,0.3103540505358886
866,19,X,X,D,0,0.5200260341753683,0.5407882507065832,0.6768920693644644,0.33083891194774784
867,0,X,X,D,1,0.336805075134195,0.5126894809170338,0.6331744973956769,0.5460861168866198
867,1,Y,X,D,1,0.37059508824344145,0.5667696193338898,0.6688958446120399,0.5702920930828838
867,2,X,X,D,0,0.3756576540863807,0.5454058670876204,0.6861967854032088,0.5714705430034064
867,3,X,X,D,0,0.39464214056172364,0.5681098310179977,0.710951919379621,0.5547141651140802
867,4,Y,Y,J,0,0.39327533463352327,0.5627128653923255,0.69999890317329,0.5518294765095292
867,5,X,X,D,1,0.39063183212823654,0.5269208404650814,0.7312341329027893,0.49747766443221986
867,6,X,X,D,0,0.3411190672262641,0.5297203892105442,0.7450400663470279,0.47891400061154715
867,7,X,Y,J,1,0.30537916876720994,0.5001257174274347,0.75,0.46768425318379264
867,8,X,X,D,0,0.34869349573574077,0.4654968813667863,0.75,0.4623822057246026
867,9,X,Y,J,1,0.3453720369038449,0.4601792026254606,0.75,0.4292936531444182
867,10,X,X,D,1,0.3600214673526356,0.4470658968138333,0.7040781927421307,0.42115413850947353
867,11,X,Y,J,0,0.3498278135989155,0.4660968098548052,0.7155689764523846,0.4195857242305732
867,12,X,Y,J,0,0.3465643874016481,0.4546621666157047,0.6926922484352097,0.40616879126085637
867,13,X,X,D,0,0.3083943352126549,0.4739357132722481,0.6355714836036187,0.3889463672465169
867,14,X,X,D,0,0.2891024201267471,0.5015443108941122,0.6482819910978417,0.39955062773122735
867,15,X,X,D,0,0.2817116924339561,0.532266983048402,0.6686674265472885,0.3986852448054777
867,16,X,X,D,0,0.3052259935107251,0.5642380379093472,0.6189566802774061,0.4229376362988369
867,17,X,X,D,0,0.3090658307282914,0.530296166576193,0.6794472901463667,0.4008763902350036
867,18,X,X,D,0,0.32129023985665617,0.5480723011936814,0.6513764058118209,0.44447854279047194
867,19,X,Y,J,0,0.30790561151284956,0.5625649068735354,0.641804000773837,0.4457453793637457
868,0,X,Y,J,1,0.4761187007219553,0.4013822914569861,0.6689314417982026,0.4426260100811761
868,1,Y,Y,J,1,0.4271176501662506,0.4041051547476412,0.6407372551038728,0.40681122087420674
868,2,X,X,D,0,0.38863554157681546,0.49010803044152756,0.6236606069344387,0.3951444726064001
868,3,X,X,D,1,0.39069725520599863,0.4942626408428293,0.6234392918341247,0.3779937324739036
868,4,X,X,D,0,0.35323024751351983,0.5164167568285063,0.6223463161868829,0.3668326813766552
868,5,X,Y,J,1,0.40656362900697807,0.5160600268036705,0.6062713332245182,0.3367326494603227
868,6,X,X,D,0,0.45195805494725994,0.5429522496812156,0.6071468514772738,0.359278776383426
868,7,X,X,D,0,0.4662021341370147,0.5682821888672038,0.5865178524214018,0.31499450138144647
868,8,X,Y,J,1,0.4185099043874341,0.5562846846747947,0.6047006167597351,0.3505387363703597
868,9,X,X,D,1,0.409535846904897,0.5698663875754884,0.6111544874738368,0.32555188875099383
868,10,X,X,D,1,0.42304256901414233,0.5367401065737151,0.6042746173629567,0.31848211107860147
868,11,X,X,D,1,0.38234763285931866,0.4943705328883493,0.5602259035895174,0.30955065440811347
868,12,X,Y,J,0,0.3776848327528842,0.4840618127466564,0.5406360459496538,0.29430292088556803
868,13,X,X,D,0,0.35925578127520236,0.4832674582206791,0.5894294499758291,0.32872747198138197
868,14,X,X,D,0,0.3630892951699278,0.4745564418264971,0.5888038737920948,0.3300179410776311
868,15,X,Y,J,1,0.40906728535914694,0.44712020119991946,0.5885677484133502,0.36650845255447684
868,16,X,Y,J,0,0.362952900896579,0.42576309747295904,0.5534177319049314,0.3654067949583712
868,17,X,X,D,1,0.36061823255923076,0.46858598865855666,0.5296192371135862,0.37606303651035833
868,18,X,X,D,0,0.3731895600926619,0.4660085360835642,0.5025523940382222,0.36960756730156585
868,19,X,Y,J,1,0.3594435928550736,0.4573125777644269,0.5044691199077874,0.34152642933733796
869,0,X,X,D,0,0.7358043017040906,0.5554127537762732,0.3900369886738055,0.2878973768715719
869,1,Y,Y,J,0,0.75,0.5838827068367871,0.37929801034725513,0.2797432617981989
869,2,X,X,D,1,0.7373221219669338,0.5973838968243693,0.3651010578666608,0.25
869,3,X,X,D,1,0.6754557297423501,0.6099367309093414,0.3686413709549783,0.25
869,4,X,X,D,0,0.6586324975739103,0.6257515365547862,0.39421453823849795,0.25
869,5,X,X,D,0,0.6690876623888798,0.6223811810446812,0.39577043408371404,0.25228872794448276
869,6,X,Y,J,0,0.6826350676272132,0.6180130139886907,0.34581388894380394,0.25
869,7,X,Y,J,1,0.6660025742110803,0.6751839563010881,0.3157920088587539,0.2644009004194387
869,8,X,Y,J,0,0.6515157548734728,0.7085952202032346,0.2950682163587782,0.27509178076022534
869,9,X,X,D,1,0.7139626157649369,0.75,0.31891507228239613,0.3323812820685861
869,10,X,X,D,1,0.7133956322179726,0.7258019979637585,0.27637459805701914,0.3388297800231922
869,11,X,X,D,1,0.75,0.7199629632265007,0.2755265409776372,0.3374390185527507
869,12,X,Y,J,0,0.7295204825140651,0.75,0.2606780883563075,0.308575629319013
869,13,X,X,D,0,0.7321444560633487,0.7059465936826745,0.273695782814347,0.31989819890310367
869,14,X,X,D,1,0.7356208996626543,0.6782248220799739,0.2774112359493266,0.2994793149667413
869,15,X,Y,J,0,0.7274712562251597,0.6845280776281204,0.25,0.2763170540223723
869,16,X,Y,J,0,0.7340361685610163,0.6282017764325973,0.2768460009860057,0.2881211141361411
869,17,X,X,D,1,0.75,0.6426458907227012,0.2750275078019665,0.31214758911697754
869,18,X,Y,J,0,0.7208132982042252,0.6245392755733385,0.30295624509087926,0.32108619662468746
869,19,X,X,D,1,0.7235875823627118,0.5916193533514471,0.3042102141990758,0.3341450882465107
870,0,X,X,D,1,0.5129169320190953,0.7057292119318356,0.3952848483154272,0.6572200431979582
870,1,Y,Y,J,0,0.5186702340533504,0.7013168455813084,0.4292557649064411,0.6703724152284178
870,2,X,X,D,0,0.4984240146180748,0.6627495112849272,0.4567581494162469,0.6494782896683557
870,3,X,X,D,1,0.5137575639281456,0.6743056411167271,0.4826995512912264,0.6618719373892661
870,4,X,Y,J,1,0.48268673004022855,0.6833852481447512,0.42755671611922547,0.6684926315209223
870,5,X,X,D,1,0.4827305317370234,0.6867639204809677,0.4732581382358209,0.660446103475362
870,6,X,X,D,1,0.49404224908035677,0.6785355671244944,0.49803129468154617,0.6642839309735717
870,7,X,Y,J,1,0.47318709551549537,0.7034457132261587,0.502219943831449,0.6456923854676755
870,8,X,X,D,1,0.5030089197376372,0.701130731067879,0.47847037882466786,0.6363884788669182
870,9,X,Y,J,0,0.5148940082841674,0.6993459686178319,0.5063700213173518,0.6033628599068322
870,10,X,X,D,1,0.5581399522883276,0.7323282809326438,0.49724596019245987,0.6163272268119577
870,11,X,X,D,0,0.5883407318046223,0.7248246317953224,0.5046843186815773,0.6148241133560911
870,12,X,X,D,0,0.5657750387046765,0.70498548268892,0.5457437581945633,0.6137076548966822
870,13,X,Y,J,0,0.5183662245100309,0.677210421787629,0.5376321062437794,0.5774086897639172
870,14,X,X,D,0,0.4606097963983105,0.6707280164939435,0.5550865953857398,0.5989260540275718
870,15,X,X,D,0,0.4785024609030901,0.6514727469645812,0.5589184392226777,0.6184516079318869
870,16,X,Y,J,1,0.4906005899938215,0.6961515158755643,0.5827957555464865,0.5819724141943247
870,17,X,Y,J,1,0.47542036757658523,0.6747185012942597,0.5963669395093948,0.5900431656697415
870,18,X,X,D,0,0.5177553584151119,0.6780747644663015,0.5804892048902596,0.5813039058046688
870,19,X,Y,J,0,0.5202715942024795,0.6919105536499214,0.5423758882781343,0.5729073925339309
871,0,X,X,D,1,0.38539114667316215,0.5590104742538942,0.3017358523101163,0.6166260738822482
871,1,Y,Y,J,0,0.3622171394097046,0.5229786184745668,0.3256807101390644,0.6118425777212593
871,2,X,X,D,1,0.36865810506367797,0.48451882426229276,0.2894810800362122,0.5746624528369052
871,3,X,X,D,1,0.3675150748203711,0.4733796727488111,0.3148889641139496,0.5445650334439659
871,4,X,X,D,0,0.3590627747116175,0.43007054595264854,0.286591662588898,0.5362618216242557
871,5,X,Y,J,0,0.38431358160601115,0.4311759619777338,0.2735598768423203,0.5632807666801146
871,6,X,X,D,1,0.39191959001071053,0.45135191043912876,0.2858749630640371,0.5462117926706317
871,7,X,X,D,0,0.4084687538831491,0.4246581397457343,0.31355847529758185,0.5544258818692549
871,8,X,X,D,0,0.35112163835829946,0.40938267815627455,0.347524995697395,0.5911309412654066
871,9,X,Y,J,0,0.3002431472470596,0.4190755394181671,0.3603328912583194,0.5375720792507325
871,10,X,X,D,0,0.2852571288120164,0.4074266580526779,0.3593399128189389,0.5151679036285345
871,11,X,X,D,0,0.2784962212363117,0.3906930900724249,0.33556459348689355,0.5368125492925789
871,12,X,Y,J,0,0.26097304562036683,0.40992246523322656,0.3482391712045916,0.549394638919711
871,13,X,Y,J,0,0.2516919022350931,0.4482585262458685,0.3354392362359395,0.5282888344283064
871,14,X,Y,J,0,0.25750138676014206,0.43567486345307815,0.34904110885620987,0.5044016450485973
871,15,X,X,D,0,0.25,0.42226161298962145,0.3705050484349843,0.5190132723663794
871,16,X,Y,J,0,0.25,0.4347923079573897,0.35659163899644525,0.5422589150059476
871,17,X,X,D,1,0.25,0.4697552425616348,0.36531998603634797,0.5347454983890346
871,18,X,X,D,0,0.25,0.4700335503487868,0.37538383963378097,0.5270730914726656
871,19,X,X,D,0,0.26151532517415926,0.5018008957182242,0.394212225481532,0.5777671327455882
872,0,X,X,D,0,0.5628810234872719,0.3881654118173077,0.7438571426165805,0.7216907278055262
872,1,Y,X,F,0,0.5566659010881795,0.413637518874366,0.7216832420997291,0.6818353043947999
872,2,X,X,D,1,0.5677980745429189,0.392058899802919,0.6910279836123177,0.6516739475336315
872,3,X,Y,J,0,0.5354792221448618,0.3545125799653082,0.64682694339752,0.6724508321237787
872,4,X,Y,J,1,0.5108546788065222,0.36516835458917135,0.6051328749503763,0.6958863893618507
872,5,X,X,D,0,0.5249207615192059,0.36185275552820195,0.6112554429786491,0.683354041224638
872,6,X,Y,J,1,0.5156116795920541,0.3601723064743556,0.6289067011030808,0.6592071092135562
872,7,X,X,D,0,0.46610198081278587,0.3508960851349779,0.5976768187775832,0.6763289668788917
872,8,X,X,D,1,0.4550789481837913,0.3553516694580664,0.6042639835377885,0.722882863230679
872,9,X,Y,J,1,0.4324377445487621,0.3901201089621792,0.6001915572226212,0.7118725145691038
872,10,X,X,D,1,0.4333353606816359,0.40908124855222566,0.609793738901481,0.7168962445784749
872,11,X,X,D,0,0.453560626662573,0.39997889489079425,0.5844575689831925,0.682366535638102
872,12,X,X,D,1,0.43892568789714803,0.3979852616371421,0.5985347019116602,0.6872855730611136
872,13,X,X,D,0,0.4309470520347419,0.41239611929944847,0.6416478849389653,0.6785243933980505
872,14,X,X,D,0,0.3962586760311431,0.4163505790185854,0.6408555240956327,0.6878967208506975
872,15,X,X,D,1,0.37338413166217127,0.4464148871591049,0.6325451811803342,0.6813914858148149
872,16,X,X,D,1,0.4195439541700253,0.4365010015503009,0.6294778400076111,0.7265232919515505
872,17,X,X,D,0,0.41390167821252605,0.43733372307315554,0.6374786955405625,0.7037404880257848
872,18,X,X,D,0,0.4116321031995549,0.4377581282484238,0.6035336039400474,0.6907609484038209
872,19,X,X,D,0,0.3934957515752353,0.43867302508472344,0.573935570813757,0.6825656766388629
873,0,X,X,D,0,0.38227994370884505,0.6065412685622866,0.4517102445726836,0.6405883106574402
873,1,Y,X,F,0,0.38910767199868096,0.6177818695462355,0.4688148458612253,0.6729308189619888
873,2,X,X,D,1,0.4013934415285937,0.5979329174061895,0.48483005308669347,0.6629654903055889
873,3,X,X,D,0,0.39617823834656835,0.5539702001010881,0.4947854042218076,0.6448563674404673
873,4,X,X,D,0,0.42435609213638215,0.5259019206134538,0.49086707796480744,0.7041428803904575
873,5,X,Y,J,0,0.40867850958665336,0.5810838409488153,0.5242073643601798,0.7101744421318704
873,6,X,X,D,0,0.4088556131946329,0.5996269945187159,0.5269713590422459,0.7450650205556283
873,7,X,X,D,0,0.3935670906592338,0.6013421738426197,0.5523709617185447,0.7490693008961549
873,8,X,X,D,0,0.42344650966840847,0.5686167382064833,0.5442314426470354,0.7230410675655805
873,9,X,X,D,0,0.4124570713500764,0.5677633764319405,0.5621723763428572,0.726847168405509
873,10,X,X,D,0,0.3877672573657672,0.5602238286013401,0.5735337667741341,0.735363575449428
873,11,X,X,D,1,0.3683627315958073,0.6137215946030934,0.5586221018907689,0.7018734227749467
873,12,X,X,D,0,0.3759487744448485,0.6424367444351924,0.5265751851776356,0.7495373834669763
873,13,X,Y,J,0,0.35749842509944435,0.5977477375520268,0.5764620918136701,0.748727371908889
873,14,X,Y,J,0,0.3660742398433945,0.5821857546805568,0.5601583886958591,0.732801672691884
873,15,X,X,D,0,0.3907048847460441,0.5458338863695784,0.5647899187467219,0.7258328571957512
873,16,X,Y,J,1,0.41548807084923384,0.5239325243919287,0.5609358728841923,0.7004453812635187
873,17,X,Y,J,0,0.34747293143514923,0.551084220060479,0.5573259891847595,0.710592534398459
873,18,X,X,D,1,0.36125609707289685,0.5558105163243525,0.5955082834514791,0.712703798185611
873,19,X,X,D,0,0.39352701865624073,0.5891844812514438,0.601519565788592,0.7248733956003537
874,0,X,Y,J,1,0.3807709513393539,0.4183522373220473,0.2719641054284893,0.5958242588204794
874,1,Y,Y,J,0,0.3626934459259381,0.37617823822403307,0.2517917729433676,0.6044632700184416
874,2,X,X,D,1,0.3514197012078274,0.37996869627518515,0.2555397811558979,0.5769737083311001
874,3,X,Y,J,0,0.3854452450470367,0.399456994450706,0.25,0.6103223573027794
874,4,X,X,D,1,0.4017931386396108,0.40467484265577813,0.263028835191595,0.5956325557007247
874,5,X,Y,J,0,0.4548961496545141,0.41368904873089796,0.2605053270547948,0.5806476984509698
874,6,X,X,D,1,0.37459822787678965,0.4462490010939956,0.2718411118774635,0.5894632564135683
874,7,X,Y,J,0,0.40316901915127856,0.43498066587118295,0.2650952916770044,0.5547891802653688
874,8,X,Y,J,0,0.3977892817755946,0.3671925047355549,0.261203799181539,0.5559107818000949
874,9,X,X,D,0,0.356401465175468,0.34506414336134195,0.28489042954192356,0.5521029440025143
874,10,X,X,D,1,0.37021385826080966,0.35434412350541145,0.30034670197913105,0.544105967276045
874,11,X,X,D,0,0.37842382159053845,0.3316238129618509,0.31543447304707356,0.5223491088203565
874,12,X,X,D,0,0.38085646657248823,0.3353947357527862,0.3306048339667653,0.5381804133327147
874,13,X,X,D,0,0.39555646978515424,0.30673080680690545,0.29106818096390835,0.5355175334304847
874,14,X,X,D,1,0.4051023702017243,0.30081737954115756,0.2538914088574011,0.5558904220187234
874,15,X,X,D,0,0.4045644913738312,0.32329933480632234,0.2782544468158844,0.5166587891397723
874,16,X,Y,J,0,0.3852838639622351,0.3179404805155308,0.2798227868864897,0.5059300764237061
874,17,X,X,D,0,0.4509577256896274,0.31311150935149235,0.2698680973854895,0.4730547171289993
874,18,X,X,D,0,0.47168549720741815,0.29157521529794217,0.296915945900655,0.4712210860032211
874,19,X,Y,J,0,0.4206568980018212,0.26617611223598603,0.2970206357389641,0.49272500065591646
875,0,X,X,D,1,0.3780985741085086,0.6103234498746188,0.5675143905715018,0.4191040261697205
875,1,Y,X,D,1,0.3353042538086472,0.6118492605778878,0.6028989483120205,0.41317103060541993
875,2,X,X,D,1,0.3721019088490023,0.5687203701626506,0.6155740645364788,0.3506886888570372
875,3,X,Y,J,0,0.40688723290815015,0.6160681335829982,0.617059378834712,0.33044421604771074
875,4,X,X,D,0,0.45609982230101564,0.6292075692927644,0.6146499560588362,0.33284136925944197
875,5,X,X,D,0,0.48012197461968575,0.5964971043663198,0.604734751845444,0.28173211164739065
875,6,X,X,D,0,0.4941524980186435,0.5477980779747926,0.6125080809024128,0.30105124426278984
875,7,X,X,D,0,0.5128389084122639,0.5624976928572679,0.6247166155856817,0.30544673005535167
875,8,X,X,D,0,0.4710865283728356,0.5936206013135111,0.6747750817136369,0.3237074739379866
875,9,X,X,D,0,0.4354231264389549,0.6133216364919593,0.6773579443820725,0.32253006725552996
875,10,X,X,D,0,0.40241618363522214,0.6002258692048321,0.6633018430578165,0.33622348046999706
875,11,X,Y,J,1,0.4029097470290301,0.5860823755469605,0.6413862678847586,0.306431120731094
875,12,X,X,D,1,0.37765825608727105,0.5386689601388169,0.6633724622677575,0.2592421304036476
875,13,X,X,D,0,0.36514303519878427,0.49543148401795745,0.647260885088938,0.28200818882752215
875,14,X,X,D,1,0.4036080183533822,0.506321511605964,0.6520812110012506,0.31161486421461454
875,15,X,X,D,0,0.39847537815046924,0.5448296761666035,0.664353595583328,0.3390401496762522
875,16,X,Y,J,0,0.3873112645142054,0.5660201340911679,0.6424155170031973,0.3470728385363449
875,17,X,X,D,0,0.37002429420899385,0.5622425208418096,0.650998403778103,0.3286462898300274
875,18,X,X,D,1,0.35222697700341526,0.5834843740160304,0.628825241559231,0.2850846384295998
875,19,X,X,D,1,0.35480987876299674,0.6056786175437552,0.5762024101867949,0.28472389063333475
876,0,X,X,D,1,0.7129736541551597,0.5338935724657761,0.3633536799835531,0.5021225941328584
876,1,Y,Y,J,1,0.7020639571839244,0.5921189903492908,0.34941174725913726,0.48735864224419423
876,2,X,X,D,0,0.6961685400405031,0.5802027511150675,0.353230369503631,0.4782843787517612
876,3,X,X,D,1,0.7103179552720277,0.612063778059524,0.37435170483569213,0.48855723107965066
876,4,X,X,D,1,0.75,0.5940517636774763,0.3682631559333551,0.47994370946910647
876,5,X,X,D,1,0.7437499223539582,0.605154219187844,0.36766503365687464,0.4419970570947976
876,6,X,X,D,1,0.75,0.6415010120266417,0.3571058283294683,0.45203274206981514
876,7,X,X,D,1,0.7483084676600178,0.6812781963594665,0.34312398220484636,0.42973205915136425
876,8,X,X,D,0,0.6783455583666677,0.71048138153787,0.3107042676650796,0.4501354963075409
876,9,X,X,D,1,0.7114936482914725,0.7190147101584545,0.3282756016926289,0.4672414911993577
876,10,X,X,D,1,0.7165648461234654,0.7286311368502443,0.3436892486540018,0.48571121690305386
876,11,X,X,D,1,0.7169481266939441,0.7444003602006384,0.3486023507702747,0.5013076978725322
876,12,X,X,D,1,0.7074532946930059,0.75,0.34188643537538543,0.4788133795660946
876,13,X,X,D,0,0.734936324062544,0.75,0.3741243531644528,0.48504570259505053
876,14,X,X,D,1,0.7348818654736592,0.7437982737511525,0.4179055473250135,0.48618302945586983
876,15,X,X,D,1,0.7052050061679673,0.75,0.44884564105283487,0.5367036173552968
876,16,X,X,D,0,0.7047951738692565,0.75,0.42060460189606486,0.49158769352020676
876,17,X,X,D,1,0.7012620915887112,0.7163579196852332,0.4233429859776195,0.5030150859732017
876,18,X,X,D,0,0.702660224342892,0.7032726420603286,0.4249988498555027,0.5401251053597237
876,19,X,Y,J,0,0.7083303823956986,0.6772233878713717,0.4105942478529142,0.5427306909571916
877,0,X,Y,J,1,0.7285681608042136,0.7303416564781691,0.5569762124089829,0.6472781310491991
877,1,Y,Y,J,0,0.7339868848340503,0.7357361214446025,0.49845056811834754,0.6033653734040045
877,2,X,Y,J,1,0.75,0.75,0.49552639540453247,0.6308384157340471
877,3,X,X,D,0,0.7466011803716368,0.75,0.4950751470358621,0.6573498406193845
877,4,X,Y,J,0,0.75,0.7400414611068693,0.5191669406739665,0.7009117159371597
877,5,X,X,D,1,0.75,0.7399408014269521,0.5113590284341986,0.729258291079086
877,6,X,Y,J,1,0.7355702590265621,0.7451756251150615,0.5047245779042295,0.6807901507822163
877,7,X,X,D,1,0.706595415937516,0.7268434582332146,0.5145661630375482,0.7125785022152235
877,8,X,X,D,1,0.6579317042226586,0.705755507159745,0.5382027058675612,0.6939728393855156
877,9,X,X,D,1,0.6657128699353143,0.6955115790179596,0.5280312609700724,0.6793673971428923
877,10,X,X,D,1,0.6324488794436595,0.7113383827602624,0.5917216655525203,0.6880522761879777
877,11,X,Y,J,1,0.665038902230999,0.7147380689970909,0.5600885263312302,0.6803909865356543
877,12,X,X,D,1,0.6682595017384946,0.7079215884459495,0.5593201164221984,0.6806678876864659
877,13,X,X,D,1,0.7084635374504256,0.6989022120805842,0.5382878637077979,0.7050964216844623
877,14,X,Y,J,1,0.7235175271740554,0.7015456667785123,0.495438084755112,0.6754416859699898
877,15,X,X,D,0,0.7373814974830568,0.6844918230669376,0.49268322081687377,0.6764321600420915
877,16,X,X,D,1,0.7333293202708341,0.6448530708113946,0.4784550753168225,0.6864155347687464
877,17,X,X,D,1,0.7015040694051238,0.6579119187228863,0.43654213850186263,0.7196140837067725
877,18,X,X,D,0,0.7014821317036176,0.6493556659987728,0.4749737105482283,0.75
877,19,X,X,D,1,0.6503772410292213,0.6472672147990616,0.47765272394489217,0.7342240474453499
878,0,X,X,D,0,0.32567040976875705,0.30988222342121197,0.5009870900220581,0.31076336053054704
878,1,Y,Y,J,0,0.3617130719720378,0.33875909716383124,0.4797321799196601,0.29672572899557753
878,2,X,X,D,1,0.35147644408323175,0.3194354998338386,0.47691303350183367,0.2780634235997637
878,3,X,Y,J,1,0.33988792475102186,0.3420712478597873,0.5053670634568295,0.306101209553997
878,4,X,Y,J,1,0.33800915129496784,0.3405729422346308,0.4910178344384708,0.27892363481204224
878,5,X,X,D,0,0.3467804424322741,0.3210339309332362,0.5229776529116775,0.2836763896316164
878,6,X,X,D,0,0.30526473846866437,0.3547338826172614,0.6042047629974777,0.2814728801659229
878,7,X,Y,J,0,0.34059281237237976,0.31717043641227993,0.6160883561032194,0.27684948911372265
878,8,X,X,D,1,0.3258366949092665,0.3049398013834276,0.6763371816974418,0.2910838259006777
878,9,X,Y,J,0,0.25293147462602394,0.35210184303442765,0.6845879010062794,0.27650396201530725
878,10,X,X,D,1,0.2557802162814043,0.30009648816766626,0.6296487581453252,0.29750231897713403
878,11,X,X,D,1,0.25,0.3811364570445937,0.6358953992164973,0.27525368108627346
878,12,X,X,D,0,0.28016651110008206,0.40353834113108644,0.6357537766553074,0.31135097214443447
878,13,X,X,D,1,0.28372219945710164,0.3834032626244089,0.6174972253233835,0.3043470843503736
878,14,X,Y,J,1,0.27055079735546755,0.3634625464077097,0.6353695110786184,0.28897347814995317
878,15,X,X,D,0,0.2739346262824496,0.38267682846354883,0.6482313884614518,0.27126112241346373
878,16,X,X,D,0,0.31265958930596327,0.3857521868505416,0.6279753058288688,0.25
878,17,X,Y,J,1,0.28251384095600085,0.3716742987826281,0.6112522381160694,0.2821066610019278
878,18,X,Y,J,0,0.2985270957163127,0.3698012578497029,0.6146495069874739,0.28289636271708907
878,19,X,X,D,0,0.28257698764421474,0.38537850462675155,0.623432081087203,0.28551018294880437
879,0,X,X,D,0,0.5638979426526671,0.711698783095897,0.43206697723376425,0.44586560533238556
879,1,Y,Y,J,0,0.5384468873098934,0.7074490905554472,0.4429857461083128,0.42235173318850744
879,2,X,X,D,0,0.5201256136719556,0.7282035356960994,0.4277515088070258,0.41369250211128283
879,3,X,Y,J,0,0.5193669724435106,0.7003662383751431,0.43059327841966766,0.36764614846171045
879,4,X,Y,J,0,0.5045094839680011,0.6725146624147291,0.39477179566788073,0.34514296077990686
879,5,X,X,D,1,0.522446760887347,0.7005164343759611,0.4041098203369644,0.29861498749728776
879,6,X,X,D,0,0.5018890489501006,0.6913626886345722,0.36986083567164746,0.3234731344644977
879,7,X,Y,J,0,0.498757983989411,0.7133043583033367,0.3762618621819703,0.3584330406702592
879,8,X,X,D,0,0.48241034014205453,0.6694913235658815,0.38036480107453335,0.3300858137703674
879,9,X,Y,J,0,0.49585630456807367,0.6521146335986511,0.3670604821584237,0.33024570684227317
879,10,X,X,D,1,0.5024800227872052,0.6320719064969744,0.38720720941807146,0.3415137785058966
879,11,X,X,D,0,0.48672177632160396,0.6392504717158769,0.42106336373465986,0.336224025096681
879,12,X,X,D,1,0.42474622170269544,0.6339463087730444,0.4185403231745627,0.39185005658271405
879,13,X,Y,J,1,0.468975554210438,0.6019477631596966,0.3922725349639653,0.4475044283984215
879,14,X,X,D,1,0.4657889096159587,0.6291967338345017,0.3812877027892265,0.4582451207378854
879,15,X,Y,J,0,0.47395974932720975,0.6014932254122308,0.3536403529908994,0.4614909537271815
879,16,X,Y,J,0,0.5359498732068237,0.5978986917439888,0.39444957806452596,0.48204692064336324
879,17,X,Y,J,1,0.5217654705531641,0.5817807865889377,0.4217667075589743,0.4656247811347376
879,18,X,Y,J,0,0.5638727948564881,0.5672587437795109,0.457112246047906,0.46635667279435267
879,19,X,X,D,1,0.5352515329997902,0.5891816333388905,0.4446049420983422,0.4839019055896254
880,0,X,Y,J,1,0.4901618122837586,0.48418099117073315,0.6891013424309101,0.5435184142358026
880,1,Y,Y,J,0,0.4974344201239352,0.5232272807403414,0.6768968921908194,0.5684368789928906
880,2,X,Y,J,1,0.4944309188466679,0.5442656711174375,0.6858785985344635,0.6013400945479204
880,3,X,X,D,0,0.46256201826848714,0.5505326551831553,0.7086949436966816,0.5488669975115262
880,4,X,X,D,1,0.4939990055704521,0.5313859737253157,0.7144216819461843,0.535972390279464
880,5,X,Y,J,0,0.49948601117528446,0.563088363246317,0.7211930692032152,0.5211952074498564
880,6,X,Y,J,1,0.49175236722473614,0.5877037150523001,0.7200389840074082,0.5197120175588987
880,7,X,Y,J,0,0.5497851715858074,0.5923769611766557,0.6902506775341508,0.4889410637636423
880,8,X,X,D,0,0.5468889139089942,0.5210331471783752,0.7058132571795928,0.5103909993904977
880,9,X,Y,J,1,0.5873604100266675,0.5158259942045724,0.7477646119105504,0.5006251148069616
880,10,X,X,D,1,0.6003183607362321,0.5238520111691441,0.75,0.4516096142807982
880,11,X,X,D,0,0.5828932100468626,0.5407913396964262,0.75,0.48383163883621605
880,12,X,X,D,1,0.5539410986388273,0.5679927683299866,0.7095324263219318,0.4362448917029233
880,13,X,X,D,0,0.6028196334466619,0.5694372229693431,0.6676580415189828,0.4669196859204947
880,14,X,X,D,0,0.5711659995554974,0.5706883299532153,0.6763257550120978,0.44341120780408416
880,15,X,X,D,1,0.552930585561542,0.5892066403431222,0.6346240758067689,0.4436301542624347
880,16,X,X,D,0,0.5519136615567756,0.6201283141290589,0.6447900675991034,0.47371324313264984
880,17,X,Y,J,1,0.5796640276487792,0.6049617465403178,0.6882213473066265,0.5156569351769008
880,18,X,X,D,1,0.5693585939884643,0.6320531996006807,0.6209899999436681,0.4962493383697912
880,19,X,X,D,0,0.5481561704605973,0.600156277661028,0.5852408479193629,0.47601025258763086
881,0,X,X,D,0,0.38627883934452756,0.48431065783139693,0.4596210364111898,0.4549575916123051
881,1,Y,Y,J,1,0.39878563370440717,0.5283506802836926,0.46263700076219927,0.4347001452070555
881,2,Y,X,D,0,0.4050336153059008,0.4896907605940025,0.42530089497401585,0.439760685470933
881,3,Y,Y,J,0,0.35962179369563596,0.5303488084949735,0.3764738150865644,0.44310791399300126
881,4,Y,Y,J,1,0.4007649736842207,0.5691431334608051,0.37068299086712986,0.4117554154103562
881,5,Y,Y,J,0,0.40744851802039245,0.577506973538125,0.38577413040686714,0.37232680413463654
881,6,Y,Y,J,0,0.4316294123645969,0.6078554725010553,0.38661560780895765,0.4376498502446627
881,7,Y,Y,J,0,0.44128954230399403,0.6191795597974136,0.40120156351173497,0.4665554806257026
881,8,Y,Y,J,1,0.4208631871888277,0.5963634709393094,0.3788205260077033,0.4701431095196196
881,9,Y,Y,J,1,0.43312131255545755,0.6174589297234451,0.4398571940502283,0.437408837127486
881,10,Y,Y,J,0,0.4058416329929484,0.6094906662817096,0.44868010119835494,0.37754117092130196
881,11,Y,X,D,1,0.36416456577884426,0.6042710536842744,0.463865140353573,0.4108104469696537
881,12,Y,Y,J,0,0.3510060421374249,0.5779245215834468,0.4378919418024061,0.4445411269944002
881,13,Y,Y,J,0,0.353696807116947,0.599791446876999,0.44129774280721473,0.44873685041121386
881,14,Y,X,D,0,0.3475599822563938,0.5766165298293129,0.43656586277980186,0.43683955858627077
881,15,Y,Y,J,0,0.33736351851112784,0.5648537202099962,0.440357967165105,0.45684205172424525
881,16,Y,Y,J,0,0.3045949477120062,0.5794160498169585,0.4285155829760384,0.44991381770438305
881,17,Y,Y,J,1,0.29389364036382415,0.6002348219917424,0.4098680958237662,0.3935401851255582
881,18,Y,X,D,0,0.2850663706181961,0.5978554894418698,0.433573388041135,0.3825555711367927
881,19,Y,Y,J,1,0.26512468371194237,0.6167893625771408,0.48124607533801567,0.37693829872784224
882,0,X,X,D,1,0.5139235276314684,0.4028505093946844,0.2863854656782249,0.7144143741200134
882,1,Y,Y,J,0,0.4786077916990384,0.3947269182179168,0.3002516385820761,0.730331424271126
882,2,X,Y,J,0,0.4691727172902306,0.3885158662967898,0.31564791400647596,0.7238867971666209
882,3,X,Y,J,1,0.4994637387542408,0.4067767713652193,0.3216291343197792,0.695388236704611
882,4,X,Y,J,0,0.5165974926981951,0.4417619060345481,0.31691918412861453,0.7271091185256037
882,5,X,X,D,1,0.48771660512908294,0.40800310072796764,0.3341957821505675,0.7460929610681997
882,6,X,X,D,1,0.47690016007076486,0.3919560635095093,0.35279169199758165,0.7114468476488994
882,7,X,Y,J,0,0.4731245583975005,0.3965228577764216,0.37062224602808824,0.7032830000542214
882,8,X,X,D,0,0.4852339106141781,0.4399383658558329,0.39913488907958555,0.7293983640249327
882,9,X,X,D,0,0.47591824047408465,0.4336142593224643,0.4122121396136568,0.7371539166366909
882,10,X,Y,J,0,0.4853818976634403,0.4380866873977439,0.3955373925369254,0.75
882,11,X,X,D,1,0.4949697941464378,0.4401364078908219,0.3861416939465339,0.7373547977936759
882,12,X,Y,J,1,0.4778149036504519,0.44778549768193965,0.394738405657221,0.75
882,13,X,Y,J,0,0.45568437791022876,0.42673665857455273,0.3432229370626106,0.75
882,14,X,X,D,0,0.4640855032506649,0.432871445715053,0.34396696529453213,0.75
882,15,X,X,D,0,0.4808504879672228,0.39870007039045974,0.3411406140513543,0.7313546511387178
882,16,X,Y,J,0,0.4959051839627347,0.4332252467025992,0.3468119027448921,0.6751905017311742
882,17,X,Y,J,0,0.5430462175506545,0.4345201166019696,0.3459419355707163,0.6903341992859859
882,18,X,X,D,0,0.5561809534149291,0.4815228391940878,0.34856909948166354,0.6635735436231733
882,19,X,X,D,0,0.5506854190407957,0.45626748556729824,0.3534527346261347,0.6406215082200493
883,0,X,X,D,1,0.4811883871787414,0.4642418019720335,0.2588939632554418,0.5864257309747865
883,1,Y,Y,J,0,0.4852288319911264,0.4631543580847765,0.25,0.6094163708169474
883,2,X,X,D,1,0.45812745143218286,0.46561211252226103,0.25,0.5527904723524341
883,3,X,X,D,1,0.4087127818346012,0.44849755845789896,0.25,0.4771564227175368
883,4,X,Y,J,0,0.40910165296767187,0.39256167789581936,0.2515324469865761,0.4925119516387147
883,5,X,Y,J,0,0.38059618982234744,0.38359759545866634,0.25,0.4831756530000719
883,6,X,Y,J,0,0.3581643479136919,0.4289078993154425,0.2814595766942215,0.4456099508405563
883,7,X,X,D,1,0.2941040279471867,0.42964364090701046,0.3030335358608813,0.46289536602287085
883,8,X,X,D,1,0.2946048455600722,0.4723852757128286,0.27190059572093556,0.40914529141501327
883,9,X,X,D,1,0.30953519031321,0.5008994927238282,0.291305004234602,0.3766197490408584
883,10,X,X,D,1,0.28772465741789816,0.4677826954761131,0.31260343872813307,0.3767500007849803
883,11,X,Y,J,0,0.25,0.44893299336389814,0.298051759807543,0.36659709651778
883,12,X,X,D,0,0.2764003217507937,0.45458879582987893,0.25535198340303666,0.33607328554420357
883,13,X,X,D,1,0.262517984136563,0.44760577176584004,0.25934179935804785,0.3171593219163349
883,14,X,X,D,0,0.269728173899285,0.4536405065106038,0.25880371751729014,0.33112408596212034
883,15,X,X,D,0,0.2627630567145138,0.41572921717836375,0.2644374710873223,0.3310818148702143
883,16,X,X,D,0,0.2750593446306999,0.41009753728193304,0.26603413838871914,0.3154939904249584
883,17,X,Y,J,0,0.2505463177572269,0.41243568636359157,0.29551523373550403,0.31263405738481154
883,18,X,Y,J,0,0.2554098673774865,0.4166812386704487,0.33465582712750575,0.3362117466400815
883,19,X,X,D,0,0.2876113316729635,0.38688629432139165,0.33436494148922197,0.3433329672092992
884,0,X,X,D,0,0.26801724142868416,0.5594304717140107,0.61145955605174,0.33031227818557346
884,1,Y,Y,J,0,0.2723719447281293,0.537628404937037,0.5548997558505885,0.35779211801139565
884,2,X,X,D,0,0.3122278482723711,0.550347687307794,0.5308114383266214,0.3728914181906266
884,3,X,X,D,1,0.3317439029433257,0.5194263017449057,0.5622351277845764,0.3594356145985177
884,4,X,X,D,1,0.33052240505433844,0.5535361707542786,0.5127729001019302,0.377075358895946
884,5,X,X,D,1,0.33839930118412404,0.5352170562559929,0.46981385714723145,0.36335283879734825
884,6,X,Y,J,0,0.3263524534013155,0.5623149056380453,0.4798257762713845,0.38105696271996814
884,7,X,Y,J,1,0.31883625690387546,0.5382086020519602,0.4699173139541415,0.3504369470215451
884,8,X,X,D,0,0.3308057595680806,0.5148733937770811,0.46274508009085047,0.3553847340085151
884,9,X,X,D,0,0.328642821753963,0.5071349094708859,0.4418545577678892,0.379834175419205
884,10,X,X,D,0,0.2985268182175034,0.4919391487778439,0.46172228746372257,0.3938516365343644
884,11,X,X,D,1,0.3413294592852555,0.5200023607162668,0.4407425837228737,0.3989397229809929
884,12,X,X,D,0,0.3331944386514003,0.5265806576656897,0.4166522961564527,0.38824285767294614
884,13,X,X,D,0,0.320826858011232,0.5223567921015887,0.3956319033583605,0.39193189380939547
884,14,X,X,D,1,0.30173135079307456,0.4816112916663562,0.3699603539763732,0.38933249035951806
884,15,X,Y,J,1,0.28583297028823573,0.48695145222675984,0.36755576480768154,0.4299272954700267
884,16,X,Y,J,0,0.2856592294377376,0.47732902989060144,0.3964246468638911,0.4425776562973881
884,17,X,X,D,1,0.3175028883244583,0.44911543486756456,0.3439364800076271,0.4418473108042939
884,18,X,X,D,0,0.29700156275713313,0.45978661195512033,0.33610931599006605,0.4395042309929268
884,19,X,X,D,1,0.3127347229364676,0.4353849973021109,0.32262991342981584,0.4575008619743255
885,0,X,X,D,0,0.6173012086381641,0.32245036779954755,0.5978911010849883,0.6250236284147515
885,1,Y,X,F,0,0.5986773198004641,0.2766823673649792,0.6011522995947858,0.6377180573258933
885,2,X,Y,J,1,0.6023156286637973,0.27466638086665074,0.5999568102463785,0.6220396805521282
885,3,X,X,D,1,0.6078917559263743,0.277363363616223,0.5939630265690331,0.6327969650230612
885,4,X,X,D,1,0.6143484294110179,0.25,0.569080789397872,0.6349489973030387
885,5,X,X,D,1,0.6430912237544878,0.2875161095159526,0.5194346206749438,0.6084795044467977
885,6,X,Y,J,1,0.6754664031490852,0.257599538973991,0.537097405805864,0.6028224260853388
885,7,X,X,D,1,0.6764727376068926,0.2723345584779489,0.560751055084981,0.6245825798564729
885,8,X,X,D,1,0.6872425979962937,0.2600518925988354,0.5022009164125688,0.6319732358477829
885,9,X,X,D,1,0.6501444502018778,0.25,0.49454238136308526,0.6390581609295458
885,10,X,X,D,1,0.6941918532114215,0.25,0.5107591770495621,0.617085879585431
885,11,X,Y,J,0,0.6925847024607235,0.26008392174385137,0.5315965485171911,0.6553536878732236
885,12,X,X,D,1,0.73582831093636,0.2588476863328264,0.5269670870302878,0.6511592045115944
885,13,X,X,D,1,0.7456857993667475,0.25960173771186257,0.5330661880465912,0.6276734570266327
885,14,X,Y,J,0,0.7266345668789576,0.28705281919092546,0.5237707153759665,0.6588513684576701
885,15,X,X,D,0,0.7426445995068925,0.29272016320266986,0.5422515563471229,0.6680498259765262
885,16,X,Y,J,1,0.6914060911186112,0.3168510688294772,0.5419894641292666,0.6770816617449061
885,17,X,X,D,0,0.6966254180118926,0.2791323892917407,0.5153741839445893,0.6615549845145072
885,18,X,X,D,1,0.7241311378877411,0.2870709185218267,0.5139099211008696,0.6902503704570571
885,19,X,Y,J,1,0.75,0.281641257221813,0.484216415766723,0.6842733703012167
886,0,X,Y,J,0,0.6220515520451688,0.2679404661494181,0.41908307945172235,0.5813876939680686
886,1,Y,X,D,1,0.6136805297110507,0.2865873937858413,0.41718007063148466,0.5769757915428754
886,2,X,Y,J,0,0.6085402043050882,0.25,0.45203556423670915,0.5543110533749569
886,3,X,X,D,1,0.5947949486580446,0.25,0.4560049313305663,0.5793984795166647
886,4,X,X,D,1,0.5886668981349437,0.27429651253258186,0.45884707013871856,0.5547589887997633
886,5,X,X,D,1,0.5897555914804571,0.2895486490949472,0.494548631673017,0.5956542285826283
886,6,X,X,D,0,0.6053891166678571,0.2814801453256059,0.49293568715601593,0.632225207486811
886,7,X,Y,J,0,0.603161701727805,0.2828804227368873,0.5074031389831528,0.6046109342299024
886,8,X,X,D,0,0.593380748501573,0.25,0.5324762575058338,0.63211747261545
886,9,X,Y,J,1,0.5437767373349028,0.25,0.5865436981112115,0.5932468018986229
886,10,X,X,D,0,0.5891842757086607,0.2975949227241748,0.6214139223717312,0.5589511387467844
886,11,X,Y,J,1,0.5638468943105578,0.30863357481740483,0.6525707160696974,0.5556280444573268
886,12,X,X,D,0,0.577502772772922,0.29011721132502627,0.6484177231703551,0.5652304729008921
886,13,X,X,D,1,0.5650285272240984,0.27765313141767733,0.6377321032647338,0.5761173687602048
886,14,X,Y,J,1,0.5377348120982267,0.2928182357418858,0.6474418931283954,0.5750130312254762
886,15,X,X,D,0,0.52959726582059,0.338065537675989,0.6169282360024058,0.5421892627298285
886,16,X,Y,J,1,0.5608094802164117,0.30565710726449014,0.6547861869104754,0.5141509759330136
886,17,X,X,D,0,0.5153057969499847,0.2752603267713244,0.6827446236500483,0.5020450126911983
886,18,X,X,D,0,0.5058449918083445,0.27388205088012696,0.6808945681575448,0.4862025605988224
886,19,X,X,D,0,0.4938229626982669,0.2586152491248283,0.669799707961471,0.4664718709715566
887,0,X,Y,J,0,0.5908478066132016,0.49768521540379157,0.37091210119159934,0.4592183950304539
887,1,Y,Y,J,0,0.6348431610946256,0.5120380948063279,0.3514913214763271,0.4688746157459736
887,2,X,X,D,0,0.6643251111734597,0.509873714278161,0.4131731231627947,0.4656973806753272
887,3,X,X,D,1,0.6765177225904948,0.5287201404131535,0.4160618942470503,0.4719050386497628
887,4,X,X,D,1,0.6506549893437603,0.5079547005078646,0.4576823540629936,0.4868338219284729
887,5,X,X,D,1,0.6603987688234583,0.4713300052753973,0.4286332116596036,0.4941248946738701
887,6,X,X,D,1,0.6695131026655766,0.5046041038187099,0.408542632333583,0.5106219863757194
887,7,X,X,D,1,0.666996386989227,0.48036222234941556,0.3423791757692434,0.48554706106441153
887,8,X,X,D,1,0.6839005834146096,0.4697165848273916,0.31338668803980496,0.47767988787580345
887,9,X,X,D,1,0.6803673065098199,0.47504050093203554,0.2747535598752832,0.4694229192418243
887,10,X,Y,J,0,0.6878136565916895,0.5018763941105115,0.29920528916464273,0.45299691889684235
887,11,X,X,D,1,0.6839102698099827,0.4936085007374996,0.25,0.45535860904313447
887,12,X,X,D,0,0.701575818482402,0.4627591102134864,0.27844443122367496,0.47198769945914365
887,13,X,X,D,1,0.6562746388134414,0.4730218848190647,0.29328495531111165,0.448696360586956
887,14,X,X,D,1,0.6494183418141269,0.4746999199393163,0.30439793564879664,0.43277839063744494
887,15,X,Y,J,1,0.652171169778779,0.4773865438591272,0.31232789028808544,0.45171887962038204
887,16,X,Y,J,1,0.6594265314849245,0.45675734206480934,0.3366739941695407,0.4787510231864907
887,17,X,X,D,0,0.6295984727650786,0.44009926857167686,0.3317957949319366,0.47996737808349743
887,18,X,Y,J,1,0.6090016522472659,0.4201878244357207,0.32199037847719403,0.47783402976214845
887,19,X,X,D,1,0.6377778142405949,0.4259588406866686,0.30684818522167007,0.45208284306299573
888,0,X,X,D,1,0.6728023446104435,0.330262521323996,0.25918708488019243,0.2902686854629935
888,1,Y,X,D,1,0.6916905044318007,0.3366286601199675,0.25,0.3234685224652066
888,2,X,X,D,1,0.7046518472812014,0.34213066636676764,0.25,0.36269284572721755
888,3,X,Y,J,0,0.715629385543394,0.3628205855540789,0.25,0.30014011509178595
888,4,X,X,D,0,0.7286951990543985,0.37055254036163315,0.25,0.3339917435851732
888,5,X,Y,J,0,0.7396976902350397,0.3782389917786787,0.2505971059968365,0.33188866535018036
888,6,X,X,D,0,0.75,0.35949679413415647,0.25,0.336027570166418
888,7,X,Y,J,0,0.75,0.32747878733864294,0.29674459305813794,0.2889687585259914
888,8,X,Y,J,1,0.75,0.29185885342284296,0.3533078813667739,0.36095790178420417
888,9,X,X,D,0,0.7171065794952426,0.30032196594140353,0.35467500892338366,0.3874827460194065
888,10,X,X,D,1,0.7231209936334027,0.2989423473602721,0.3385356043163096,0.40678239325678095
888,11,X,X,D,0,0.701732545966529,0.3162776647376267,0.31949153588121404,0.42173183362556094
888,12,X,X,D,1,0.7216874609530897,0.3061192944970848,0.31557833681322023,0.39031999871109246
888,13,X,Y,J,0,0.7139158737214273,0.33676538670563566,0.3226568967164885,0.4014739692523981
888,14,X,X,D,1,0.7287634080885943,0.38400239965951066,0.3512608698831014,0.4262250772941749
888,15,X,X,D,1,0.7084348940081359,0.41374062340974693,0.35042462372908095,0.4379440961510289
888,16,X,X,D,1,0.6866658075036196,0.44976050217955693,0.31149972588974684,0.4367349884258946
888,17,X,X,D,1,0.7112380819325018,0.417466324269317,0.3236413547752709,0.3878218866816531
888,18,X,X,D,1,0.6854502895878183,0.44645208273454356,0.3320502453388321,0.36612311994469615
888,19,X,X,D,1,0.684700630584779,0.4224567718293804,0.39999113288207755,0.35307980761447655
889,0,X,X,D,1,0.746879211461777,0.7109119127617799,0.5987149486544712,0.5386314568442679
889,1,Y,Y,J,0,0.75,0.6992472693379853,0.6067473459574635,0.5042651029860817
889,2,X,Y,J,1,0.75,0.7279970297691655,0.5838226104038959,0.43942452075649824
889,3,X,Y,J,1,0.7303958730752992,0.722518181294634,0.562122514760054,0.4113698772820027
889,4,X,X,D,1,0.713905371100188,0.7410579670436629,0.5624561465602521,0.40108881627990406
889,5,X,X,D,0,0.75,0.75,0.593282220996732,0.3902519158450001
889,6,X,Y,J,0,0.75,0.7216666014914221,0.5849765159642474,0.3915577872784948
889,7,X,X,D,0,0.7374180571716827,0.7490151416444322,0.5762007725758848,0.37293038480446755
889,8,X,X,D,1,0.7243054559524784,0.75,0.5503316327977821,0.3389012134530914
889,9,X,X,D,1,0.7416624588149165,0.75,0.552753236198382,0.34706092910926156
889,10,X,X,D,1,0.75,0.7381183162192948,0.5690334698367158,0.34192295545324064
889,11,X,X,D,1,0.7301519446738308,0.7488085387933772,0.5477302115749626,0.3628740535785042
889,12,X,X,D,0,0.75,0.7332786418482038,0.5732785694742728,0.34548565378154666
889,13,X,Y,J,0,0.75,0.6778875780111048,0.5604295867945202,0.37720616538139606
889,14,X,X,D,1,0.748887223457558,0.6531374956909513,0.5972981021497873,0.4084367761307118
889,15,X,X,D,0,0.727219936804442,0.696711944002482,0.5786210774167172,0.4448833994721603
889,16,X,X,D,0,0.7174068655349487,0.7175717574806707,0.6023190798855849,0.46468685619274935
889,17,X,X,D,1,0.7330342884001624,0.7104718298804574,0.6078307757645213,0.4370982394120387
889,18,X,Y,J,1,0.7308648245119201,0.7327740652231468,0.6119306045736189,0.41999274195225156
889,19,X,Y,J,0,0.7265913608205705,0.7446178511090924,0.6191662341217661,0.46236000531961113
890,0,X,X,D,1,0.6286701204140059,0.26729840167084007,0.3864820932976166,0.4318820076397755
890,1,Y,Y,J,0,0.6459480812474488,0.28597262197501333,0.3754052943857056,0.45147628699288084
890,2,X,X,D,0,0.6645544523510433,0.25,0.3398609501677608,0.46233225506803366
890,3,X,Y,J,0,0.6227875688653732,0.25,0.34419834655240583,0.41620806031637686
890,4,X,X,D,0,0.6418850039651527,0.25,0.3524597328711224,0.40206549527300006
890,5,X,Y,J,0,0.5881933814040493,0.25,0.34093335709117495,0.3553759520186904
890,6,X,Y,J,0,0.5527977425626214,0.25,0.33793355703187067,0.3928276455561629
890,7,X,X,D,0,0.5559143302245285,0.2750338500148846,0.35416535279077277,0.41429274010148226
890,8,X,Y,J,0,0.5569977161953051,0.2697768533164502,0.3751269516125694,0.40712536733601756
890,9,X,Y,J,0,0.5916498931155171,0.28861672320101717,0.33616338622716013,0.3789307973813132
890,10,X,X,D,0,0.6194849444038012,0.3400156309265394,0.2951118196032671,0.3510737838123183
890,11,X,X,D,0,0.611541197206479,0.31519842836731937,0.2942849432249433,0.3644019608732145
890,12,X,Y,J,0,0.6568720893432872,0.3299520577902334,0.2932641812020234,0.2956669605844964
890,13,X,X,D,1,0.6449699537574204,0.31411264028090613,0.2651386410525972,0.26110705646403753
890,14,X,X,D,0,0.6235716102790039,0.31655701620196447,0.3128067322117894,0.26387859234179817
890,15,X,X,D,1,0.603388537789319,0.2930739213583539,0.3509197025329026,0.2982262911899586
890,16,X,X,D,0,0.6167583702584125,0.30062033664937976,0.34796449325232753,0.29551534345176206
890,17,X,X,D,1,0.615662008771023,0.3476347453582769,0.32915984553977196,0.31609559736121423
890,18,X,X,D,1,0.6494683773152241,0.3270778538623103,0.3141236874927799,0.3353202728023231
890,19,X,X,D,0,0.5977481700638209,0.2970076329082432,0.2931125182598427,0.35756602061133475
891,0,X,X,D,0,0.28836804554624224,0.48558437988810466,0.4050131711174741,0.6368898328647068
891,1,Y,X,F,1,0.2867063450629327,0.4859944176677355,0.38854611983088716,0.620673511910377
891,2,Y,Y,J,1,0.31724908413806885,0.47713439983605727,0.39505779227188614,0.6055208982261076
891,3,Y,Y,J,0,0.3273891756990818,0.4708392271053128,0.3873844760206741,0.5632461173293299
891,4,X,Y,J,0,0.31244924234277544,0.49812636712065606,0.38933878188050713,0.5557448600621914
891,5,X,X,F,1,0.2980724864982167,0.5486800277159165,0.38612228023138623,0.5784194978608674
891,6,X,Y,J,0,0.32963942229115867,0.5551536113288517,0.3833044797294159,0.5958458020485604
891,7,X,Y,J,0,0.35358444563219005,0.5177690920888537,0.36035924940994296,0.6058958168431027
891,8,X,X,F,1,0.41516827800237877,0.5293284384703283,0.35072642762008055,0.5427812664575108
891,9,X,X,F,0,0.410295500528252,0.5299689666897519,0.37126595055064754,0.5122689933297454
891,10,X,Y,J,0,0.40809899125266,0.5464081593518461,0.3827063260638718,0.481794434847712
891,11,X,Y,J,0,0.39977000184683015,0.5667490149252636,0.3945092795155303,0.4837417495411164
891,12,X,X,F,0,0.39997563638642597,0.5895036459175508,0.4074500786049051,0.4527868891870812
891,13,X,X,F,1,0.39743928328701167,0.5822436069063784,0.3879040939702454,0.4350058659462103
891,14,X,X,F,0,0.37638980294010016,0.5497369956510751,0.4806728464014311,0.44147915794622805
891,15,X,X,F,1,0.37407271263470543,0.5264504348572835,0.5173850281578619,0.4556208979947724
891,16,X,X,F,0,0.40034073417116217,0.5216483179905491,0.4840866103724449,0.4652589900880009
891,17,X,X,F,1,0.40330501990018863,0.5535753896926859,0.4822742510271414,0.4910219394023494
891,18,X,X,F,1,0.4184335520648869,0.6070287421181697,0.4615606454732441,0.48753366292806755
891,19,X,Y,J,0,0.44265738352571893,0.571783992836939,0.4430429099898044,0.488669760346819
892,0,X,X,D,0,0.39713147570677776,0.5490247704940797,0.39902263611657973,0.42404195047823146
892,1,Y,Y,J,0,0.35821389103608625,0.537727557380419,0.3851333211299725,0.4094785899282646
892,2,X,X,D,0,0.3694678692330436,0.5513876686498663,0.4216422109119138,0.3664637120598017
892,3,X,X,D,1,0.33649852424413873,0.5795117747691269,0.37852822065737496,0.36757639623076066
892,4,X,X,D,0,0.33662969871369575,0.5609623308953543,0.36534192646342123,0.3652964734907914
892,5,X,X,D,1,0.2772245138723259,0.5581907332013366,0.353698727040438,0.36621129971167554
892,6,X,X,D,1,0.2771753784447006,0.5532026867972881,0.28343002401089096,0.38157650341287336
892,7,X,Y,J,1,0.2699071718697866,0.5233856316050511,0.3107762959302292,0.40792036431764256
892,8,X,X,D,0,0.2514764848689842,0.5208387977411724,0.2527634179083568,0.4497627090347614
892,9,X,X,D,1,0.2656741352079715,0.4795516961280942,0.2644114929435506,0.43229205033695983
892,10,X,X,D,0,0.25,0.5141340979417086,0.2538632850814009,0.4335555340576903
892,11,X,Y,J,0,0.25,0.5240491602702068,0.25,0.4574163124239816
892,12,X,X,D,1,0.29269026227665185,0.5096732958200916,0.27470439251275036,0.4682499578857625
892,13,X,X,D,0,0.3426868454858447,0.5390525368831897,0.28854622643360595,0.5063378461329641
892,14,X,X,D,0,0.4086859870645309,0.4876374926300581,0.2888285442790487,0.4754798482616146
892,15,X,Y,J,0,0.4326418043457176,0.506835760389222,0.2582100140315228,0.46921301069065596
892,16,X,X,D,0,0.4346983155652828,0.538908495330316,0.28234774419726827,0.49449560348436544
892,17,X,X,D,1,0.43948745521386,0.5524583894431022,0.25,0.47886774230446605
892,18,X,X,D,1,0.4262960214660431,0.5662679664095703,0.25134808312299983,0.47545219200317407
892,19,X,Y,J,1,0.45412050283800304,0.5654861178233009,0.2694436605259593,0.48480217806302384
893,0,X,X,D,1,0.5046877226853945,0.5827292568710407,0.7252905303487044,0.587838777083216
893,1,Y,X,D,1,0.4814696988278817,0.5942585577886151,0.7354545825503956,0.6114695465572078
893,2,X,X,D,0,0.45168073950581417,0.5545045474125954,0.75,0.6228526204853255
893,3,X,Y,J,1,0.42032699353056935,0.5129021374105812,0.7468055484487849,0.6250418051859202
893,4,X,X,D,0,0.44089506637091214,0.5257773157506092,0.75,0.6194205125515446
893,5,X,X,D,0,0.44328055793337234,0.48490716119271016,0.75,0.5915993983123812
893,6,X,X,D,0,0.4701420628020704,0.46878543201847506,0.7433898596946241,0.56900046332003
893,7,X,X,D,0,0.49607880032528034,0.4163412357900014,0.75,0.5576387847820152
893,8,X,X,D,0,0.5156636419459266,0.42535506465793066,0.75,0.552370531100704
893,9,X,X,D,1,0.5143545475707022,0.45496076178364453,0.7490660757386154,0.5383752885049755
893,10,X,X,D,1,0.511558468862139,0.4405545692597063,0.741314229207325,0.5258095028199093
893,11,X,X,D,0,0.5126986604510128,0.4406337385802589,0.7312714148266215,0.5120254342099213
893,12,X,Y,J,1,0.5001508196516626,0.4594200561809203,0.7045713260823558,0.49914348459350094
893,13,X,X,D,1,0.4519673403393987,0.47751821024043883,0.705984036274658,0.44087326800442916
893,14,X,X,D,1,0.4837284925061225,0.4734236060176991,0.7195397270605902,0.4629266501246027
893,15,X,Y,J,0,0.5102755160482437,0.5039628350353935,0.729577236037993,0.4337595407610112
893,16,X,X,D,1,0.5201162768462637,0.5282527935819704,0.7237281270251338,0.3801433031835554
893,17,X,Y,J,0,0.55498708021069,0.565146821641074,0.7126151153730093,0.41540968957594016
893,18,X,X,D,1,0.5418485492817081,0.5690329617321173,0.698278938222989,0.3934315178518568
893,19,X,Y,J,1,0.5682810577543087,0.5777069901382312,0.6676035866074511,0.39109449331196083
894,0,X,X,D,0,0.3119232130176589,0.31145018262729063,0.5805144391287325,0.26242038491713315
894,1,Y,X,F,1,0.29212691146622044,0.31855544766619914,0.5449015951684743,0.25
894,2,Y,X,F,0,0.2840540478352361,0.27646327965654677,0.53797537739744,0.25
894,3,Y,Y,J,0,0.2796390343001117,0.25,0.513876447970573,0.28370411816667246
894,4,X,Y,J,0,0.25,0.25,0.5019433594149134,0.306182052780073
894,5,X,X,F,0,0.27058208680197243,0.25,0.49341471454471203,0.30253612963997384
894,6,X,X,F,1,0.3220466182427788,0.2563549958135854,0.4934903993659873,0.3560190066191543
894,7,X,Y,J,0,0.30883636622268884,0.2775951875617483,0.48349126270696635,0.3665921034102773
894,8,X,X,F,0,0.29604638030517966,0.25140403158559504,0.4844328462907586,0.3887412613958222
894,9,X,X,F,1,0.3147248643336105,0.25084685716206084,0.4863974261152338,0.38403546520174064
894,10,X,Y,J,1,0.2820268558363796,0.28026647861847026,0.49251334015340914,0.412749091623539
894,11,X,Y,J,0,0.2811307063332979,0.3092856233754046,0.45557888357091647,0.41655348512823254
894,12,X,X,F,0,0.25,0.31341258632516655,0.4377583807391136,0.4081755490500907
894,13,X,Y,J,0,0.25,0.35050135761414236,0.41597819513335144,0.38916449659462765
894,14,X,X,F,1,0.25,0.3869724589726323,0.40828856100010874,0.37226583484945236
894,15,X,X,F,0,0.25,0.40160921720405574,0.4449416583275554,0.3735541925086269
894,16,X,X,F,1,0.25,0.3823443325361271,0.4729279580062278,0.3985798141172499
894,17,X,X,F,1,0.25,0.41244750565882765,0.5050171271060591,0.41908887636738074
894,18,X,X,F,0,0.29128145424992047,0.4127533856684707,0.4853326241759478,0.4225966848033866
894,19,X,X,F,0,0.25669271908889485,0.4284719004583086,0.4895822477536144,0.4589055141835469
895,0,X,X,D,1,0.6976974401915639,0.6180797492601166,0.5497808850385268,0.627183987880013
895,1,Y,Y,J,1,0.7106949259074958,0.6077428343342621,0.5414981871702509,0.6831042973436352
895,2,X,X,D,1,0.7073694381639256,0.5765930484791324,0.5757856882063864,0.726070927585886
895,3,X,Y,J,1,0.7103091650055186,0.5509803242175499,0.5690930085324829,0.7399368048410089
895,4,X,X,D,0,0.6880639597099497,0.5415912963826766,0.5508699327299178,0.7352254817443754
895,5,X,X,D,1,0.6648995942268486,0.5514012492792475,0.56669311518685,0.75
895,6,X,Y,J,0,0.6758528516366755,0.5893204657339398,0.5556278190450744,0.7490083495084887
895,7,X,Y,J,1,0.6827271073067396,0.6361398088397041,0.5954769756701783,0.75
895,8,X,X,D,1,0.6796682610650941,0.6492518670142674,0.5968775682182196,0.7262415619196099
895,9,X,Y,J,0,0.7134137499713606,0.6820046956969927,0.5775115235981887,0.7254653653162277
895,10,X,Y,J,1,0.7124944808520876,0.6880050656427322,0.5629991918149366,0.7222590763117537
895,11,X,X,D,0,0.7182052975283983,0.660562567578896,0.5323534896616794,0.7056417252183026
895,12,X,X,D,0,0.712659315109151,0.6791094686445809,0.47953889141592215,0.7298169006438944
895,13,X,X,D,1,0.7204038084863738,0.6962856650208806,0.4512678880447332,0.75
895,14,X,X,D,1,0.6963573809797114,0.7115213856587406,0.44709544616563335,0.7191243030946671
895,15,X,Y,J,1,0.7378274319473094,0.6970656889260992,0.45702391264092723,0.6945783837197052
895,16,X,X,D,1,0.7309002867144146,0.6945679401227326,0.46408366628962605,0.7010566438137128
895,17,X,X,D,1,0.75,0.6877968461395995,0.46681598167791033,0.6909845935818678
895,18,X,X,D,1,0.7397254800344991,0.7270588090725243,0.45412946980343927,0.6844624116482704
895,19,X,X,D,1,0.75,0.7419510467709004,0.4448868643133355,0.655460582738819
896,0,X,X,D,1,0.5511809145162219,0.7169367348065805,0.7249731345422376,0.29931280337976623
896,1,Y,Y,J,1,0.6100947438761566,0.7286876297945154,0.7431017828382745,0.31439514235298194
896,2,X,X,D,1,0.6205034459773036,0.727197799327977,0.75,0.33125472034643255
896,3,X,X,D,1,0.5903541989071177,0.6713532545278497,0.7057917773123694,0.32961369058899925
896,4,X,Y,J,1,0.5689059841435353,0.7314001824582858,0.707022196559605,0.35623314239579074
896,5,X,X,D,1,0.5699015894447618,0.7404034940986075,0.6862512847045622,0.39140977806857785
896,6,X,X,D,0,0.5583325145709995,0.7227401979070065,0.6764164732801797,0.3693078843099181
896,7,X,X,D,1,0.5944468178638301,0.6946480335631112,0.6673664750960857,0.36505602819019156
896,8,X,X,D,0,0.6316435405199317,0.7033429272557256,0.6612230345965562,0.4021038310750057
896,9,X,X,D,1,0.5897480734401342,0.7082109354717185,0.6335178293764705,0.400076283438479
896,10,X,X,D,1,0.6250409762703767,0.7056901555474824,0.6294924394180138,0.37482750918104674
896,11,X,X,D,0,0.6044727261886248,0.6773722458890303,0.6321833193296936,0.3844072169915157
896,12,X,X,D,1,0.6434732206712033,0.6914067740937372,0.6562410212709994,0.3446883568248626
896,13,X,Y,J,1,0.6919289616061606,0.693981866710701,0.5984546454583184,0.35180555792355783
896,14,X,Y,J,1,0.6803110462100441,0.6979320458141375,0.6070777587976676,0.3308181810423798
896,15,X,X,D,0,0.6797927776395781,0.6905639768390793,0.628949709728339,0.3145371083995272
896,16,X,X,D,0,0.6631481349099881,0.7009083187385763,0.6246297195831286,0.31717593712746395
896,17,X,X,D,1,0.6759979005599239,0.7095704789995353,0.6261007384140798,0.27581412184005005
896,18,X,Y,J,0,0.6830507530765069,0.75,0.6524354055539561,0.2904082568888482
896,19,X,X,D,1,0.7231005886522309,0.75,0.6617242047935574,0.27831643428919517
897,0,X,X,D,1,0.5872095046376992,0.7110527539233421,0.26578807672250676,0.7276966354831276
897,1,Y,Y,J,1,0.6085953913713764,0.6887547471962758,0.28804699996617494,0.7280779637175276
897,2,X,X,D,1,0.5851854891932325,0.6860135182468703,0.31818446772683495,0.7022718928048777
897,3,X,X,D,0,0.5857509069058603,0.7031361194956885,0.3236521677766501,0.7095274981645717
897,4,X,X,D,0,0.5842494015167499,0.7107262931549359,0.34931608177305934,0.75
897,5,X,Y,J,1,0.5693562003241385,0.7116152007615302,0.3765285942338863,0.75
897,6,X,X,D,0,0.5509340188581775,0.7123109280918343,0.3886499677085791,0.75
897,7,X,Y,J,1,0.5084101709726734,0.6907563549631407,0.3890862570332286,0.7475315026278757
897,8,X,Y,J,1,0.4760736692746728,0.6580942031035373,0.3539916929588066,0.7021003049932439
897,9,X,Y,J,0,0.452001326579591,0.6678007916064255,0.2983168748833615,0.6852011318264221
897,10,X,Y,J,0,0.39451334067921767,0.6171622375834303,0.28037937556866666,0.6651624522859194
897,11,X,X,D,0,0.40704525338646,0.6275303950718321,0.3046668827040154,0.703121943417907
897,12,X,Y,J,0,0.39951236373583837,0.6218667518222524,0.29663751332148214,0.7010023225787951
897,13,X,X,D,0,0.41241135255703126,0.6256753744096395,0.3140540966111847,0.7083626506231315
897,14,X,Y,J,0,0.4637679353663937,0.6343012900105197,0.27720007950161846,0.688610652148694
897,15,X,X,D,0,0.49070354680569794,0.6279549606517298,0.26558959970725443,0.6518843530491203
897,16,X,X,D,1,0.48654423148120507,0.6180299828766288,0.27074497016117466,0.6388571985346332
897,17,X,X,D,1,0.49061293793362615,0.6225494775686801,0.3025128706716735,0.6466106016140696
897,18,X,X,D,1,0.46341549492827167,0.6324605718723452,0.3139753178424181,0.6282800562348205
897,19,X,X,D,0,0.46439600668671893,0.6600361406585827,0.2879883545439195,0.6267414361229483
898,0,X,X,D,1,0.39597125787933973,0.502199808264506,0.7002135494116248,0.521712663543149
898,1,Y,Y,J,0,0.36139836782283274,0.4974295129083138,0.6948876178837714,0.5268748569313965
898,2,X,Y,J,1,0.3365111871422213,0.5230172715848307,0.7214254603014659,0.4883133186345874
898,3,X,X,D,0,0.3359331031912844,0.5218472568378115,0.7215601779448957,0.5036881930311603
898,4,X,X,D,0,0.3538862378948318,0.5383714400506222,0.7008231559657933,0.5036699597218696
898,5,X,X,D,1,0.31014056889453834,0.5460031452850073,0.75,0.5032673828462237
898,6,X,Y,J,1,0.305140086632468,0.5048155444135364,0.75,0.5308958486149324
898,7,X,Y,J,1,0.2721161614690595,0.5038627561101016,0.75,0.5412853367412496
898,8,X,X,D,1,0.29327197468430055,0.5627259560035698,0.75,0.5318879536782594
898,9,X,Y,J,1,0.2855366741657812,0.5692852304071492,0.75,0.5460166149739467
898,10,X,X,D,1,0.32279187671300796,0.544208390782709,0.75,0.5091737286524294
898,11,X,Y,J,1,0.31581012053705476,0.5407468758983013,0.75,0.5227496578526096
898,12,X,X,D,1,0.33300698981927707,0.511533595927574,0.75,0.5367878749267594
898,13,X,Y,J,1,0.30646045536127847,0.5256009127269612,0.75,0.5680212109502637
898,14,X,X,D,1,0.3063609673916907,0.531321365618962,0.730624717464725,0.5740979347644106
898,15,X,Y,J,1,0.30039157500358704,0.5260967646197482,0.6986866744788814,0.5307055422020023
898,16,X,X,D,0,0.2671612093458934,0.5176324961302522,0.72321229351615,0.5500715970927237
898,17,X,X,D,0,0.2760789959405636,0.5171667404633781,0.7386402297773895,0.5874814173306511
898,18,X,Y,J,0,0.2689072768979062,0.4939263240823736,0.75,0.6312851077241828
898,19,X,X,D,0,0.25,0.5264230489119968,0.75,0.625567145892616
899,0,X,X,D,0,0.4563229785619429,0.6911917301908561,0.5140445970864151,0.48706764990428175
899,1,Y,X,F,0,0.45286438688564096,0.6960085504310084,0.5240933140527618,0.5185690527058009
899,2,X,Y,J,0,0.43786019143265253,0.7094355878248673,0.502873750885121,0.4985537441206832
899,3,X,X,D,1,0.45416370230291214,0.696474781996942,0.4724604619696098,0.5040937138226556
899,4,X,X,D,0,0.4661638067493527,0.6943149049726491,0.5009199581362244,0.4727142145720765
899,5,X,Y,J,1,0.49102703683360277,0.6784304541733381,0.48792312168301233,0.4657315460635559
899,6,X,X,D,1,0.49724518014701996,0.7126439804702632,0.46449154009316196,0.49589348810489914
899,7,X,X,D,1,0.5340575378920941,0.7069565709705261,0.48216026079967816,0.522024721874656
899,8,X,Y,J,0,0.5271956127095243,0.6756944803297491,0.45529885744803167,0.5525435455577795
899,9,X,X,D,1,0.5458856541895457,0.6500734808893178,0.43723800527644296,0.5726774147570987
899,10,X,Y,J,0,0.580688760890922,0.6432264111503297,0.44486396976230974,0.6155730130525169
899,11,X,X,D,1,0.5930724481077774,0.6098000709975961,0.47607569608860095,0.6447492433152981
899,12,X,Y,J,0,0.5581351371951028,0.6283054954485869,0.5132787616685406,0.6459177685295576
899,13,X,Y,J,1,0.5691526926933813,0.6448979924881698,0.4814676721937029,0.6542327406048858
899,14,X,X,D,0,0.5812339043843046,0.6904957398590416,0.47741781443050857,0.6748149722447202
899,15,X,X,D,0,0.5676537462465941,0.6650615616900024,0.49516478278679654,0.6401215080195154
899,16,X,X,D,0,0.501839813983903,0.6365610137718907,0.4614786141136525,0.6032828648607488
899,17,X,X,D,1,0.5475668297862695,0.6056633253741681,0.39560453178211424,0.6056332381513025
899,18,X,Y,J,1,0.518962091826325,0.580354955053816,0.379989545703891,0.6018351387121473
899,19,X,X,D,0,0.543002533926009,0.5431240231604667,0.3691216070446298,0.5869449723265953
900,0,X,X,D,0,0.6858948995201096,0.6246222469963312,0.6384131370788583,0.28405429667744686
900,1,Y,X,F,0,0.7080875828323252,0.652400086642256,0.6172093295053411,0.2957897668359022
900,2,X,Y,J,1,0.7090390790937664,0.6863879263435434,0.645862110220765,0.30472275985157954
900,3,X,X,D,1,0.75,0.6045440958176962,0.60361891291423,0.31926539198728965
900,4,X,Y,J,0,0.7097616837355646,0.6166894324075429,0.6081429377630955,0.28849301133000044
900,5,X,X,D,1,0.7168823273503978,0.653160600862879,0.5669088477884413,0.28561005063589384
900,6,X,X,D,0,0.734451762720873,0.6697210377332672,0.5958280646633501,0.2892662648281921
900,7,X,X,D,1,0.723604838609544,0.6665635297246453,0.6120943497812934,0.29048544674466686
900,8,X,X,D,0,0.7155032300096911,0.6222701356937644,0.6140993102385739,0.28156068656260136
900,9,X,X,D,1,0.7302769105908278,0.6304534082382545,0.5957499635214261,0.30744484773271047
900,10,X,Y,J,1,0.7186950431252681,0.6354322557632955,0.5995790373037113,0.3142715805724216
900,11,X,X,D,0,0.7048004471951463,0.6550819241350218,0.5866196415404624,0.32918220824972944
900,12,X,X,D,1,0.6677256504934573,0.611156799622783,0.6197079266672805,0.3166055521851927
900,13,X,X,D,1,0.7038795534566971,0.616763023638634,0.5824789430943104,0.32523562184450944
900,14,X,X,D,0,0.7093396637553321,0.6104081745276384,0.5813018074452655,0.30444994696834865
900,15,X,X,D,1,0.7295864005553534,0.6069604357733401,0.5611291695200192,0.3015770626366551
900,16,X,X,D,0,0.7448011849079231,0.6072616073866839,0.5500115426401601,0.3266891621828879
900,17,X,Y,J,0,0.7243610556444493,0.5836603646155308,0.5678111446236801,0.2850118168544905
900,18,X,Y,J,1,0.7199293399071393,0.6525934055382712,0.6051126673825769,0.26839295780141503
900,19,X,X,D,0,0.7378958700998165,0.5845803668196775,0.6081134704351778,0.2595651853072922
901,0,X,X,D,1,0.5844240221108478,0.25737711339575997,0.6651119691769353,0.2976189801692964
901,1,Y,Y,J,1,0.6065647487078603,0.25,0.7168421083703985,0.257672827631858
901,2,X,X,D,1,0.5856274338663182,0.25,0.7416446828242608,0.29472062774526886
901,3,X,X,D,1,0.6005165734029799,0.25,0.7323739288230983,0.2700479355834939
901,4,X,Y,J,0,0.5718174279505963,0.26740413413566166,0.7271709624732438,0.2750947100386336
901,5,X,X,D,1,0.5878203298983674,0.2581924846892725,0.7174742354239919,0.2558939726465652
901,6,X,X,D,0,0.6032927874438213,0.26980379415606576,0.6939304539112361,0.25
901,7,X,Y,J,0,0.6000130679037862,0.33206485103086875,0.7005468767818979,0.25386766259955595
901,8,X,X,D,1,0.5911057794167213,0.3292471409705547,0.7240423729751856,0.2671805892010483
901,9,X,X,D,0,0.5890951975148703,0.3556225854302315,0.7148574213450092,0.25
901,10,X,X,D,1,0.6107964459987063,0.3722443942317712,0.6929657896572208,0.25
901,11,X,X,D,0,0.6111234941373961,0.3684189474208366,0.6671083516025001,0.25
901,12,X,X,D,1,0.5955761868077558,0.3557662721111058,0.670940419946456,0.266311605979527
901,13,X,Y,J,1,0.6459840905549866,0.38984441237838574,0.6621154006898738,0.27056900215144675
901,14,X,X,D,1,0.60228186297365,0.3433896711153683,0.6538561947862807,0.2655224516555277
901,15,X,X,D,1,0.6140042671434333,0.3480966407950738,0.6766566356190622,0.25445226785706354
901,16,X,X,D,1,0.6277610751938518,0.35295984835297545,0.6366410635796315,0.25531691319696703
901,17,X,X,D,0,0.695796695267241,0.36983351827433164,0.6194737286125632,0.25
901,18,X,X,D,1,0.6854007620127016,0.36681392706954696,0.6168035734176877,0.25023394890451756
901,19,X,Y,J,0,0.6960306959767125,0.37142051154195105,0.63311957624002,0.25
902,0,X,X,D,1,0.46541472103422304,0.5540143920899847,0.47060975986692377,0.5211261461824717
902,1,Y,X,D,1,0.44311744200890874,0.5611601304022441,0.4782279326741135,0.5020393751185899
902,2,X,X,D,1,0.4213775339982575,0.5218277808823673,0.46634432790782915,0.4975494078439657
902,3,X,X,D,0,0.43071862881847517,0.5119346186788197,0.49351148986111143,0.514225599633815
902,4,Y,Y,J,0,0.4346191230423675,0.49401139033571,0.5112265242727319,0.5317367595624398
902,5,X,X,D,1,0.46750024903326937,0.5048017043149655,0.5135325810922682,0.5632952012161987
902,6,X,Y,J,1,0.4875286830504598,0.528684610859048,0.5351249135016883,0.5488320096246805
902,7,X,X,D,0,0.5009692296859433,0.49509610163302475,0.4955893247659404,0.5526407192511296
902,8,X,X,D,1,0.5435423993334504,0.49224233224816255,0.48494023619734006,0.5944905377890948
902,9,X,Y,J,1,0.541145434785858,0.46903631768150006,0.4805818314920568,0.6309127305784477
902,10,X,X,D,1,0.4918658920852585,0.45729392676996616,0.5173686145511064,0.6586449880190883
902,11,X,X,D,1,0.4729909015280749,0.4356707534562454,0.5070958835331264,0.6582747258778749
902,12,X,Y,J,1,0.5062244841618493,0.43716362512322693,0.5542235946900373,0.6736077239118913
902,13,X,X,D,0,0.502928488187253,0.4354950211510288,0.5546524097537876,0.6762336236728318
902,14,X,X,D,1,0.4261342595624028,0.4156712550114392,0.5682728607144866,0.6777782736890217
902,15,X,X,D,0,0.35700739353102195,0.44421205145401566,0.5720330597985493,0.6896015867786028
902,16,X,X,D,0,0.3587024723609957,0.4327699447108082,0.5412594047478494,0.6995190104004734
902,17,X,X,D,1,0.3421863213369129,0.4044544838422873,0.5633530230545806,0.7160741366378176
902,18,X,X,D,0,0.32038505378518634,0.38522596880740684,0.5469781559031157,0.7372319997782252
902,19,X,Y,J,0,0.32573825929727984,0.3267327031893206,0.5795133336076925,0.711332394876758
903,0,X,X,D,1,0.6473994611920971,0.5455493131885445,0.3955227709819294,0.5683223890076811
903,1,Y,Y,J,1,0.642135439030692,0.5476809289472292,0.398625094165154,0.5409109002823632
903,2,X,Y,J,1,0.6556237079550243,0.5180632561681421,0.4019498611352715,0.5608177962772667
903,3,X,X,D,1,0.6385516328540062,0.5256017969366179,0.38400170372795434,0.5712131756704136
903,4,X,X,D,1,0.6800651251656256,0.5364845337398391,0.386382543821246,0.5322584186307181
903,5,X,Y,J,1,0.7027018314625828,0.5522994161067953,0.41368786776932515,0.5941760596080141
903,6,X,X,D,0,0.7039118938468667,0.5557560340622524,0.4409715374747217,0.5616694025489757
903,7,X,X,D,1,0.6715165318209227,0.5499420289738028,0.4475062806558288,0.546847807955726
903,8,X,X,D,1,0.6565246005921197,0.518591969273871,0.47198486348010293,0.5425395016567618
903,9,X,Y,J,1,0.6525305792278209,0.5572561472175575,0.45369803145885584,0.5199414352127989
903,10,X,X,D,1,0.6308843671757852,0.5544182274950595,0.43683568521510935,0.5197175640281856
903,11,X,X,D,1,0.6586612915932396,0.5196060590024122,0.42111994414468196,0.5268583291021446
903,12,X,Y,J,0,0.6798702724328326,0.4960714825751452,0.45005929629163266,0.5006864409510154
903,13,X,X,D,1,0.6636622813269497,0.49159103733868176,0.44195422741983537,0.503540306065999
903,14,X,X,D,1,0.656475412303169,0.4716403539130763,0.43165143376655346,0.5410809680193069
903,15,X,X,D,1,0.6087883826732955,0.42178591738903365,0.39995000312077605,0.5653217167788533
903,16,X,Y,J,0,0.5665317632450134,0.4264514104636671,0.3983911496691459,0.59213106183746
903,17,X,X,D,0,0.5617170671466781,0.4006405799212704,0.42683692647729693,0.6112954196772143
903,18,X,X,D,0,0.5578663019609268,0.4046710970113488,0.45092235634540867,0.6049136221494413
903,19,X,X,D,0,0.5338964583813638,0.42097614024972774,0.4583970244783091,0.5796566024984173
904,0,X,X,D,0,0.6869102829739696,0.5546726660412813,0.49504191978743567,0.2614269164200493
904,1,Y,Y,J,1,0.7017165816094567,0.5404366473834773,0.5288456851442882,0.25
904,2,Y,Y,J,1,0.7412952831618803,0.5375853130887922,0.4922398538569072,0.25
904,3,Y,Y,J,1,0.75,0.5690239348058355,0.44080552627601105,0.2772698784617307
904,4,Y,Y,J,0,0.746876785424637,0.5621930499082994,0.44209134183739474,0.2711225440471445
904,5,Y,Y,J,0,0.75,0.5860616629377059,0.4596685742242944,0.2878996652564321
904,6,Y,Y,J,1,0.739304182773448,0.5670279575645049,0.43538932579890505,0.30267532626822713
904,7,Y,Y,J,0,0.75,0.569322746062458,0.41645736315746407,0.2979054458830907
904,8,Y,X,D,1,0.7321860099696511,0.6117943787973487,0.4046777623861865,0.2990947418596431
904,9,Y,X,D,1,0.7353278570748072,0.6240337943845502,0.39904646070217353,0.30072368347516937
904,10,Y,X,D,0,0.7062127673287945,0.6224417076665435,0.3622776498099692,0.3234334786332167
904,11,Y,X,D,1,0.7376877338150563,0.6177960221949468,0.3721374297436362,0.319897353352057
904,12,Y,Y,J,0,0.7215196883599532,0.6455621412657733,0.3776172632681785,0.3439690245973643
904,13,Y,X,D,1,0.7182926408026252,0.64659573364952,0.38118908880447006,0.3615776704778105
904,14,Y,X,D,1,0.6557670926538683,0.6068343089643592,0.4103122517260021,0.3112104429316241
904,15,Y,X,D,1,0.6610736689594588,0.5840616998571135,0.3947101585995353,0.3239370823890641
904,16,Y,Y,J,1,0.6575365135986602,0.6100054772486437,0.3847908490651074,0.3204101460760825
904,17,Y,Y,J,1,0.7162335902123187,0.6286429499402475,0.3784631679300185,0.317317332184709
904,18,Y,Y,J,0,0.7172138378193122,0.6562220747284403,0.3816099882508399,0.29498717383938383
904,19,Y,Y,J,1,0.7145036336215775,0.6420777640329121,0.3693098030036543,0.3000678268743973
905,0,X,X,D,0,0.3163420354975594,0.573549191197684,0.6337513392651772,0.41143743666446553
905,1,Y,Y,J,0,0.2987388604855961,0.6095542702996832,0.6212495452516719,0.3637648185909822
905,2,X,X,D,0,0.25471762913831275,0.640988856293267,0.6163107519184886,0.36007683885578173
905,3,X,X,D,0,0.25,0.6670907822773644,0.6366898825711084,0.31897746799485305
905,4,X,X,D,0,0.25564250750533984,0.6410018433684935,0.6401961218107984,0.31221289041445865
905,5,X,X,D,0,0.25,0.6932040751068804,0.6425861095168753,0.2972099240723333
905,6,X,X,D,0,0.2544069371761983,0.7151794802743103,0.6352541264767181,0.28912677687503063
905,7,X,X,D,0,0.2713452521712955,0.7399927319918108,0.5455656366207109,0.2994876762297133
905,8,X,X,D,0,0.2957677807236719,0.75,0.520848636298724,0.2866731721908333
905,9,X,Y,J,0,0.30270171337466567,0.75,0.5031673668195898,0.30164708211339436
905,10,X,X,D,0,0.32960706667191725,0.75,0.4910628088068865,0.32351421440774386
905,11,X,X,D,1,0.3762556297210149,0.7030887643549188,0.5223919969166493,0.29344534519712634
905,12,X,X,D,1,0.34926305637405197,0.69656627144311,0.5306038224004264,0.2555051353068945
905,13,X,X,D,0,0.34483894099761875,0.6582900704341349,0.5131918714034022,0.25326404559759097
905,14,X,X,D,1,0.31637067320942086,0.6591132872726916,0.4843570064276819,0.25
905,15,X,Y,J,0,0.3137179860520315,0.6519251844687922,0.46539483098762435,0.25
905,16,X,X,D,0,0.36297685042171685,0.6209957226033747,0.46822520078177005,0.25
905,17,X,X,D,0,0.38214197513434395,0.6742059970395409,0.48394057394237155,0.25274049893655715
905,18,X,X,D,0,0.3661124039178387,0.6629188115972763,0.45262861630969636,0.25
905,19,X,X,D,0,0.3785501672252205,0.6477279084463564,0.4791162942936509,0.25
906,0,X,X,D,1,0.686685893046266,0.43529127135125495,0.5551243809475046,0.419722040868682
906,1,Y,Y,J,0,0.6945478288364217,0.4483546076080569,0.5653775743304585,0.4003937895705968
906,2,X,X,D,1,0.7180548989812081,0.4377675885093749,0.5999049128975034,0.4175185501631934
906,3,X,Y,J,1,0.7167258984200455,0.43956483234711247,0.6116830666216198,0.43633093716876215
906,4,X,X,D,1,0.6536137706714091,0.4206160018778433,0.6148445513609988,0.42996877099474584
906,5,X,X,D,0,0.6611079640562356,0.4172599029453954,0.582643968165279,0.40498846333494287
906,6,X,X,D,0,0.64207049147665,0.4387018394268048,0.635858368192846,0.40955767955410866
906,7,X,X,D,0,0.6178494214452493,0.4749533376439851,0.6226291401309442,0.3876243409159147
906,8,X,Y,J,0,0.5819219146931008,0.4597202508569728,0.6286337306374482,0.390213294341027
906,9,X,X,D,0,0.5367239277357648,0.44528465082151075,0.6332491035656531,0.3887644227746389
906,10,X,X,D,1,0.5297048901943602,0.42927757365844793,0.6351805984288366,0.37294657590549785
906,11,X,X,D,0,0.5009159975996562,0.4184732998799135,0.6665892823674645,0.32462849515299386
906,12,X,Y,J,0,0.4716296779202668,0.3693737647875972,0.6581566318961904,0.32630053938097703
906,13,X,X,D,1,0.5004275019527404,0.3553074219405707,0.6458669265163447,0.34171322661111747
906,14,X,Y,J,0,0.4850724577499858,0.3555437283519769,0.6658222447451778,0.35367448269105756
906,15,X,X,D,0,0.46657900833406457,0.3475233422618688,0.6429054928362337,0.3175269428350293
906,16,X,X,D,0,0.4542205730612883,0.34379020207802435,0.6616627602909039,0.3173591684856302
906,17,X,X,D,1,0.43012941841993424,0.33244864874395824,0.6433656217588803,0.33265582623766465
906,18,X,X,D,0,0.48543303953304484,0.3016280285614006,0.6683999192709469,0.3109040182366977
906,19,X,Y,J,1,0.5123575554818591,0.3282817293705854,0.6450089778600658,0.29393812716537004
907,0,X,Y,J,0,0.6382442300573421,0.5110910908299501,0.3901431441347421,0.40030091094549214
907,1,Y,Y,J,0,0.6027795337328647,0.4805040273064737,0.3715378779373983,0.4237994045063099
907,2,X,X,D,0,0.5948363530264822,0.498450561210297,0.32530370517271656,0.3866201659378485
907,3,X,X,D,1,0.6040276759245415,0.5308474196724992,0.3842577093769776,0.3765163706455973
907,4,X,Y,J,1,0.6375040641584073,0.4990865114294567,0.3848610990115179,0.34555011524214924
907,5,X,Y,J,0,0.5990754725375853,0.5346936753542452,0.38750626477300465,0.421080797388755
907,6,X,Y,J,1,0.6069702409334362,0.5474654762882182,0.4371606711188665,0.40944516359989536
907,7,X,X,D,1,0.5998520907040552,0.5113321757355439,0.47879226616314263,0.39502432713273533
907,8,X,X,D,1,0.6299064413537697,0.4913150348334271,0.46716995553382623,0.3833470343223131
907,9,X,X,D,1,0.5983962281644088,0.49867810230139764,0.47958351543709277,0.3788737423868454
907,10,X,X,D,1,0.6051652675000113,0.45406078642644776,0.42282123423191914,0.37606118011729595
907,11,X,X,D,0,0.6228639944687867,0.4634486046151246,0.44848554067937996,0.3721626640899544
907,12,X,X,D,0,0.6534698984428695,0.43702563056464455,0.4412372765806125,0.3668374779732815
907,13,X,Y,J,0,0.6493736101152726,0.43361526330746997,0.48647572248336235,0.34466695145221504
907,14,X,Y,J,1,0.6665252839909069,0.41378694742164684,0.505243849340533,0.3736363311812459
907,15,X,X,D,1,0.6943901010032674,0.3577499189159007,0.47794924703226527,0.3733009937280129
907,16,X,Y,J,0,0.7329796737221591,0.3390462483342346,0.4649147292355709,0.32135237400787575
907,17,X,X,D,1,0.75,0.3576874021622079,0.43324902297655965,0.32111803217687696
907,18,X,X,D,1,0.7095729870716668,0.29855284473159543,0.4368603940705393,0.3253338047829876
907,19,X,X,D,0,0.7135165841229196,0.30024756110992024,0.4274889037378891,0.3285624806634604
908,0,X,Y,J,1,0.5003892318805135,0.32467918008965946,0.6739118859653754,0.43984145165258565
908,1,Y,Y,J,0,0.5074984036509416,0.29387723800649834,0.654412444207584,0.4375753069207971
908,2,X,X,D,1,0.4545562183794115,0.3209695734739895,0.677056323026187,0.42035824157196566
908,3,X,X,D,0,0.4919344336248471,0.3229610852559027,0.6316774176207184,0.4521000046995649
908,4,X,X,D,1,0.517068801568721,0.33114616374918826,0.6254493560398071,0.4595961798480913
908,5,X,Y,J,1,0.49733032580900777,0.3286763076794975,0.6102618252079043,0.4162357841790951
908,6,X,Y,J,0,0.5004054133787167,0.3255078516526475,0.6207007138911773,0.37288563253223933
908,7,X,X,D,0,0.532076918557941,0.31788824307402375,0.6037193038911062,0.38871144330339213
908,8,X,Y,J,0,0.5608881191063141,0.32669875123011627,0.5734433097041164,0.36306217318190087
908,9,X,X,D,1,0.5716531583373639,0.329299511575925,0.5821067172145077,0.4165322298942337
908,10,X,X,D,0,0.5357795438037755,0.27249730057200766,0.5898083332737389,0.4409067225369429
908,11,X,X,D,0,0.5483173803679563,0.27131645621009237,0.560396215294553,0.4564611892887428
908,12,X,X,D,1,0.5838833027173855,0.2734876360800106,0.5834977945554596,0.5001772608775757
908,13,X,Y,J,0,0.559481263272826,0.25,0.5776967790686156,0.4952921747759517
908,14,X,X,D,1,0.5532237905637724,0.25,0.5572936700566029,0.4964138603777881
908,15,X,X,D,1,0.5256549190598215,0.2755827363784538,0.5353648227209125,0.465027434932491
908,16,X,Y,J,1,0.5196921982413824,0.3227868867178336,0.5124286011395949,0.46268753565391396
908,17,X,X,D,0,0.5217590025251335,0.3311912938877455,0.5064504549863079,0.416541293497269
908,18,X,X,D,0,0.47160749961505394,0.3489238240059771,0.5112979971043136,0.41951766221304926
908,19,X,X,D,0,0.44350261350556414,0.35257831125462374,0.4970320680167847,0.4090095864362596
909,0,X,X,D,1,0.7255859006599414,0.6600015655897806,0.3505487108746074,0.5989366681747749
909,1,Y,Y,J,1,0.7016643530763612,0.6960971152040103,0.32904048406683056,0.6267984626315969
909,2,X,Y,J,1,0.7216315582608404,0.7125194598845306,0.32752051766967516,0.640907058304195
909,3,X,Y,J,0,0.6763435510169189,0.7036102405168178,0.27213939955118716,0.6233570071731775
909,4,X,X,D,1,0.6318696808901164,0.7064272320756576,0.28990351794583596,0.6091883235702156
909,5,X,Y,J,0,0.5842441296196559,0.6631143963532375,0.26168093447114976,0.6293206483235885
909,6,X,X,D,1,0.6007129275072878,0.6755780938465503,0.26103615851709844,0.6371297641440118
909,7,X,Y,J,0,0.5903943229893073,0.6579847917220859,0.28591494944571183,0.6147880476482888
909,8,X,X,D,0,0.614482733823355,0.6373667404141102,0.3163665622249707,0.6183813128815878
909,9,X,Y,J,0,0.5900323354569083,0.6545079589498501,0.29886819604037484,0.607278996165986
909,10,X,X,D,0,0.6148834958532927,0.6491244842344351,0.30226042439050127,0.6013114107973044
909,11,X,X,D,1,0.6035376547525113,0.6941992780124119,0.2802750284164155,0.5865222052322845
909,12,X,X,D,1,0.634627127049835,0.7198397031791578,0.2797464616987806,0.5970767601661973
909,13,X,X,D,1,0.6439248288656486,0.745681860411628,0.265219383041066,0.5680303495115074
909,14,X,X,D,1,0.6429764458253515,0.75,0.2647187047452697,0.5741399554413075
909,15,X,X,D,0,0.6116198321662126,0.75,0.26198462281641277,0.5999098861627954
909,16,X,X,D,1,0.6293975057436033,0.7237767522585227,0.25,0.5952982270268358
909,17,X,Y,J,1,0.587783330258498,0.679660896609448,0.25785431178308954,0.5675932881369785
909,18,X,X,D,1,0.5666461886879863,0.6526106579653859,0.25,0.5862783991143318
909,19,X,Y,J,1,0.5414240499253294,0.6427701930410157,0.26925037413740843,0.5857284304000497
910,0,X,Y,J,0,0.3562373822677031,0.6307822885512352,0.3318217131564506,0.4090083212271755
910,1,Y,Y,J,0,0.38523482917741214,0.5732164862022535,0.3155954580586138,0.4115447649560857
910,2,X,X,D,0,0.3905634547077629,0.5626477334990205,0.3272575501818207,0.4093837025559185
910,3,X,X,D,0,0.4076284571491091,0.5541301374806922,0.36965927354690764,0.42999333109978904
910,4,X,X,D,1,0.4105432823338196,0.5246688728127532,0.3387122994745371,0.3878915815650013
910,5,X,X,D,0,0.3947368855937579,0.48449566673740974,0.33884152690384506,0.3669394013115393
910,6,X,X,D,0,0.45315836210717947,0.4768825765508567,0.3655269518782927,0.33060618022803445
910,7,X,X,D,0,0.4378009712361914,0.48223157754567203,0.38331506750752875,0.32207969180904716
910,8,X,X,D,1,0.4277738659396578,0.4785509949696237,0.36160001031115924,0.3394431661868854
910,9,X,X,D,1,0.4862424756769947,0.49048653069785464,0.3957220453826994,0.3481476634532105
910,10,X,X,D,0,0.5061032641868954,0.46652576347198216,0.3525463604564564,0.3150600781757441
910,11,X,X,D,0,0.4988730063136814,0.47257279839576893,0.3511117139262706,0.3111240086215121
910,12,X,Y,J,0,0.47195628319976063,0.46008801591219906,0.36274050869206087,0.29486694111639095
910,13,X,X,D,0,0.48623819708204946,0.5158356887606123,0.36597640601706927,0.25
910,14,X,X,D,1,0.5183107617973712,0.46293222476753093,0.354289847490085,0.25
910,15,X,X,D,1,0.5219610699985847,0.4669037536650201,0.3575141282162773,0.25077916423016633
910,16,X,X,D,1,0.5392475669235219,0.44322575065051534,0.36023781293570956,0.25
910,17,X,X,D,0,0.5513986481865495,0.45000973178643,0.33223576252967996,0.25
910,18,X,X,D,0,0.5874030411413773,0.4538931306396174,0.32026325657449434,0.25
910,19,X,X,D,0,0.6040232021967705,0.431666538067315,0.2861945525943458,0.25
911,0,X,X,D,1,0.5215953048425208,0.2869377681894367,0.6429428326626413,0.6785370699015345
911,1,Y,X,D,0,0.4973864596470969,0.2804730656508753,0.6956868199641585,0.6519757850255473
911,2,X,X,D,1,0.4783380600959767,0.25,0.6693579108414722,0.6209795082196198
911,3,X,Y,J,1,0.45409262128868155,0.25,0.6682036834706151,0.6422353624954198
911,4,X,X,D,1,0.4789100160703729,0.2621151213184918,0.6365131134321982,0.6318870362574217
911,5,X,Y,J,1,0.506867935090662,0.2779652998773465,0.6312310769117555,0.6260055076241728
911,6,X,Y,J,0,0.4947930152574086,0.25939779268787466,0.6057245405662608,0.6305111556638143
911,7,X,Y,J,1,0.4831656531815809,0.27251290617670854,0.6064086312717035,0.6363234329440712
911,8,X,Y,J,1,0.4757871147413223,0.2649941910962484,0.6248739134264076,0.6266301699566305
911,9,X,Y,J,1,0.5175335327370508,0.2642902427896261,0.5929240019725722,0.6218201040799636
911,10,X,X,D,1,0.5459036823918003,0.30332883330413807,0.5947946363176042,0.6272507983065285
911,11,X,X,D,1,0.5598974952911949,0.31458528420163867,0.5947977211856286,0.6415374768582738
911,12,X,X,D,0,0.6132234245385143,0.32524456774643173,0.6205204991452687,0.6416400652287688
911,13,X,X,D,1,0.5996605568212846,0.33728947479024796,0.6435079172670752,0.6930838490155644
911,14,X,X,D,0,0.5516444227683072,0.33257980673889004,0.6245552996920961,0.7183821635806316
911,15,X,X,D,1,0.518183780502611,0.37930167855255825,0.6402803376374734,0.75
911,16,X,X,D,0,0.4602847379271082,0.3956348547886157,0.6302400225636097,0.6811968239560112
911,17,X,X,D,1,0.4381446345148005,0.38328003728572446,0.6308693504793869,0.6686764793459272
911,18,X,X,D,0,0.44659382245129237,0.3817251240279111,0.6393187324082167,0.5919639282196754
911,19,X,Y,J,0,0.44903678720814405,0.3395342285516012,0.6121102978165841,0.6204947594124551
912,0,X,X,D,0,0.5935080917659201,0.7392110164357795,0.6235958949067291,0.4636345877314254
912,1,Y,Y,J,1,0.5679237591663339,0.7074069104572791,0.6247382812078605,0.483457091755414
912,2,Y,X,D,0,0.5741216760038443,0.7037165881976849,0.5898909805686814,0.5420794278451693
912,3,Y,Y,J,1,0.5439085941627159,0.7343565955425537,0.6448741006706132,0.5529018509870918
912,4,Y,Y,J,1,0.5852429534398396,0.7457838002280657,0.6510335862760132,0.5544389717644603
912,5,Y,Y,J,1,0.5857752879442643,0.75,0.641175337429682,0.5783676705564813
912,6,Y,X,D,1,0.6511000724485992,0.75,0.5814491895215371,0.5860233816111065
912,7,Y,Y,J,1,0.6492703356022174,0.75,0.5714326448996292,0.60722992324816
912,8,Y,Y,J,0,0.6301167906847981,0.75,0.5769184482953501,0.582821162337459
912,9,Y,X,D,0,0.6162437906823759,0.75,0.5462816221596757,0.5568437425458136
912,10,Y,X,D,1,0.5955162604962498,0.75,0.546522071744556,0.5736947846506032
912,11,Y,X,D,0,0.6082267979242874,0.75,0.5396012435085588,0.5894415167411637
912,12,Y,Y,J,0,0.5910750880626637,0.6880278626423687,0.5475599370919545,0.584859722341572
912,13,Y,Y,J,0,0.6040434178535802,0.6681441172447842,0.574007797469379,0.6224271724471507
912,14,Y,Y,J,1,0.6309624236578021,0.6772590132973811,0.6049150345684808,0.6520403554298682
912,15,Y,Y,J,1,0.6403859479607649,0.6898398462645517,0.6025283107660964,0.6992582814307498
912,16,Y,Y,J,0,0.7070019130540954,0.6998139038503799,0.5541628164907705,0.6745293305902377
912,17,Y,Y,J,1,0.7044237163776922,0.6981249483796427,0.5441279413263947,0.678214761739675
912,18,Y,X,D,0,0.7002091235130219,0.7104673529777135,0.5702996175459376,0.6809666618083352
912,19,Y,X,D,0,0.6967514312849543,0.7007762752616878,0.5545944077231444,0.6467997495513323
913,0,X,X,D,1,0.3012444431080089,0.3350784683889364,0.40051566236898656,0.5771885547123556
913,1,Y,Y,J,1,0.2769160532548752,0.30382977136816663,0.3507541066202732,0.5703245579099351
913,2,X,X,D,0,0.29091776698318095,0.2913323556282894,0.3260036324663677,0.5274995980359946
913,3,X,X,D,0,0.2739428837072374,0.3089174498437805,0.3130027804561606,0.535999414500326
913,4,X,X,D,0,0.25,0.3020882393165371,0.29330099010164723,0.567458438001528
913,5,X,X,D,0,0.27238892485166805,0.30515370005502657,0.2698837497965127,0.5743470950326276
913,6,X,X,D,0,0.3029102068324834,0.32400807192096204,0.2679061565920374,0.5849544793771333
913,7,X,X,D,0,0.3488936567953464,0.34794463891746136,0.3156720948202224,0.5361353371106732
913,8,X,Y,J,1,0.3645909159853115,0.3713315828332661,0.3040393706060936,0.5398056242154397
913,9,X,X,D,1,0.3490138251680467,0.3520227591414202,0.3095473080797071,0.516157906059858
913,10,X,Y,J,0,0.33190028835882013,0.33332879454669123,0.3271601481679807,0.4890315697038302
913,11,X,X,D,0,0.32886485312256003,0.327502900786812,0.3185158224832891,0.49463119940153305
913,12,X,X,D,0,0.34094465617576863,0.3261286784581835,0.31451941399427885,0.4845384426790836
913,13,X,Y,J,1,0.32936421947625794,0.32410482796754086,0.3462245727822612,0.5270329678735187
913,14,X,X,D,1,0.2818677364301219,0.3230005873804542,0.33217278224387503,0.524638344821294
913,15,X,Y,J,0,0.25,0.329008563812909,0.3486680661339831,0.5284860335456019
913,16,X,X,D,0,0.25,0.32097882193567295,0.37691509985867255,0.5008820480296639
913,17,X,X,D,0,0.284970828086057,0.31811367942952656,0.38197122484610674,0.48850604006470894
913,18,X,X,D,0,0.2773655166906638,0.3037332525931854,0.3946415864077315,0.4628613133490529
913,19,X,X,D,0,0.29269649170177947,0.287954443721493,0.40636517382804854,0.4785023023232661
914,0,X,X,D,0,0.48021229622200623,0.27239076908000154,0.5266677659880523,0.5621551901272297
914,1,Y,Y,J,0,0.45119157830117346,0.2837420318656751,0.4753985127514442,0.5397667765104113
914,2,X,X,D,0,0.47412760615092314,0.25,0.4841516924737954,0.5587307488783375
914,3,X,X,D,0,0.49589653593433053,0.25374528275202957,0.5307737980739922,0.5550745813637212
914,4,X,Y,J,0,0.5131171351428201,0.25,0.5575245355183629,0.5686733516558528
914,5,X,Y,J,0,0.49128754204621816,0.25,0.5463513070445201,0.5561590724534206
914,6,X,X,D,1,0.4595442984478586,0.25,0.5435085146625955,0.5525785202375098
914,7,X,Y,J,0,0.4755783881238913,0.27241295562080864,0.5268507435231101,0.5244712412750985
914,8,X,X,D,0,0.45645202994698797,0.25,0.5626233985416276,0.5478235093410764
914,9,X,X,D,0,0.45324562267700763,0.25,0.5703074351117612,0.541820953481379
914,10,X,Y,J,1,0.48887442318692304,0.2554288927343792,0.5442954096134913,0.5304169706566308
914,11,X,X,D,1,0.5042408489624731,0.2946467555105306,0.5691379688811238,0.5114394403666147
914,12,X,X,D,0,0.5418957690383868,0.27829962663328706,0.5402744343837039,0.49999040452510746
914,13,X,X,D,1,0.5140008778711491,0.2736683408785319,0.5278032171254866,0.5382365320111957
914,14,X,X,D,1,0.5436201178524229,0.27816327752468395,0.519661569266549,0.5601669752451761
914,15,X,X,D,0,0.5805559420265356,0.25,0.5623335518811237,0.5859683986744388
914,16,X,Y,J,1,0.6167435959680608,0.25,0.5428460626669801,0.5690096500587557
914,17,X,X,D,1,0.589908824237112,0.25,0.5072423459316104,0.5863865744487979
914,18,X,X,D,0,0.5945720545243979,0.25,0.5336237988787873,0.5516733849082521
914,19,X,Y,J,0,0.5742613050500437,0.2663523074446296,0.5242411061232909,0.5130952496770738
915,0,X,X,D,0,0.49875545316428765,0.5209784698358753,0.2574738637406978,0.5527114632671574
915,1,Y,Y,J,0,0.4679535208202379,0.5287863815439693,0.25,0.5758038228115576
915,2,X,Y,J,0,0.4628495766209923,0.5273695460085912,0.26857400145386867,0.5699587128436499
915,3,X,X,D,0,0.46476740591905774,0.5291357393899208,0.25,0.5733159709716168
915,4,X,X,D,0,0.48073545191581013,0.5063242735695047,0.25,0.5661159144978578
915,5,X,Y,J,0,0.5075323975301772,0.5126042519433348,0.26542344591577993,0.5638381572337984
915,6,X,Y,J,0,0.5397273805648543,0.5233539924631216,0.25539510107182856,0.5849728904442828
915,7,X,X,D,1,0.5265416867920631,0.49893366277858564,0.26884952241549637,0.6200937782633194
915,8,X,X,D,0,0.5073117903740255,0.49910375730224554,0.2941187040795164,0.5918689465771685
915,9,X,X,D,1,0.5014970150927867,0.5079380108091728,0.32515704058321804,0.6040618904038958
915,10,X,Y,J,0,0.5022717741813415,0.501363643547363,0.29492921154577295,0.5595824496762499
915,11,X,X,D,1,0.5417479888432548,0.5194989107778266,0.2754744886659446,0.581173919380363
915,12,X,X,D,0,0.5759929940047849,0.5062757995992156,0.27405846504156306,0.562229322964096
915,13,X,X,D,0,0.5511443403091292,0.513840014618319,0.25,0.6153600647109122
915,14,X,X,D,0,0.5257819996270975,0.5279669773760584,0.2538385469174802,0.6056822009961517
915,15,X,X,D,0,0.5282276936792311,0.48851752668403736,0.25442264932944453,0.5916190746484018
915,16,X,Y,J,0,0.5017091878296669,0.5144164983061753,0.2624833651443668,0.5995768678907479
915,17,X,Y,J,0,0.4891078174195189,0.5172444132928191,0.25,0.6033253397145911
915,18,X,X,D,0,0.4821063152849115,0.5644967007242171,0.25855631097083265,0.5895906109714832
915,19,X,X,D,0,0.49415144122904137,0.5108687613811018,0.25,0.5583659860166439
916,0,X,Y,J,1,0.6512508064606215,0.26878796664413207,0.4073021710198602,0.6762176832061755
916,1,Y,Y,J,0,0.6790108895257813,0.25,0.3944150615601656,0.6677392764087628
916,2,X,X,D,1,0.6352892606189932,0.25,0.39832713676440146,0.6236161645467484
916,3,X,X,D,1,0.6514767858643895,0.25,0.38841680349971014,0.6291416452226589
916,4,X,X,D,1,0.6232407970083742,0.25,0.4009180332668427,0.6139772353736611
916,5,X,X,D,1,0.664367115204415,0.25,0.36903343934956845,0.6239272112414536
916,6,X,X,D,1,0.6294970391223563,0.25,0.40377280038036223,0.6197847782781187
916,7,X,Y,J,0,0.5870790877590395,0.25,0.37291783583500304,0.6421529782112144
916,8,X,X,D,0,0.5853226748314497,0.25,0.37645656888888673,0.646512830496475
916,9,X,X,D,0,0.5512360079430206,0.25,0.35552374417722477,0.6636854478347338
916,10,X,Y,J,0,0.5628823390853218,0.25,0.3353829560165522,0.6695697817607973
916,11,X,Y,J,0,0.5807107088992816,0.25,0.3617864240738744,0.6400549145245995
916,12,X,X,D,0,0.5337852059626095,0.25,0.4081892941120385,0.6611502794718259
916,13,X,X,D,0,0.5239247345011944,0.26215809800607487,0.40542797867830754,0.6759058926273115
916,14,X,X,D,1,0.5413076224652064,0.2777347307382775,0.4229837214866678,0.7147107055894826
916,15,X,Y,J,0,0.5251612161981914,0.3238227131092472,0.4165542322632381,0.7330910938051767
916,16,X,X,D,1,0.47772008008613787,0.32804297079295325,0.4174038656739223,0.7187021849715121
916,17,X,Y,J,0,0.4650747976109026,0.3036051349950485,0.3851916638720029,0.7149773666137695
916,18,X,Y,J,1,0.438341674702681,0.27947004280706383,0.41370478820677414,0.7058869023615986
916,19,X,X,D,1,0.43725842966076967,0.25,0.3779630641600244,0.712020790654304
917,0,X,Y,J,1,0.729232093771863,0.4097682161045135,0.36242670706753227,0.47196735907400583
917,1,Y,Y,J,1,0.75,0.3867449823865638,0.3747734136326892,0.4463245058894886
917,2,X,X,D,1,0.75,0.3829067984925349,0.35670126403944524,0.46843694791749757
917,3,X,X,D,1,0.75,0.36075231188945517,0.3685129475952048,0.5095051610959135
917,4,X,X,D,1,0.75,0.3523489630202039,0.42038989278577626,0.5056198098111169
917,5,X,X,D,1,0.7486888801799644,0.36548273621880933,0.4217861343917547,0.5252598519485736
917,6,X,X,D,1,0.75,0.3901250930654927,0.42441437286972544,0.541286484540546
917,7,X,Y,J,0,0.745546486623339,0.37524123994110603,0.40212157509591007,0.5510036681557517
917,8,X,X,D,1,0.7306757429070168,0.4125239857290552,0.39217801620491155,0.5377709043154926
917,9,X,X,D,0,0.7310222696447239,0.3903477035466393,0.42306958508517994,0.5021578233062959
917,10,X,X,D,1,0.75,0.402113096450467,0.39877168793874174,0.4647212520825291
917,11,X,Y,J,1,0.7250591961679272,0.3922072920990532,0.37467532691219807,0.4432049111747218
917,12,X,X,D,1,0.7269402829781698,0.4116929393151701,0.3635383253376376,0.43865630395601
917,13,X,Y,J,0,0.7214411074181734,0.4046967837615903,0.39164393870767616,0.43173935667500113
917,14,X,X,D,0,0.7029446779195925,0.40085928530139303,0.3926110292326539,0.4113810549348446
917,15,X,Y,J,1,0.7025916045688524,0.3978280271223889,0.4006288601797299,0.4319531657516195
917,16,X,X,D,1,0.6771890483952874,0.4111471996612335,0.41374327704175407,0.4215210962648547
917,17,X,Y,J,1,0.6341803633459739,0.4391437889850134,0.44866860339572306,0.42501420063242307
917,18,X,Y,J,1,0.6048641462847704,0.4390836457675644,0.42851831660775136,0.4670220272427222
917,19,X,X,D,1,0.6232585806171334,0.4131271806804531,0.45936714518539373,0.4865897773341734
918,0,X,X,D,0,0.41216394837390086,0.603272463872998,0.4132127557727417,0.5084147402224469
918,1,Y,Y,J,1,0.4035672550840829,0.6389991091398624,0.4730102937595593,0.5461361771683324
918,2,Y,Y,J,1,0.38173745794346087,0.6283565537724988,0.4967252909847294,0.5806735942178697
918,3,Y,Y,J,0,0.36818348849502297,0.6482614408912336,0.5042230487084701,0.595483872941935
918,4,Y,X,D,0,0.36375264083302494,0.638707180642514,0.5262729169921554,0.6242415946220266
918,5,Y,Y,J,1,0.3359359618388973,0.6433639534244074,0.570080041327162,0.6487829807262095
918,6,Y,Y,J,1,0.31960189436126024,0.6421482047553584,0.5649745111549797,0.6426496065264902
918,7,Y,Y,J,1,0.3636346226376087,0.6588734541217768,0.5718299146292433,0.6836874055845304
918,8,Y,Y,J,0,0.3542475071795774,0.6031823968773035,0.6293977145594212,0.6870022205187952
918,9,Y,X,D,0,0.3463450485815453,0.6540069840231253,0.6258413285453984,0.737319083824061
918,10,Y,Y,J,0,0.3600108598175013,0.6935504803983884,0.6324842367151594,0.75
918,11,Y,Y,J,0,0.34012604076579644,0.6765967101222705,0.6367560086306325,0.7443165448530202
918,12,Y,Y,J,0,0.3928553030386309,0.6841804312990423,0.6347461128420303,0.7364911758489228
918,13,Y,X,D,0,0.3522025069679976,0.7322363646875409,0.6413730694386958,0.7055123066839337
918,14,Y,X,D,1,0.3444705653613811,0.7419947050175205,0.6295862390366893,0.7096701414034998
918,15,Y,Y,J,1,0.3535555498868951,0.7344922548170617,0.6314111721675346,0.7290988876306663
918,16,Y,Y,J,1,0.36393983483515585,0.7291973829866296,0.6304994694319951,0.7282876516993116
918,17,Y,X,D,1,0.32696288422936426,0.7430687008162847,0.6340191341402821,0.7269100952780069
918,18,Y,Y,J,1,0.2775294709046748,0.75,0.5976263803052358,0.7095194468071684
918,19,Y,Y,J,1,0.26798415750607807,0.7468509122165757,0.5913268292795456,0.75
919,0,X,Y,J,1,0.3492933299142714,0.5709743037259024,0.6022983720557932,0.4309125231966587
919,1,Y,Y,J,1,0.34179829932361117,0.5753738621065115,0.6135641150987565,0.42953886744418285
919,2,X,X,D,0,0.33983962622476854,0.5544674199451097,0.6007210529641203,0.4433672671922875
919,3,X,Y,J,1,0.36951003848247815,0.5591858923553376,0.6315593267380673,0.40333226487746576
919,4,X,X,D,0,0.3287748765091324,0.5528369460260036,0.6920680186725983,0.3988072674769825
919,5,X,X,D,0,0.3676406868430948,0.5572751477080436,0.696235715865007,0.42507051462368173
919,6,X,X,D,1,0.3852236991775052,0.5488721483331881,0.6794648068131822,0.42151257949313115
919,7,X,Y,J,1,0.39341998340431544,0.5669230612955156,0.6327722773954106,0.45579549698076943
919,8,X,X,D,0,0.31057717887746245,0.5611880474531635,0.6592012362517319,0.47414990535023205
919,9,X,Y,J,1,0.32502981208214454,0.5630012751025139,0.6487481543098962,0.4793974794112179
919,10,X,Y,J,1,0.2704971294924442,0.5559276094210287,0.6464608767547921,0.5061710452896473
919,11,X,Y,J,0,0.2660903780740098,0.5816961667612441,0.6264821740234454,0.524016374648068
919,12,Y,Y,J,0,0.2640811212477268,0.571011040953311,0.6712408773763823,0.5352154031713438
919,13,X,Y,J,1,0.2689352870671448,0.5993803802542402,0.6661006636286259,0.4983942986612956
919,14,X,X,D,0,0.30192407122942466,0.5941492096190305,0.6694894338429591,0.43505229889517294
919,15,X,X,D,1,0.3227142190313956,0.6025002574308863,0.6286744029710625,0.46552674774899805
919,16,X,X,D,0,0.27252012087620253,0.6049362677925507,0.6332180600228063,0.47353367417870207
919,17,X,X,D,0,0.2878279911492733,0.6243913504228401,0.624854960955242,0.492979908861588
919,18,X,X,D,0,0.2634956404062631,0.6562516210805873,0.6248960275201024,0.45517789245638346
919,19,X,X,D,1,0.2963137429944251,0.6455436077997805,0.6216372450679561,0.4879924808103399
920,0,X,Y,J,1,0.5082351075322635,0.45629001804952746,0.365094098819707,0.41890232425959184
920,1,Y,Y,J,1,0.5667591484565705,0.4899990409368365,0.34583955805662686,0.42729112783056905
920,2,X,X,D,0,0.5674389269516421,0.49037919608323044,0.31652724765766976,0.3922288181273243
920,3,X,Y,J,1,0.5506353708862998,0.49446006530717285,0.3244293130226216,0.36035763586431996
920,4,X,X,D,1,0.5283824807516861,0.521184739392013,0.28630877445639036,0.4272377984114386
920,5,X,Y,J,1,0.5557353714902469,0.5175039510525662,0.3141108193664604,0.4628282877814478
920,6,X,Y,J,0,0.6069418977326604,0.45108208662262883,0.3012563840857973,0.4777510872578675
920,7,X,Y,J,0,0.6232633807924046,0.5138077617835698,0.3081621000306256,0.5028457944440017
920,8,X,Y,J,0,0.6551434821589378,0.5496839119591954,0.328254260419028,0.4742092411701787
920,9,X,X,D,1,0.6771342888600443,0.5926912913110844,0.329410937091948,0.4525062492151006
920,10,X,X,D,1,0.6714535711663109,0.5895924446770939,0.3189032433485272,0.44290811309133754
920,11,X,X,D,1,0.6939250272494807,0.5977247761993043,0.2997770825458017,0.4257181885897144
920,12,X,X,D,1,0.7180596758183346,0.5798856001557106,0.336997198574741,0.4161849987192634
920,13,X,X,D,1,0.7400439439437588,0.5781626390745191,0.34153505095073056,0.4315307116554091
920,14,X,X,D,1,0.7125247933580624,0.6133063080461811,0.33038111469954085,0.4353511572151873
920,15,X,Y,J,0,0.7363619646433216,0.6184549580849066,0.3208704747056539,0.42810496276293675
920,16,X,Y,J,0,0.75,0.6471162713315006,0.3216171287184622,0.4296721226365625
920,17,X,X,D,1,0.7388202528896309,0.6107234203897625,0.3345728473926486,0.39877709537339956
920,18,X,X,D,1,0.75,0.6083600058590483,0.3561732932753636,0.3737685701679462
920,19,X,X,D,1,0.7454418794555336,0.607835479258394,0.3870134593918508,0.39417606007527056
921,0,X,X,D,1,0.5829872461261685,0.4024094608914582,0.31931095144480864,0.2745680275072221
921,1,Y,Y,J,0,0.5577757494259316,0.3790691780396229,0.3449322395265553,0.25280358871922376
921,2,X,X,D,1,0.5454150249275983,0.4046243482778287,0.32488782186711745,0.26006966199554854
921,3,X,Y,J,1,0.5597865242264632,0.39861099466436456,0.3319019766855268,0.2537591327414125
921,4,X,Y,J,0,0.5770893405626976,0.4155463310319914,0.3601740058059065,0.2761495781891204
921,5,X,X,D,1,0.5494456463022532,0.44100795126468534,0.31812153498580764,0.25
921,6,X,Y,J,0,0.5452735110185681,0.39213684623064426,0.34412804182804113,0.25
921,7,X,Y,J,1,0.6069256127765971,0.3999692779364699,0.34936783553705425,0.259203815964422
921,8,X,X,D,1,0.6029398070748038,0.41420447296340135,0.31955925521106043,0.25
921,9,X,X,D,1,0.6100179396880401,0.38441444774470174,0.2970153508739233,0.25
921,10,X,X,D,1,0.6041450529660246,0.4006468315888027,0.3091741407616486,0.25
921,11,X,X,D,1,0.591098693699709,0.39759721362506356,0.3214126654799738,0.26189441282706366
921,12,X,X,D,1,0.6305782476055315,0.4510521758062122,0.3220914173319797,0.29159606048704323
921,13,X,X,D,1,0.6261435719937656,0.4560473662859558,0.328710084696088,0.2869375633390918
921,14,X,X,D,1,0.6675067262652398,0.4666394707476543,0.26925870447544276,0.3090104375667612
921,15,X,Y,J,0,0.7034807136245138,0.5070534651666575,0.28430439763036996,0.30581606139938483
921,16,X,Y,J,0,0.6706197094943905,0.5094779563961879,0.30895555322780927,0.27626191127945265
921,17,X,X,D,1,0.7034584475780776,0.5118078148415124,0.30680473624654653,0.2686162068123873
921,18,X,X,D,1,0.6891905773700275,0.5411745846162421,0.30858779343488135,0.2860204375807117
921,19,X,X,D,1,0.6515877320540401,0.515812220529436,0.30087000240424483,0.2858000266217442
922,0,X,X,D,0,0.2517682459290629,0.2743102248649824,0.4513238803267957,0.3565175577071825
922,1,Y,Y,J,1,0.28524028376790667,0.2538185235584775,0.40006599071103954,0.36145363495891764
922,2,Y,X,D,0,0.28162453931894105,0.2777280485923621,0.3836214154112387,0.3855272655709274
922,3,Y,X,D,0,0.2986538833654706,0.32185206570313485,0.3706900844462386,0.347507204934767
922,4,Y,Y,J,0,0.27073295690314786,0.31654365689223446,0.3881478540140313,0.3412545807634628
922,5,Y,Y,J,0,0.25,0.36616491806458895,0.3911529492388817,0.3284129881753209
922,6,X,X,D,1,0.2610845664700843,0.39140992663396584,0.35361873573421276,0.3339746743222374
922,7,X,X,D,0,0.25,0.3699089786445816,0.3829953674905366,0.3353488252008895
922,8,X,Y,J,0,0.25,0.42865311503306897,0.3414410091259333,0.33300909716778604
922,9,X,X,D,0,0.2544956393861586,0.38475202939339104,0.3136134859801894,0.32018764738639177
922,10,X,X,D,0,0.2548897055022655,0.3717011277549527,0.2849027562718089,0.3169777613678863
922,11,X,Y,J,0,0.2623413451661537,0.3346903059939708,0.26442031809641137,0.31034664502578896
922,12,X,X,D,0,0.25,0.3777481288640855,0.2892517481647183,0.32132930936369025
922,13,X,X,D,0,0.2730457374494392,0.40273209796004805,0.3113447886672086,0.3762516138948676
922,14,X,X,D,0,0.25,0.41633369603118164,0.342582935285901,0.4175324350013672
922,15,X,Y,J,0,0.25,0.3995743559419586,0.3251808782728702,0.40423106142784404
922,16,Y,Y,J,0,0.25,0.4122361587668512,0.30423934718621953,0.3958912638546157
922,17,X,Y,J,1,0.2649657698780188,0.40366461875254117,0.32219858549506614,0.35560288060727874
922,18,X,X,D,0,0.27390320971669396,0.4253951663489552,0.3170738288502873,0.37162846016241274
922,19,X,X,D,0,0.25,0.4721771643972448,0.33992273049534993,0.39443467259973447
923,0,X,Y,J,0,0.2756783567962856,0.6670382200696334,0.5333212525910466,0.4172546756397685
923,1,Y,Y,J,1,0.30909067337897245,0.6777880602749045,0.557095297311978,0.4594278387950343
923,2,Y,Y,J,0,0.3272059734074573,0.6897978251456528,0.4934710373098386,0.4510637619676843
923,3,Y,Y,J,0,0.3498274008127249,0.6672831444136883,0.4993432602511688,0.5172336946185045
923,4,Y,X,D,0,0.3310362178018415,0.683685141789292,0.5257549388009582,0.5143831989416853
923,5,Y,Y,J,0,0.36248654617721526,0.6609132759356413,0.5245703178236509,0.48479506252882504
923,6,Y,X,D,0,0.3437988882123538,0.6826203469988457,0.4844818593988792,0.5213387471783925
923,7,Y,X,D,0,0.32071555285753905,0.6900505159009069,0.4365012861657373,0.5366988396176513
923,8,X,X,D,0,0.3540894285399004,0.7432013956424051,0.41489036215647135,0.5420390307453079
923,9,X,X,D,1,0.3586109853903382,0.75,0.4073082585440267,0.5147715809879251
923,10,X,X,D,0,0.39885977977257203,0.7223886937459649,0.40814878227892387,0.49454156977270775
923,11,X,X,D,1,0.39684091683622946,0.7086011712162519,0.40502336628197144,0.47111471061324595
923,12,X,X,D,0,0.37861746557442283,0.6964998626200303,0.4125726431795238,0.4551523586922793
923,13,X,Y,J,0,0.36643353566952463,0.6607512968204861,0.41310845927166406,0.47352657197073644
923,14,X,X,D,0,0.3655716568383292,0.6440799824169782,0.42011206283295766,0.461711778588747
923,15,X,X,D,0,0.3214459565973545,0.6600638934822318,0.41510029540699395,0.4215123662692757
923,16,X,X,D,0,0.326815394963432,0.6871377068291129,0.48514843773253497,0.3954320158736901
923,17,X,X,D,0,0.3358097908395022,0.7056379812476093,0.46318161830785465,0.35834827574846795
923,18,X,X,D,0,0.31151418508039236,0.6658907908213967,0.4606922044165557,0.35384872780718124
923,19,X,X,D,0,0.2909115515187923,0.6989893087406269,0.42115063043632567,0.3800111689315331
924,0,X,X,D,0,0.36344515088603097,0.31156079646830226,0.6999155728466138,0.6937604251659754
924,1,Y,X,F,0,0.39538626133267724,0.29521864996448205,0.6885725698300198,0.7498565559886907
924,2,X,X,D,1,0.39258262191661975,0.2870080212116193,0.718584620329805,0.7423661182060395
924,3,X,X,D,0,0.37527015716357226,0.25454751343672055,0.7079564877994662,0.7351729486880075
924,4,X,X,D,1,0.38961146846641403,0.2707924738931492,0.7076610326403081,0.7380496023921596
924,5,X,Y,J,0,0.4108354167003189,0.2500287888844828,0.7150299808555686,0.6982488585704014
924,6,X,X,D,0,0.42673678985111496,0.25,0.6703482604957244,0.714720155069692
924,7,X,X,D,1,0.4417797293478782,0.25,0.653792246182045,0.7411134735396827
924,8,X,X,D,0,0.43832453862437215,0.25,0.6638417760326536,0.75
924,9,X,X,D,0,0.4599963584958117,0.25,0.6838083883490796,0.7260395175483707
924,10,X,Y,J,0,0.45160799633957244,0.25,0.6320054595124734,0.7369628086751447
924,11,X,X,D,1,0.41463780577702536,0.26938133212692106,0.5880972954435609,0.7151482376945997
924,12,X,X,D,0,0.4381020688627295,0.2634559710211766,0.6081927439460415,0.7104995789239356
924,13,X,X,D,0,0.42680428006219073,0.25,0.5951526787944339,0.707555186485306
924,14,X,X,D,1,0.40204189220520903,0.25140689216350004,0.5882196765737574,0.7070652104427901
924,15,X,Y,J,0,0.4309369394794884,0.25,0.6025523856759095,0.6767535475967912
924,16,X,X,D,1,0.43441341484256824,0.25,0.6183465633242294,0.6937090987188949
924,17,X,Y,J,1,0.42748348196898134,0.25,0.565076786167984,0.7441062122031592
924,18,X,X,D,1,0.4029740365525792,0.25,0.5121785434207451,0.7111075437924679
924,19,X,X,D,1,0.41643540477447255,0.2540066568647509,0.48463914287847043,0.6960984716214899
925,0,X,Y,J,0,0.6402170817122678,0.45447968578037395,0.6837700480750801,0.749441807423745
925,1,Y,Y,J,1,0.6607628370026605,0.4844692090878029,0.6621147380433605,0.742648356925718
925,2,Y,Y,J,1,0.6746320740192574,0.4641313163545518,0.6881954452550118,0.75
925,3,Y,X,D,0,0.6907219101407206,0.4656136574619367,0.700020498623841,0.75
925,4,Y,Y,J,1,0.6848405910992085,0.4483188166723914,0.6430919540526666,0.7366230701389341
925,5,Y,X,D,0,0.7038664061645095,0.42451379047262267,0.6389826838673205,0.7301061166714684
925,6,Y,X,D,1,0.692792040089325,0.4262307158193791,0.5756236445878299,0.7453409211890439
925,7,Y,Y,J,1,0.7073975829582426,0.45330689412826924,0.600230964737136,0.75
925,8,Y,Y,J,0,0.7182500792582986,0.43658812210153186,0.6028669869030749,0.7358636656430178
925,9,Y,Y,J,0,0.7467483807987448,0.43670214514872874,0.6802935798732084,0.7450694571139649
925,10,Y,Y,J,1,0.75,0.4210415931183645,0.6921904249135078,0.7460276292021375
925,11,Y,Y,J,1,0.7261263675197523,0.39764112506793226,0.6577739978296531,0.7177914153563689
925,12,Y,Y,J,1,0.7155713233731857,0.4231897943781521,0.6212663203778508,0.7057146758465723
925,13,Y,X,D,1,0.6698969158277552,0.42581523904370067,0.607753507816831,0.6673983141499554
925,14,Y,Y,J,1,0.6413297125124553,0.4118182315859065,0.6118731446338587,0.6641344269049384
925,15,Y,Y,J,1,0.616558427933778,0.4075494327795822,0.5893366678870693,0.6633303695492768
925,16,Y,X,D,1,0.61687359693847,0.4821431759298599,0.6120023394657225,0.6667813877955429
925,17,Y,Y,J,1,0.5891560804909917,0.46728896798515146,0.5807845780860273,0.6590199388214761
925,18,Y,X,D,0,0.5872425728398023,0.44984251570657785,0.5952677207255772,0.6292128299140748
925,19,Y,Y,J,0,0.6411693617199045,0.45534320379314225,0.547537475520031,0.6811695700217032
926,0,X,X,D,0,0.6023691736229708,0.4221076458315487,0.7480633223291298,0.6036482468839204
926,1,Y,X,F,0,0.5721599284596571,0.44698698169545903,0.7294554762689843,0.5777502688641021
926,2,X,Y,J,1,0.6031534950333151,0.43242977951815476,0.75,0.5910373206468488
926,3,X,X,D,1,0.60766088318007,0.4579668848410712,0.75,0.5738007168981786
926,4,X,Y,J,1,0.5540268514413911,0.45381041047749066,0.7223303729325186,0.5591577372525793
926,5,X,X,D,1,0.5550504920922599,0.4965562548095963,0.698207549559195,0.5328577998033771
926,6,X,X,D,0,0.5959906364102764,0.46842628454745733,0.7257340893727657,0.5257731320390658
926,7,X,X,D,1,0.5789863480451525,0.5069661412194545,0.7306409432535593,0.577056046761305
926,8,X,Y,J,1,0.5637937356800133,0.47851863942076867,0.7009591246927822,0.5738850178789277
926,9,X,X,D,0,0.5227369761520101,0.47631093364471905,0.7265173489201056,0.6252913600573815
926,10,X,Y,J,0,0.5466557060138824,0.468576313856065,0.75,0.6404051585479561
926,11,X,X,D,0,0.5070928713418454,0.4989987513124964,0.7072965551783905,0.6454839154892112
926,12,X,Y,J,1,0.5097632970194986,0.4669544638138828,0.7395781790653169,0.6468701598426282
926,13,X,Y,J,0,0.5066334721330749,0.4480224355469505,0.7169364812610605,0.6076276500742427
926,14,X,Y,J,1,0.5643890096980515,0.4581724122341961,0.7492436581987952,0.6112224414969131
926,15,X,X,D,0,0.5835357034387416,0.43473516387652955,0.7371693820277112,0.6311863298925834
926,16,X,X,D,1,0.5946049037917075,0.416468774878093,0.75,0.5856601956017162
926,17,X,Y,J,1,0.580084558145691,0.39223775249300963,0.7217917258001059,0.6070749218320296
926,18,X,Y,J,1,0.4988507613602645,0.3537474353235911,0.7041969044021453,0.6077635108205015
926,19,X,X,D,1,0.49439643812740225,0.33306428232632773,0.7400018026373234,0.6283538323308043
927,0,X,Y,J,0,0.6419509060919792,0.5910743877798206,0.3119115961657171,0.28126449838706474
927,1,Y,Y,J,1,0.6318788065313417,0.5836051184501482,0.30857247053663595,0.2815869182239864
927,2,Y,Y,J,0,0.631569282673457,0.5780433167322515,0.3221767119718829,0.31113368348830295
927,3,Y,Y,J,0,0.618411676664902,0.5822083459425147,0.27817867841355004,0.3429673362830367
927,4,Y,Y,J,0,0.6370013845081115,0.597674459089431,0.25,0.3284370216531276
927,5,Y,X,D,1,0.6532514116429793,0.5777915137775982,0.25,0.3620442850202103
927,6,X,X,D,0,0.6566563798454861,0.61806945167078,0.25,0.3620537404643542
927,7,X,Y,J,0,0.6234773728080077,0.6656137799798396,0.2716073387898308,0.37224948621654713
927,8,X,X,D,0,0.6109062888249754,0.662459325044026,0.2644122610745325,0.3886784020569738
927,9,X,Y,J,1,0.6227478350404458,0.6144178959345156,0.2786689668253425,0.36289810570316305
927,10,X,X,D,0,0.613685260203761,0.5997971892893599,0.2765524551357813,0.35839455655724206
927,11,X,Y,J,0,0.5763125964239434,0.6085126545652035,0.3040449482212912,0.37971190386066883
927,12,X,X,D,1,0.604224875370933,0.5807391819893755,0.32565295209035855,0.3874399690078121
927,13,X,Y,J,0,0.6188973921771446,0.5818719788925392,0.38813772123029877,0.4199369631281373
927,14,X,Y,J,1,0.6141951518540938,0.5675394818025103,0.4181579691754211,0.4380608975060717
927,15,X,Y,J,1,0.6282672129612461,0.5566881391241004,0.42064693624631533,0.42599799499979835
927,16,X,X,D,1,0.6369618720501264,0.5416186854048538,0.4517401185219316,0.4056675013126918
927,17,X,Y,J,1,0.5856600489447565,0.5354571704999624,0.4309789395118745,0.4124796241614578
927,18,Y,Y,J,0,0.5900887299767803,0.5284738293065315,0.44534913395004,0.39461249112634894
927,19,X,X,D,0,0.5716349467726213,0.5571161381051212,0.44875281848219256,0.38803329610217985
928,0,X,X,D,0,0.3549906861475922,0.335988027115166,0.4447429832772545,0.5989196698442426
928,1,Y,Y,J,1,0.3753297903120728,0.3331627595382413,0.44273304405817576,0.5927188707059656
928,2,Y,Y,J,1,0.3486004491699073,0.32811230176646716,0.47298346744987596,0.5848636217808469
928,3,Y,Y,J,1,0.350752309096521,0.34545690161129505,0.501848679297635,0.6196571519173079
928,4,Y,X,D,0,0.35326857093655906,0.34145338567978667,0.48763024912864633,0.5552728043359656
928,5,Y,Y,J,0,0.3521533574906595,0.32468869257977245,0.49364264201691593,0.5591417884230321
928,6,Y,Y,J,1,0.3493205525935928,0.3310964385389355,0.5261870362944259,0.5639728824959607
928,7,Y,Y,J,0,0.3533668722028066,0.36324161346557143,0.5230437840598908,0.5881128081512421
928,8,Y,Y,J,0,0.3731710812901437,0.3679522916078762,0.5389264662270579,0.5781761087190314
928,9,Y,Y,J,1,0.392384815228856,0.34609029157778454,0.5637118858412964,0.5957218310570289
928,10,Y,X,D,1,0.3739448537396223,0.3294476743323729,0.5864880258433325,0.6024767456494136
928,11,Y,Y,J,1,0.36674546625107485,0.3114648343884162,0.5927609350154645,0.6202929984258316
928,12,Y,X,D,1,0.37602212110064004,0.28009058610090887,0.6240033957288195,0.5768163831509171
928,13,Y,Y,J,0,0.3802177194646961,0.28744724759598905,0.6370597127022287,0.5247019292637991
928,14,Y,Y,J,1,0.37972722416878,0.2532788772802448,0.6447227144436094,0.5270539938209245
928,15,Y,X,D,0,0.3478697414198122,0.25,0.6395220697354742,0.5170400297252522
928,16,Y,Y,J,1,0.31220589061676485,0.25,0.6363170501919987,0.48577681250593424
928,17,Y,Y,J,1,0.2885658667355353,0.2805717442668329,0.6193026713595415,0.4724620978852796
928,18,Y,X,D,0,0.31636686088320354,0.25,0.6158715193847456,0.4729680673030027
928,19,Y,Y,J,0,0.3522410064627084,0.25,0.6165161813676929,0.468719621191472
929,0,X,Y,J,0,0.5953745118000766,0.6656432919865984,0.29242080891437,0.47495780214866645
929,1,Y,X,D,1,0.5889699164112804,0.6772078739489402,0.2599750811028943,0.45714186212016555
929,2,X,X,D,0,0.6049656059896571,0.6534565864887459,0.27894979728920205,0.44861675813408725
929,3,Y,Y,J,1,0.6177922070664913,0.671581568604922,0.2904898303747879,0.446358206560617
929,4,X,X,D,1,0.6279870767710939,0.689142740894581,0.25,0.4819047683737706
929,5,X,Y,J,0,0.6452345576959152,0.697842454891711,0.25,0.49318230168095223
929,6,X,X,D,1,0.6609318544579905,0.6822204714931339,0.25637547638590774,0.4820924777079094
929,7,X,X,D,1,0.6678573963593192,0.6934752016129322,0.28622192499771054,0.4744878308476346
929,8,X,X,D,0,0.6538964517646371,0.6938080102242086,0.29366341174266325,0.5078266243370932
929,9,X,Y,J,0,0.645131499376379,0.6718126142449637,0.27855517962419146,0.5140954570444893
929,10,X,X,D,0,0.6628683526271697,0.6565580126091397,0.257284890698542,0.5349868448345197
929,11,X,X,D,1,0.6815021791833379,0.6319555669066731,0.26344044650384263,0.5698776939872487
929,12,X,X,D,1,0.6822315179454229,0.6513944112098086,0.2954705485707441,0.516699386372563
929,13,X,X,D,1,0.6678581683610734,0.6589473586164218,0.31126461645095077,0.4936350668055409
929,14,X,Y,J,0,0.6993546381203949,0.6643829748263725,0.35182857665929057,0.47582526794430946
929,15,X,Y,J,0,0.6767695082406957,0.662234675333989,0.3061566940148986,0.4373544745173301
929,16,X,X,D,1,0.7012080881413829,0.6281700381698169,0.34046970251117237,0.48671704212762684
929,17,X,X,D,1,0.7013364016018615,0.6473089240284993,0.31000088458928965,0.4843052311047763
929,18,X,X,D,1,0.7218145700354672,0.5983441894199548,0.32218831681158755,0.47172112966454544
929,19,X,X,D,1,0.7120136957171341,0.6287822175544687,0.35181511778892677,0.4529544596405467
930,0,X,X,D,0,0.42570153012643064,0.6056926635989358,0.48490682804005314,0.28959343160786566
930,1,Y,Y,J,0,0.4711866470152646,0.608696773547212,0.46352757084068985,0.2741904701868076
930,2,X,X,D,1,0.48455057365103615,0.6094212054546594,0.49098011294871924,0.26349690522741065
930,3,X,X,D,1,0.5180879820110171,0.6303883826457406,0.461444656887561,0.305017009795184
930,4,X,X,D,1,0.4931186445768699,0.6059444299040185,0.4240882438417069,0.25
930,5,X,X,D,1,0.4718314589062281,0.6028165992009068,0.40563576820453134,0.25
930,6,X,X,D,0,0.4880438158547941,0.5834661336344643,0.4000185847211666,0.25
930,7,X,X,D,1,0.46758645666362386,0.5954325376549581,0.4044076010854109,0.25
930,8,X,X,D,0,0.4682754831037547,0.6474556526841274,0.4156739557915425,0.27774291538072543
930,9,X,X,D,1,0.4893038300080543,0.6665891129780888,0.4384689722620233,0.2962886441921286
930,10,X,Y,J,1,0.5010748024555222,0.7012388671994679,0.41291238714080913,0.26608499212618325
930,11,X,X,D,1,0.517861417820891,0.7276532110793518,0.399977356804883,0.25
930,12,X,X,D,0,0.5013627245990937,0.7171583184678528,0.3858064492136873,0.25
930,13,X,X,D,0,0.5345172094785249,0.7336380117629165,0.4122844600362726,0.25
930,14,X,Y,J,0,0.5552375340392677,0.727314228665453,0.3793771666755183,0.25
930,15,X,Y,J,1,0.5635402287774431,0.7419756671756496,0.40635787641903026,0.25
930,16,X,X,D,0,0.6045434779458155,0.7098076802159204,0.4053525397388324,0.25
930,17,X,X,D,1,0.6286240673719349,0.7156833125404781,0.39651594523330524,0.2694587208049968
930,18,X,Y,J,0,0.6361007219180818,0.7279159544299632,0.4281494501251713,0.26632537290421054
930,19,X,Y,J,1,0.6095294761651581,0.7249721582444631,0.4472348330707502,0.28826945566083295
931,0,X,Y,J,0,0.3097061404155274,0.33312987050019754,0.5015601431263638,0.4480903049796304
931,1,Y,Y,J,1,0.34254294768534604,0.2987200394449242,0.5244047044217066,0.4475518788036113
931,2,Y,Y,J,0,0.3454569185605877,0.3203447684684613,0.5431248593669898,0.4320396615578608
931,3,Y,Y,J,0,0.31570218956208607,0.33906228727256826,0.5675819936104364,0.40060008140610737
931,4,Y,Y,J,1,0.34874951193042925,0.38122155229888627,0.5600190887502803,0.388961381618108
931,5,Y,X,D,1,0.3598794911818476,0.33279896444426854,0.5398468469353811,0.39225892888697816
931,6,Y,Y,J,0,0.35305770789902174,0.2732338380435735,0.4868324740263808,0.3680473064020211
931,7,Y,Y,J,0,0.29803554947491556,0.29331794779525716,0.4931956009033645,0.3494286715404716
931,8,Y,Y,J,1,0.31960156350775476,0.25754331908155953,0.5112906006647553,0.3505984548650032
931,9,Y,Y,J,1,0.32265936576596593,0.29888403792627555,0.5186669015697678,0.2966219078319217
931,10,Y,X,D,0,0.3197399242413159,0.3006558316947216,0.5421868428193019,0.27870986255995334
931,11,Y,Y,J,0,0.3087901973803494,0.38394106148971185,0.49782343371537974,0.2964465626251649
931,12,Y,Y,J,1,0.31370717986816243,0.3843728322519345,0.4764774000285906,0.25242682083376694
931,13,Y,X,D,0,0.32574775344978957,0.36819299542351347,0.5126293554292631,0.2907382539009347
931,14,Y,Y,J,0,0.33476679239370544,0.39327448918841823,0.5027672580169037,0.31013228275664934
931,15,Y,X,D,0,0.31759761554893806,0.41890505232175257,0.5629467648203229,0.28072179835259264
931,16,Y,Y,J,1,0.3475509110391775,0.39894539712260446,0.5621189572511583,0.28438740489253367
931,17,Y,Y,J,1,0.3732337117326914,0.4008254654563683,0.5443411189598975,0.3121414703011317
931,18,Y,X,D,0,0.3861317296491239,0.42027567206077093,0.5322819047732447,0.3264141071019239
931,19,Y,Y,J,0,0.36105367723503984,0.42606016545193587,0.5622073447159408,0.3195576475975814
932,0,X,Y,J,0,0.3739500246598351,0.689544375405788,0.6942029595751322,0.6153104129603577
932,1,Y,X,D,1,0.37431870291997954,0.6815192061775318,0.7169780336010245,0.6860000026852758
932,2,X,Y,J,0,0.3550724605198432,0.7136928314325731,0.7020787563839557,0.6365628473808744
932,3,X,Y,J,1,0.3909043179548697,0.7148350174957623,0.6991925725056658,0.5928672030996076
932,4,X,X,D,1,0.3435556909019424,0.7164677870166353,0.6605053150008151,0.5748762240900098
932,5,X,X,D,0,0.3667477091616732,0.704846953234681,0.6206151346567235,0.6205180271538868
932,6,X,Y,J,1,0.380372364509235,0.6833787675037475,0.650244984223234,0.6286858491767591
932,7,X,X,D,0,0.4026485906798586,0.6946247822894858,0.6224203337509633,0.6345353644651304
932,8,X,X,D,0,0.38144694228117826,0.6896517358622801,0.6090230188232203,0.6492503468077642
932,9,X,X,D,0,0.39504843069698714,0.6632997062912372,0.6298697050511652,0.6523779251025826
932,10,X,X,D,0,0.42987455446722367,0.6580200222261036,0.5970136975018413,0.6448405266772624
932,11,X,X,D,0,0.3745428257372181,0.6396855115696037,0.593517510475617,0.6632577410636133
932,12,X,X,D,1,0.34416908414191366,0.6231185360970712,0.6007629409652427,0.6513443141059078
932,13,X,Y,J,1,0.3313014687939414,0.6153954501487132,0.6155100770262428,0.652141924142009
932,14,X,Y,J,1,0.2992045408979953,0.5473127221808249,0.601486198724325,0.6382278247622838
932,15,X,X,D,0,0.3111955325171188,0.5279514304171999,0.6218789755235945,0.6557931396433763
932,16,X,X,D,0,0.3227999518592301,0.4992090469428681,0.6358399031794202,0.6538534607603882
932,17,X,X,D,0,0.31658765954733753,0.5435121317373213,0.602524378637372,0.625087887594228
932,18,X,Y,J,1,0.32297174460690875,0.5376959309273632,0.6034842195470482,0.6408650175624103
932,19,X,Y,J,1,0.31979622173139266,0.5604096985776492,0.5888222170687927,0.6720463217752352
933,0,X,X,D,1,0.46045390483841725,0.6529162475028351,0.6229162416996508,0.43189845278908395
933,1,Y,X,D,1,0.4671853482446793,0.6321922321422199,0.604368749720367,0.4249600603483009
933,2,X,X,D,1,0.46006284380761264,0.6512874590742672,0.6326448945727069,0.4131369294808014
933,3,X,X,D,1,0.5083224126351016,0.6183980543659665,0.6399101633444689,0.34593255807400025
933,4,X,X,D,0,0.5019212157753153,0.5779345995042503,0.630568229697405,0.36305616574653654
933,5,X,X,D,1,0.5229864762870681,0.6197331200300454,0.5739428665640766,0.34981053228232145
933,6,X,Y,J,1,0.5104696372835452,0.6327044358915422,0.6152976904516905,0.3398193653765595
933,7,X,Y,J,0,0.5773448909297769,0.6499444420036407,0.5855496248327848,0.33413374357584924
933,8,X,Y,J,0,0.5640390314670487,0.6824334040127301,0.5953958283818409,0.3096842435288012
933,9,X,X,D,0,0.5686030890305354,0.6757716107641838,0.5786227616178756,0.3039304177051954
933,10,X,X,D,0,0.5398088788286224,0.6481784546745802,0.5592445333907871,0.32663112827544444
933,11,X,X,D,0,0.5096799851517795,0.598799116309319,0.5466977069960185,0.351661368470543
933,12,X,Y,J,1,0.4964506778210968,0.5890539793716885,0.5521509750788582,0.3587732732099181
933,13,X,X,D,0,0.4867124482624893,0.5730719801083738,0.5531421491610928,0.3634161774441444
933,14,X,X,D,0,0.48250123611644813,0.5585388264695035,0.5795097795182306,0.38327325197543866
933,15,X,Y,J,1,0.4864796300857165,0.5764618370638562,0.5925552414371712,0.4120740188966728
933,16,X,Y,J,1,0.5386741361081901,0.6005256081211197,0.5940158457732243,0.4466967141712935
933,17,X,Y,J,1,0.5586182977589982,0.5856503662038292,0.6196881198966497,0.4240841955822146
933,18,X,X,D,1,0.5477388462529535,0.566455760806285,0.629456954936197,0.4607562603858058
933,19,X,Y,J,0,0.5312451874369059,0.535430484153883,0.61593472971346,0.4424296267900076
934,0,X,X,D,1,0.6270828761786441,0.5903156416198952,0.6662494304820262,0.597558549515804
934,1,Y,Y,J,1,0.6224771048203491,0.6052087898943144,0.6902873746288447,0.5987189711542958
934,2,X,X,D,0,0.5979157796169802,0.5752565197664431,0.6601113675162331,0.591153086363256
934,3,X,X,D,1,0.6076938718347192,0.5790186195144728,0.7061498743319972,0.6067308371676629
934,4,X,X,D,1,0.5726269864541216,0.5999084659880911,0.7069023301186554,0.592907370144308
934,5,X,X,D,0,0.5904747070846759,0.6473475170256741,0.7288151517941479,0.5953726861398311
934,6,X,Y,J,0,0.5569295875873105,0.6342875418263607,0.6889057474184197,0.6056344934187445
934,7,X,X,D,0,0.5795010143192282,0.6538600016688476,0.7295217801658204,0.6287504317982453
934,8,X,Y,J,1,0.5600282126156858,0.6537864914196115,0.7127040210184514,0.6492961619905268
934,9,X,X,D,1,0.6115327066410691,0.669788742292786,0.7164116647053035,0.6762301827239966
934,10,X,Y,J,1,0.6051710081397338,0.700174810750853,0.7189783497461024,0.6431125967870877
934,11,X,X,D,1,0.6215445308526949,0.6692696555501157,0.6774781494399542,0.6272556478303225
934,12,X,Y,J,1,0.6274169904789203,0.6708515931568567,0.6853467275796727,0.616740490190766
934,13,X,Y,J,1,0.6661942194679746,0.6720799421686464,0.6798452223119695,0.6607139002272412
934,14,X,Y,J,1,0.677900664007215,0.6873082506877999,0.6503265214066474,0.6200905086729364
934,15,X,X,D,1,0.6880791772390686,0.6509852984310882,0.6796770067804859,0.6794779470818813
934,16,X,X,D,0,0.6743984282303082,0.6390526622013742,0.7009281008206057,0.6556495119229591
934,17,X,X,D,1,0.7061480718398605,0.6107518260260568,0.7193176829409681,0.6120180859298231
934,18,X,Y,J,1,0.736462384880946,0.5443311160582657,0.7091382921059367,0.6329948311698531
934,19,X,X,D,0,0.7312225215010801,0.5217048939934787,0.714773614874825,0.6678937545405124
935,0,X,X,D,0,0.31915322991115896,0.5966418991831414,0.36719202390782824,0.7011190023632325
935,1,Y,Y,J,0,0.33433919787330096,0.5872198151956679,0.3448842868808718,0.7012740750186564
935,2,X,Y,J,1,0.3213046214411783,0.5780515447762858,0.36353639174623736,0.6733839990684137
935,3,X,Y,J,0,0.37095549631900104,0.5754297269719029,0.37761962424233836,0.6466523120131561
935,4,X,Y,J,1,0.3739737707033681,0.5933480209737289,0.340586584186306,0.6404212399007865
935,5,X,X,D,0,0.3964133817009174,0.5349813955632049,0.30911597826739495,0.6380595411243561
935,6,X,X,D,0,0.3839045742394532,0.5380228615940004,0.3150836661672171,0.6382098881858561
935,7,X,X,D,1,0.42173622762778307,0.5384468878037754,0.313535694147892,0.6367971182525632
935,8,X,X,D,0,0.4251973412329843,0.5462307912070931,0.31290152360912016,0.6213309872335764
935,9,X,Y,J,0,0.4304558778189136,0.5632223382247752,0.3105240344738285,0.6388609920892322
935,10,X,Y,J,0,0.4209010442843328,0.527049362681318,0.3366457477766385,0.6216726365018856
935,11,X,X,D,1,0.4396843865745329,0.5361838785041108,0.35138949787002255,0.655498153831386
935,12,X,Y,J,0,0.44499562702634643,0.5682113171578765,0.36375617068511845,0.6454027205753495
935,13,X,X,D,1,0.42126182975480225,0.5604749144812973,0.3623437704611209,0.6191279064626701
935,14,X,Y,J,0,0.43016944050629297,0.5294649469912205,0.3450587851255602,0.5921139447356494
935,15,X,X,D,0,0.4407995432826078,0.49863570162724546,0.3337434813669333,0.6045876294385751
935,16,X,X,D,1,0.44524031557056365,0.48755897861018477,0.3379330113842415,0.5912548518097058
935,17,X,X,D,0,0.4625535771531144,0.5154846159550177,0.34935232962632107,0.5885052135947819
935,18,X,X,D,1,0.46795041067987275,0.4762491371905383,0.37346394946374656,0.5817509167321091
935,19,X,X,D,0,0.4298581994831901,0.4808772716584032,0.36551076385202985,0.5587570944843819
936,0,X,X,D,1,0.5363209893060963,0.3898600687106657,0.7115929003568253,0.36321782044784956
936,1,Y,Y,J,0,0.5451178338334945,0.4040460975445476,0.6856794897505155,0.37946688141663804
936,2,X,X,D,0,0.5492075840443739,0.39686048482032127,0.7126856684370644,0.40532966761272105
936,3,X,X,D,0,0.5214429170525814,0.3769986478286752,0.7004426196398202,0.42306965277502706
936,4,X,Y,J,0,0.5418626626071251,0.3241087950178559,0.6768038348187946,0.4257940187660537
936,5,X,X,D,1,0.4714626412927313,0.26200793382723986,0.6622905836169852,0.36295213673146354
936,6,X,Y,J,1,0.4729845568808296,0.2700494160555709,0.6647106125029292,0.3705628934459141
936,7,X,Y,J,1,0.47600374904494097,0.27731990766531245,0.6590461355720867,0.38863534753294315
936,8,X,Y,J,1,0.47980626327836307,0.2754445633944391,0.672695057458473,0.4072874233253444
936,9,X,X,D,1,0.4672944079897082,0.29956988146002206,0.661112061418901,0.40450472477710797
936,10,X,Y,J,0,0.4645497375296016,0.30817964550516,0.6426532195715378,0.39730504379004306
936,11,X,X,D,0,0.4950766599950673,0.2885462483360573,0.6259485542705275,0.4570935281796218
936,12,X,X,D,1,0.507738356558909,0.2608932021799776,0.6294905864014101,0.47376520304951475
936,13,X,X,D,0,0.5337133327303706,0.25,0.6225432167788543,0.5122469864800827
936,14,X,Y,J,0,0.5165429863821348,0.25,0.6319695582905552,0.5310349220753982
936,15,X,Y,J,1,0.4559179148813285,0.25,0.6159950122864679,0.5233547501121263
936,16,X,Y,J,0,0.4822709454631864,0.28009222430396213,0.6382558527886072,0.5015715082588132
936,17,X,Y,J,1,0.4828669913862909,0.3039439782325809,0.6375846583734824,0.4754259793626378
936,18,X,X,D,0,0.47926091963226375,0.32123172275927053,0.6303741698967342,0.470532037806765
936,19,X,X,D,0,0.4710026716924556,0.3450646870217522,0.6265682237467096,0.44309160904155004
937,0,X,Y,J,1,0.7407912364194529,0.6156920534370771,0.7485022812205206,0.6460146655580727
937,1,Y,Y,J,1,0.75,0.5762136319271122,0.75,0.5966954396048489
937,2,X,X,D,1,0.75,0.5933507448490076,0.75,0.5868712809770951
937,3,X,X,D,1,0.744047305147787,0.5947932553712659,0.7450062189807785,0.58342305154386
937,4,X,X,D,1,0.7234952145023201,0.5877577922406378,0.7463634285954339,0.5255955530381332
937,5,X,X,D,0,0.7456176641243886,0.5917399832509399,0.7405406657948718,0.4958634814658142
937,6,X,X,D,1,0.75,0.5962390704071047,0.75,0.4303228006568344
937,7,X,X,D,1,0.7296957642934044,0.5936655623718308,0.75,0.4201756790486312
937,8,X,X,D,0,0.7152673537014292,0.570043762843996,0.7278269445557093,0.4064779657038282
937,9,Y,X,D,1,0.7140816762711557,0.5870207648587029,0.7409422183316602,0.403108319697256
937,10,X,Y,J,1,0.6988024846395732,0.6100597261031807,0.75,0.3643171772848597
937,11,X,X,D,1,0.7026430366225184,0.6091646840527456,0.7345957062712067,0.3943375545466668
937,12,X,X,D,0,0.675750376681861,0.6452138809660611,0.7102932840393869,0.388501947874461
937,13,X,Y,J,1,0.6513016206362587,0.6380885279977283,0.7072891080804294,0.3973981499382281
937,14,X,X,D,1,0.6265606803700594,0.6187428132638955,0.6788183382926634,0.4086408710909324
937,15,X,Y,J,1,0.6784713538149227,0.6517344074785638,0.6674088294505248,0.4245293211822091
937,16,X,X,D,1,0.6964614945442882,0.6777210224510287,0.6397271022860177,0.41661814142422976
937,17,X,Y,J,1,0.6983398792504009,0.6500196957202335,0.6635977782514693,0.4363294342973099
937,18,X,X,D,0,0.6572299786544749,0.6718576538948208,0.6552973207375774,0.4182663836527244
937,19,X,X,D,0,0.7224425113787953,0.6892380942807718,0.6294581883608168,0.42449559342777826
938,0,X,X,D,0,0.43775452450706515,0.26458875832511547,0.47892923613044563,0.6012187956918762
938,1,Y,X,F,0,0.38977390223295916,0.25,0.5413722691624856,0.5527942467829595
938,2,X,X,D,0,0.35711097184188545,0.25,0.5100898809812353,0.584288488181319
938,3,X,X,D,0,0.4065877487490695,0.25,0.4594765144565826,0.556752079502154
938,4,X,X,D,0,0.3913409032702006,0.25,0.45695011188298484,0.569917712588889
938,5,X,X,D,0,0.40634110501348064,0.25927794672644133,0.4462453107998769,0.5887296401917537
938,6,X,Y,J,1,0.40034186254418647,0.25461549631135305,0.43385644761665665,0.590739389550145
938,7,X,X,D,0,0.4008278028587463,0.2626381910235479,0.45789114207218873,0.5773588313514599
938,8,X,X,D,0,0.4367622385695327,0.28389578188612385,0.4766772687629187,0.5569571005244784
938,9,X,X,D,1,0.40688439209665905,0.2663332538777352,0.4929821092372985,0.5693100977097801
938,10,X,X,D,0,0.40900232199459424,0.25,0.4963531587603496,0.5769118614436629
938,11,X,Y,J,1,0.4749611645818551,0.25,0.5353981837487607,0.537915292688892
938,12,X,X,D,1,0.48125642724649476,0.25,0.558640059062379,0.5421196168330394
938,13,X,X,D,0,0.48618998410199527,0.25630325892211003,0.5315335809561598,0.5617767585045857
938,14,X,Y,J,1,0.5248552891304687,0.2507068208528363,0.5356216451526862,0.6004428867262344
938,15,X,X,D,1,0.5362864328004447,0.25,0.5411082028173241,0.6016932970476971
938,16,X,X,D,0,0.522306684854422,0.2534352811221972,0.5258164147041618,0.647620130025791
938,17,X,X,D,1,0.5537310365992999,0.25,0.5289976853937611,0.6347418565205287
938,18,X,X,D,0,0.5711924715631818,0.25,0.5126647529827862,0.612390090117454
938,19,X,X,D,1,0.5812398567743516,0.25,0.554359161704948,0.6108608980194874
939,0,X,X,D,0,0.3883365667507232,0.7200985498385747,0.38340612536333857,0.4808827397220881
939,1,Y,X,F,1,0.41069718352540335,0.7271677794568675,0.3640255898927417,0.5412042336908957
939,2,Y,Y,J,1,0.4108851781523012,0.7100912212756746,0.3589498097979402,0.5278504379553908
939,3,Y,Y,J,1,0.451327569502602,0.7230117562289342,0.34723657147081133,0.5213359146499844
939,4,Y,Y,J,1,0.46721944915589336,0.7359598703151153,0.36193096808473463,0.5158687805715938
939,5,Y,Y,J,0,0.44004951059862607,0.7265468428108197,0.38703059878533164,0.5138214333949237
939,6,Y,Y,J,0,0.4488618462082745,0.7094127393328343,0.3834711508798918,0.48770198659336794
939,7,Y,Y,J,0,0.4559142131407118,0.7360038335952594,0.3600472997445417,0.4764710988935626
939,8,Y,Y,J,1,0.4745507654932379,0.6987323156405659,0.34097625348535054,0.4318358663237304
939,9,Y,X,F,1,0.4251211325801546,0.710782022898575,0.3463586102800611,0.4246158426834221
939,10,Y,Y,J,1,0.46867097316372086,0.7313034387522389,0.414508552455226,0.4501961898509913
939,11,Y,Y,J,1,0.48522181805697645,0.7375773323487969,0.3864213064811299,0.40547265860829546
939,12,Y,X,F,1,0.4920384270225681,0.7038006976707722,0.4257796454352677,0.396880371823843
939,13,Y,Y,J,0,0.48522915209821355,0.6895792334307951,0.42021644754388754,0.43010635392352425
939,14,Y,Y,J,0,0.49751003020722834,0.6762272351884786,0.40991343558793364,0.4531143795914505
939,15,Y,Y,J,1,0.5200646847303311,0.6622963323324011,0.41345110450383615,0.39884148504063643
939,16,Y,X,F,1,0.48643926417679006,0.6815724995072536,0.4309862901148026,0.3894660085864405
939,17,Y,Y,J,0,0.4988594298070579,0.6986022915204135,0.4184754043779442,0.42695156853433625
939,18,Y,X,D,1,0.46551928297609785,0.75,0.42661102566834735,0.42984512250437895
939,19,Y,X,D,1,0.4169362722959002,0.7240223678781524,0.410605355018132,0.45198253793848214
940,0,X,Y,J,1,0.342799996648891,0.7206763822783052,0.6513263676944605,0.4125241056215335
940,1,Y,Y,J,1,0.3372196224032223,0.692818176464106,0.6547919848633245,0.4107781505712201
940,2,X,Y,J,0,0.32558874466710946,0.6950655142699891,0.680595258921883,0.39854429637979105
940,3,X,X,D,0,0.29153389461388923,0.7105233697029798,0.6858695125091409,0.37880777085013956
940,4,Y,Y,J,0,0.29221430505930446,0.748848126067204,0.6907727765280658,0.3545143849726512
940,5,X,X,D,0,0.27473432215581534,0.75,0.689265824628077,0.380670972070868
940,6,X,X,D,0,0.26609441198638556,0.7330693321217451,0.7201841546893811,0.3670730770536815
940,7,X,Y,J,1,0.3083229811632218,0.6856980564346119,0.75,0.3852458734666738
940,8,X,X,D,1,0.3195988899016605,0.6523900053581082,0.75,0.3778978176935772
940,9,X,X,D,0,0.3042080047090902,0.6787897483135107,0.7423533183765686,0.37217274660682725
940,10,X,X,D,1,0.25,0.6781752239963408,0.7139929455528277,0.3386307681285987
940,11,X,X,D,0,0.25165961081224875,0.6812094330289705,0.7201672040684972,0.3317542206416373
940,12,X,Y,J,1,0.25,0.6999574999415791,0.726575402217847,0.28375288684902156
940,13,X,X,D,0,0.2644054413522437,0.681724128347165,0.75,0.27239298948622365
940,14,X,X,D,0,0.2640601020912633,0.6781877102082218,0.75,0.2589474528311109
940,15,X,Y,J,1,0.26122974307662383,0.6880160848284774,0.7225011000134582,0.25
940,16,X,Y,J,1,0.26012548170456823,0.5933688548382369,0.7252363629667958,0.2821950039934513
940,17,X,X,D,0,0.28237346276086467,0.6172974797254279,0.7298416307661866,0.25
940,18,X,X,D,0,0.30318506918618915,0.5861199695543106,0.686652612880722,0.25
940,19,X,Y,J,0,0.31162347211858266,0.5899294714830973,0.7089773000221825,0.25
941,0,X,Y,J,1,0.45171466411305655,0.5349027795451806,0.3534947362013378,0.5601415604275792
941,1,Y,Y,J,0,0.4282970568927372,0.504354912446403,0.3301088551903477,0.5538018292672449
941,2,X,X,D,0,0.44733687044930087,0.5260552657476762,0.3321885496569564,0.5324265553822031
941,3,X,X,D,0,0.4690056218185667,0.5543651057067415,0.32203029104143366,0.5640046980917963
941,4,Y,Y,J,1,0.4738333992988933,0.5854579655758598,0.31766027088453874,0.5706065202026411
941,5,X,X,D,0,0.4746067483436436,0.5975969477207679,0.3111085632996545,0.5648610606125983
941,6,X,Y,J,0,0.4691305537816345,0.611334577560455,0.3005909300830067,0.5697398023200752
941,7,X,X,D,1,0.4842353053741433,0.5616409773108233,0.2955703935773107,0.6008408707480092
941,8,X,X,D,1,0.4940444492918322,0.613480551872815,0.28423249585227434,0.5967606929181732
941,9,X,X,D,1,0.4616312972987331,0.5566414393762599,0.25,0.6102383267745817
941,10,X,X,D,0,0.48332553263154276,0.5602015100263905,0.25,0.6054456287908043
941,11,X,Y,J,1,0.4591119484036033,0.5258859908101096,0.25,0.6306895973082939
941,12,X,X,D,0,0.39930585460694995,0.5125252278869488,0.25,0.6007245916398656
941,13,X,X,D,1,0.3423887025354613,0.5339644536455648,0.25,0.609262802529063
941,14,X,X,D,1,0.34101281347875334,0.5073033087963373,0.25266487695818163,0.5914235474858986
941,15,X,X,D,0,0.363505719284477,0.546719290882675,0.2500286227296674,0.6193335298754714
941,16,X,X,D,0,0.3787793858690987,0.4967537452111122,0.25,0.6088895214473512
941,17,X,X,D,0,0.3346991256303491,0.46901683469558836,0.2839785132411202,0.6436833513238438
941,18,X,Y,J,0,0.33325749310433145,0.4483904371578707,0.31516444236203484,0.6426398002244844
941,19,X,X,D,0,0.3600572585257155,0.48558954218779526,0.31130006198671717,0.6359921907773601
942,0,X,Y,J,0,0.6625526237546522,0.30957444841857684,0.42034777144194124,0.2997011634634494
942,1,Y,Y,J,1,0.6397963026928988,0.3447252003976692,0.41562080539614066,0.26530231615902317
942,2,Y,Y,J,1,0.658111327044865,0.3625995117863195,0.46380965324096424,0.25
942,3,Y,X,D,0,0.6772857103532165,0.33899451461935115,0.4560485302883393,0.2506734444971231
942,4,Y,X,D,1,0.6890747335876707,0.39520463328715016,0.41565944825895307,0.30787106601160946
942,5,Y,Y,J,1,0.7056826259443251,0.41352543334763003,0.3896091032248884,0.2735840644718454
942,6,Y,Y,J,0,0.6869274315183622,0.4377830597525939,0.3936832847929687,0.25
942,7,Y,Y,J,0,0.6767776614832879,0.4220276066801255,0.3790066414994251,0.25
942,8,Y,X,D,0,0.6962221079494157,0.43261270765835,0.3768366373201557,0.2542523568281612
942,9,Y,Y,J,1,0.6838954528984171,0.43737523703494546,0.36132777446610664,0.26804143035244943
942,10,Y,X,D,0,0.6546107834654183,0.4245462675665808,0.35229604890691746,0.28387541488053714
942,11,Y,Y,J,1,0.6358584493612549,0.4287528079869365,0.36784952750672334,0.28854537076143694
942,12,Y,Y,J,0,0.6524627824437895,0.42473230557467334,0.3611884656876617,0.287011300505206
942,13,Y,X,D,1,0.6522988957993119,0.43822852297004716,0.3574611345540644,0.3379756840815927
942,14,Y,Y,J,0,0.6955337405578271,0.43393520583718936,0.3954605093271734,0.33604701615858495
942,15,Y,X,D,1,0.6668805573442877,0.5143283556423541,0.44928508500065956,0.36932223567724204
942,16,Y,Y,J,1,0.64502811784271,0.526117488718754,0.4651199134060244,0.4207736274978837
942,17,Y,Y,J,1,0.6614422728284759,0.5601247922887238,0.4849878320717605,0.46977404263964606
942,18,Y,Y,J,0,0.6722875835914072,0.5395601196414728,0.49375175150194545,0.4843566389585708
942,19,Y,Y,J,1,0.6515644773070347,0.5338422981612712,0.5152181809443948,0.4437645052211342
943,0,X,X,D,1,0.3708854694844718,0.5591405583825481,0.4561756610191619,0.6561289628603679
943,1,Y,Y,J,0,0.3665234925266858,0.5140840614009149,0.44545773265325495,0.6393078720460728
943,2,X,X,D,1,0.3783829571977345,0.4888173861857847,0.44265137606868316,0.6466524675801533
943,3,X,X,D,0,0.3566395500492184,0.47332092501297207,0.40820804086041745,0.6192068039587715
943,4,X,Y,J,0,0.36863213633587516,0.4618605428486019,0.4218669447607435,0.6084864144598052
943,5,X,X,D,0,0.39895505396177006,0.47431778487159865,0.4673808047286194,0.5865849082449699
943,6,X,X,D,1,0.3844843850607545,0.4956087564672292,0.4956158972661063,0.6184191841741749
943,7,X,X,D,0,0.3864215324827243,0.5407016140537743,0.4732959485348138,0.606262126182028
943,8,X,X,D,0,0.3525290596553075,0.5587954028170683,0.5229276719928931,0.6150142283319473
943,9,X,Y,J,0,0.33765842577282784,0.543136705056046,0.5500908870766221,0.61553376387908
943,10,X,X,D,1,0.31548802027716444,0.5365752377667194,0.5422630890969236,0.6399718684679693
943,11,X,X,D,1,0.3685353052251749,0.5753671638715774,0.5485796324805167,0.6709097610090174
943,12,X,X,D,1,0.4028978388321562,0.5778766899052967,0.5709956368923381,0.6899450853196957
943,13,X,Y,J,1,0.44670993383557045,0.5700641175971296,0.5775829586947402,0.7341956975975328
943,14,X,X,D,0,0.4209487065445366,0.561494638232406,0.6247720572926481,0.6624868510430326
943,15,X,Y,J,1,0.4126816492381201,0.5509490618545453,0.6134210250626116,0.7013370100814613
943,16,X,X,D,0,0.4281547396785828,0.5285171054042197,0.5873657090409645,0.6968783126962987
943,17,X,Y,J,1,0.40958212395856597,0.5124910270197085,0.5811519658247204,0.6654874275848123
943,18,X,X,D,0,0.3890375330764917,0.5227372805065449,0.634928533033555,0.6496058387438396
943,19,X,Y,J,0,0.4309828489991772,0.5246280848724643,0.6116267520173798,0.6491470221034824
944,0,X,Y,J,0,0.4302095757293323,0.41050527052444963,0.38307377768338285,0.3340489213272079
944,1,Y,Y,J,1,0.4814634101905033,0.43734745915984374,0.3759838641867549,0.3507926944316731
944,2,Y,X,D,1,0.5049151277551318,0.4736541890081075,0.37719456487316,0.3839360809970043
944,3,Y,X,D,1,0.5095266515757481,0.4866703714452157,0.36461297544536103,0.3840529820451811
944,4,Y,X,D,1,0.5275333009481399,0.5112772603173862,0.352244933043321,0.3959362952791863
944,5,X,X,D,1,0.5608870345474694,0.5009122457631229,0.3918443680913163,0.3602985944232994
944,6,X,X,D,1,0.5586839429473313,0.4920606287116827,0.42323672772149756,0.38225700051629874
944,7,X,Y,J,0,0.5598779585137066,0.5047617828935905,0.42033008488712,0.3485226088687103
944,8,X,X,D,1,0.5451357309124492,0.5091941515401915,0.4355809783022851,0.32583845760747276
944,9,X,Y,J,0,0.5261520260003335,0.5094196412091198,0.4514832380328171,0.3257329144531507
944,10,X,X,D,0,0.5036616979164186,0.5149130385079429,0.4672375653888082,0.3373036924621973
944,11,X,Y,J,1,0.5260833627282179,0.4803662861067833,0.48821479758083197,0.3310868082009767
944,12,X,X,D,0,0.5138088122126614,0.46436908298993923,0.47846319814915594,0.3343495183553617
944,13,X,X,D,1,0.47200895684664257,0.44709265362751277,0.48890142051100105,0.3869378362758615
944,14,X,X,D,0,0.48821940845136264,0.4766475442953922,0.5145169838865745,0.39570605060973973
944,15,X,X,D,1,0.4640589275233557,0.4544447596760337,0.5295704419464513,0.37491460605418025
944,16,X,Y,J,1,0.49944836919106783,0.490297344670887,0.5412865332945063,0.3747103251348381
944,17,X,Y,J,1,0.510486567086587,0.4719833641483639,0.5391909085043438,0.3445182686831412
944,18,X,X,D,0,0.5034242389201495,0.46546370511954405,0.5459118922558562,0.3547926007080048
944,19,X,X,D,1,0.5080404927975931,0.48818321889698396,0.541985414560807,0.3473271346370215
945,0,X,Y,J,1,0.30493006128346106,0.4456498734751747,0.68726204320317,0.6944416946428043
945,1,Y,Y,J,1,0.3319903090160411,0.4538005869823389,0.659642287041865,0.7049184730135737
945,2,X,Y,J,0,0.388317059842437,0.505904594567919,0.6862681592844134,0.6464897019849094
945,3,X,X,D,1,0.4030381997335134,0.47697096074691214,0.6457517122025258,0.6768838145539637
945,4,X,Y,J,1,0.3893979900673831,0.503847421676861,0.6366941460180824,0.6870846633087921
945,5,X,X,D,1,0.39558957184593574,0.5529947153989162,0.6591136339907615,0.693069290762528
945,6,X,X,D,0,0.3920042175640331,0.5574437204180731,0.6991424814440066,0.6905745290831017
945,7,X,Y,J,1,0.4235797713537325,0.5390800044139805,0.7422340017209741,0.6808133892006419
945,8,X,Y,J,0,0.42682815973338517,0.5180477665212944,0.7215290299394472,0.6441884943477305
945,9,X,Y,J,1,0.429376966480321,0.5279249044382195,0.7204338805718269,0.6126696262129224
945,10,X,X,D,0,0.4537406241691032,0.4988785928634577,0.6959709927828287,0.6130579912883727
945,11,X,Y,J,1,0.452739096489836,0.4947264878907956,0.703573526558631,0.6201245365223352
945,12,X,X,D,0,0.45972854153372283,0.5349167628081059,0.7155683545859142,0.5712305572844297
945,13,X,Y,J,1,0.46036399113942184,0.5134071606760268,0.7339963009089489,0.6260433342037259
945,14,Y,Y,J,1,0.4614507039421593,0.52022878138064,0.7342069499191709,0.6001716679184605
945,15,X,X,D,0,0.45255832261657875,0.5107850102820226,0.7454955596133223,0.5854450540033399
945,16,X,X,D,0,0.46402937854687937,0.5230727264197568,0.75,0.6372165187215211
945,17,X,Y,J,1,0.4450217349222185,0.5329850109647339,0.75,0.6383317611022322
945,18,X,Y,J,1,0.40888961533538065,0.4933534804567574,0.7262658654559683,0.6426207659506318
945,19,X,X,D,0,0.43536748108526646,0.5486910687312437,0.75,0.6216759685063192
946,0,X,X,D,1,0.3675608437117459,0.7194162827810853,0.3955690238147741,0.7403472890158729
946,1,Y,X,D,0,0.35453023287766944,0.710457725094584,0.40968223306400103,0.724496694036822
946,2,X,X,D,1,0.3116618258797913,0.75,0.3749154118143304,0.7334302101209154
946,3,X,Y,J,0,0.2957012651473781,0.75,0.3625633763368662,0.7482522493228168
946,4,X,X,D,0,0.30297899175872794,0.75,0.35612025232480415,0.7384039894113035
946,5,X,X,D,0,0.26931387016430425,0.75,0.3699105746422401,0.7286957170714665
946,6,X,X,D,0,0.27972918118290196,0.75,0.3621821418996996,0.75
946,7,X,X,D,0,0.26183858780502856,0.75,0.35008584736919435,0.75
946,8,X,X,D,0,0.2616306842721194,0.75,0.2927627635487581,0.7352611185980817
946,9,X,X,D,1,0.27723369172258666,0.7435841111651131,0.3326161989116592,0.75
946,10,X,X,D,1,0.2875602330289196,0.7200652302861511,0.3166627907122708,0.75
946,11,X,X,D,0,0.31187977129849914,0.75,0.2889560381712476,0.7459246083605634
946,12,X,X,D,0,0.3186682227163686,0.7057624638834135,0.3002136180360716,0.7412967333821112
946,13,X,X,D,1,0.30001121531474234,0.7033052163817696,0.3239589327318782,0.7148595264537548
946,14,X,Y,J,1,0.2778695453454816,0.6979807382759056,0.34385717192831006,0.7334464743832045
946,15,X,Y,J,0,0.26432022965010243,0.6532014790916342,0.38123214373389525,0.75
946,16,X,X,D,0,0.25,0.6470575570579665,0.3733953113032029,0.7217421854897291
946,17,X,X,D,1,0.25,0.645741550985124,0.4096933193245759,0.7439222501672568
946,18,X,X,D,0,0.263444175916365,0.6598178518603668,0.3939604425247206,0.7372897850241357
946,19,X,X,D,0,0.2920111251620347,0.6593260648295879,0.42493299637717996,0.7347431242599826
947,0,X,X,D,1,0.5465449175065275,0.5075252946550592,0.4685091047457138,0.3469482000058257
947,1,Y,Y,J,1,0.5538215957383585,0.540672029979466,0.4501154057545238,0.3381317454882965
947,2,X,X,D,1,0.5759044223717075,0.5377306786663326,0.44006192887705603,0.3569050081844655
947,3,X,Y,J,0,0.5875300466903829,0.5405285409034789,0.4239503164555941,0.3570014842816306
947,4,X,X,D,1,0.5965115624574264,0.5339805029374073,0.4194726299740523,0.38818332146320617
947,5,X,X,D,1,0.6088698501051449,0.5535648686899973,0.3865747293678041,0.4081479974144676
947,6,X,Y,J,1,0.6314158005015611,0.5390866133013296,0.36875278347889134,0.41781363247045766
947,7,X,X,D,1,0.6373134522359952,0.5311683235855286,0.395156183647295,0.41164353545788307
947,8,X,Y,J,0,0.7038664458451064,0.5453976908967828,0.3988708813511328,0.42454069196395605
947,9,X,Y,J,1,0.7181576940000312,0.5495298574141944,0.39038709781651754,0.43650807273226805
947,10,X,X,D,1,0.7008250273926456,0.5262867881645561,0.408040939885462,0.40640551248323714
947,11,X,X,D,0,0.6685843810596236,0.4804579072327832,0.41972545042207987,0.39569560927141567
947,12,X,X,D,1,0.6257425689028954,0.4988702212475378,0.44191090090294716,0.36313009931819396
947,13,X,X,D,0,0.6351969405901136,0.47824778990615496,0.4708536295948135,0.35253610034663063
947,14,X,X,D,1,0.5884222679436322,0.4732230846846148,0.4445799988563083,0.3274533590625335
947,15,X,Y,J,1,0.5767259805008108,0.45228016446547764,0.4914657149520659,0.30013958460157336
947,16,X,X,D,1,0.5740721089733217,0.3904414548290299,0.494635373370114,0.3309898169578639
947,17,X,X,D,0,0.5672899020470564,0.37903244742659226,0.5021909950847903,0.32475532652896993
947,18,X,X,D,1,0.5366442448493629,0.3665572710516531,0.5351539712446353,0.3094147877031499
947,19,X,X,D,1,0.5829234450338502,0.3964522624854544,0.5408767089114601,0.3187993516716431
948,0,X,X,D,1,0.5113939561100387,0.3567631611877767,0.7133853647515754,0.5624656997727189
948,1,Y,Y,J,0,0.5051064747693725,0.3275091731750901,0.6861610480424216,0.604658264446057
948,2,X,X,D,1,0.506839338841235,0.29810783149838543,0.6695443974551125,0.6082179769064701
948,3,X,X,D,1,0.5151496822975038,0.2713707698744861,0.6667799437935074,0.6094695880648193
948,4,X,Y,J,1,0.5143769661589582,0.25710790333338246,0.6510297668042833,0.5689005889141977
948,5,X,X,D,0,0.4907955331681899,0.2858059195626577,0.6858679589171843,0.6107813327675087
948,6,X,Y,J,1,0.4896577240469518,0.32305866208566403,0.7368951957624699,0.6198079011248326
948,7,X,X,D,0,0.4656318012271875,0.36535456904514657,0.75,0.6543608888150948
948,8,X,Y,J,1,0.4559009037568636,0.4355956565820626,0.7426581293283424,0.667294197799271
948,9,X,X,D,0,0.4273421153199341,0.4658946497359989,0.7200473314787524,0.7089940503382366
948,10,X,Y,J,0,0.38837137996954707,0.45485340170908484,0.7163594312716273,0.7396932570661863
948,11,X,X,D,0,0.3996548668592038,0.41915588016852096,0.733647064541358,0.715749733230836
948,12,X,Y,J,1,0.3943245385665403,0.4108347526489178,0.75,0.6775192752296366
948,13,X,Y,J,1,0.3617792752042215,0.42420503580837454,0.75,0.6428476936878984
948,14,X,X,D,0,0.3265281136639426,0.4446953075416468,0.75,0.6298946670404812
948,15,X,X,D,0,0.3292488792233369,0.42692483795560604,0.75,0.6368385608486307
948,16,X,Y,J,0,0.3171290451500899,0.4142863735913057,0.716147073504435,0.6630824575963762
948,17,X,X,D,0,0.33453342332926567,0.3989938855658778,0.714404318944949,0.6827022723016952
948,18,X,X,D,0,0.3251013436558595,0.40097853387389654,0.7038189751281994,0.659361513961851
948,19,X,X,D,1,0.2752278352504884,0.3985386894365233,0.6775706021304968,0.6724729325338982
949,0,X,Y,J,1,0.7440398716510017,0.6719334614856394,0.3761722850903103,0.3282159994625374
949,1,Y,X,D,0,0.7095262365373552,0.7057079229096094,0.3616076665612196,0.288244741538361
949,2,X,X,D,1,0.6697372191020029,0.6981968863775242,0.32368550889455167,0.2688984662698764
949,3,X,X,D,1,0.6760593441841696,0.708702279651139,0.32725949429829615,0.25
949,4,X,Y,J,0,0.7077675937188388,0.6936980357842432,0.3254192373726299,0.25
949,5,X,X,D,0,0.663063354011771,0.6913315046753025,0.3090978416193801,0.255409273713208
949,6,X,X,D,0,0.6401041657891726,0.6784717586190174,0.3279850454399768,0.27284278120459726
949,7,X,X,D,1,0.6823416220232841,0.6938924116688516,0.28537264690046543,0.2584703086895207
949,8,X,Y,J,0,0.688487523170787,0.75,0.25,0.2576861174735905
949,9,X,X,D,0,0.7118255503843357,0.75,0.25,0.25
949,10,X,Y,J,0,0.6835218482080831,0.747821604992981,0.25,0.25
949,11,X,Y,J,0,0.6886915650242135,0.75,0.25526182635703426,0.2662232674465333
949,12,X,X,D,1,0.6770265569756377,0.75,0.2779886230296212,0.2802225136069972
949,13,X,X,D,1,0.6795589409375643,0.75,0.26462650230410834,0.2987008191101172
949,14,X,X,D,1,0.663330413321057,0.75,0.2864745817924668,0.31367744812066245
949,15,X,Y,J,0,0.7118990629798709,0.75,0.28617545357306606,0.3195751852869933
949,16,X,Y,J,0,0.7441191003301778,0.740776618053924,0.27571325433664173,0.3100070338655658
949,17,X,X,D,0,0.6947622303540304,0.7230626724042504,0.27460517597182865,0.37383846789150593
949,18,X,Y,J,0,0.7123961856159245,0.7101502172560494,0.2838015411614023,0.39145281293851286
949,19,X,X,D,1,0.7010856508666173,0.6855326583175797,0.26457556209696714,0.4292718913463845
950,0,X,X,D,1,0.5044276497645569,0.30786374304481445,0.3158767341920123,0.5150816641466489
950,1,Y,Y,J,0,0.5102048183420484,0.31231140799954976,0.33719966695003045,0.5554760287014954
950,2,X,X,D,1,0.537073747522849,0.2917885655820954,0.3822613180969412,0.5617250582496089
950,3,X,X,D,1,0.5527709945747149,0.33778198379092356,0.41789329796100505,0.551727325834691
950,4,X,Y,J,1,0.5467750839842572,0.34956084600710574,0.4395238007777901,0.557071723565079
950,5,X,Y,J,0,0.5570667361613798,0.293085373124576,0.41613894576205024,0.5347918510900498
950,6,X,X,D,0,0.5482686636260322,0.2672801025134257,0.4465548719222282,0.5469521422300263
950,7,X,X,D,0,0.5444335745395179,0.26133038683739024,0.4478185751045336,0.5114359994172413
950,8,X,X,D,0,0.5208786620545145,0.252618669227552,0.4539216480569277,0.5180884079197104
950,9,X,Y,J,0,0.5182814996452468,0.25,0.446683039528429,0.5525675418629358
950,10,X,X,D,0,0.5082123350777011,0.27427124871495845,0.4687162060473777,0.5609925298220841
950,11,X,X,D,0,0.529634388619737,0.2841211615100977,0.48956130661264863,0.5767066636593097
950,12,X,X,D,1,0.4984266728174868,0.27386233704931473,0.42574204899788204,0.53318212869815
950,13,X,X,D,0,0.5103428046193257,0.26623233638522403,0.39861184064717603,0.5377008476373815
950,14,X,Y,J,0,0.4827271521688003,0.28981692730090813,0.4024204693016645,0.5228628393705086
950,15,X,Y,J,1,0.4482998560803324,0.30524855612542223,0.4238685765450419,0.5080022776809958
950,16,X,X,D,1,0.4458654867246682,0.3131905771959048,0.49275343689237766,0.4768671726669377
950,17,X,Y,J,1,0.4725722834254493,0.32556177082911586,0.5293039025163732,0.456057340449599
950,18,X,Y,J,1,0.4946276691765923,0.3393886270347966,0.5182572649453989,0.48677405630259485
950,19,X,X,D,1,0.5103746482725302,0.358297949740627,0.5064312666349169,0.5105486958792487
951,0,X,Y,J,0,0.720431759740026,0.5787158759499216,0.626614794071731,0.5245978426668091
951,1,Y,Y,J,1,0.7254924980566971,0.5813785493287023,0.6625365507922588,0.5012134323368235
951,2,Y,X,D,1,0.7320343871571898,0.5944923045810206,0.6644822718409015,0.4789429501825075
951,3,Y,Y,J,1,0.7399252806533073,0.6246627854661181,0.6508629078013943,0.46664991695187713
951,4,Y,Y,J,0,0.7426179625410201,0.5798344806497968,0.6553380993248347,0.4968331783040344
951,5,Y,Y,J,0,0.6890393161861337,0.6040264606543441,0.6706786294184532,0.539705618438986
951,6,Y,Y,J,1,0.6885934019109288,0.5605241650528433,0.6759319637950663,0.5150711503601095
951,7,Y,Y,J,0,0.6500342562518636,0.5507758849517953,0.6575858752411067,0.5226697214013426
951,8,Y,Y,J,0,0.6420520553046504,0.5467466067270735,0.6552894312465314,0.5441234898405144
951,9,Y,Y,J,1,0.631471715746568,0.5532330527655135,0.63779747747679,0.524110402817093
951,10,Y,Y,J,0,0.653746820477658,0.5641954166735141,0.6339086025744931,0.48839239493661263
951,11,Y,Y,J,0,0.6742697954137626,0.5593627182537496,0.6771763601898,0.5233042268164109
951,12,Y,Y,J,1,0.686166956240577,0.5752135462765853,0.6695147667297807,0.5600296978047732
951,13,Y,X,D,1,0.6878595230877842,0.5553862722628095,0.68685976207395,0.5536242456903112
951,14,Y,X,D,1,0.7026654372334761,0.611941952487985,0.6894098398429551,0.5462351158613069
951,15,Y,Y,J,1,0.6900140014189662,0.6261770121487483,0.6499513676925601,0.5451408790157205
951,16,Y,Y,J,0,0.6980068109949616,0.6233769415636051,0.649733537908549,0.5324601820081918
951,17,Y,Y,J,1,0.716750856987229,0.5743187668668747,0.6584813094604087,0.5392916013420427
951,18,Y,Y,J,1,0.7218432690631992,0.567505731350899,0.6423508682319274,0.5645653550150115
951,19,Y,Y,J,0,0.7264760264263437,0.5448233400150303,0.6186822903875613,0.593568526455742
952,0,X,Y,J,1,0.47157428604484475,0.5005851937607546,0.7098733781908557,0.6102703253400462
952,1,Y,X,D,0,0.471753824995845,0.5031548995701671,0.7385328402460622,0.6382137112774994
952,2,X,X,D,1,0.469673165860232,0.4888277087762028,0.75,0.6739917420882732
952,3,X,Y,J,1,0.4818698032610036,0.4603695714171767,0.6987365903683316,0.6556787622756831
952,4,X,Y,J,0,0.5023894134554368,0.4994273111500829,0.7009471086014588,0.6678278668187733
952,5,X,X,D,0,0.5178082665174188,0.4763582111695746,0.6920950103594055,0.6566099057427706
952,6,X,X,D,1,0.5481827795981314,0.47096179336470545,0.6947847266433655,0.6116992136723145
952,7,X,X,D,1,0.5234397904536078,0.43678848819372335,0.7158671608226109,0.6320851994547548
952,8,X,Y,J,0,0.5367200101573223,0.43725906156235816,0.6615099375697607,0.6161047447074858
952,9,X,X,D,0,0.5537898041879575,0.4253861814230754,0.6140834849249304,0.6258658487278841
952,10,X,X,D,0,0.5447106402053875,0.4322234627957545,0.6049048079767977,0.6636287367467758
952,11,X,X,D,0,0.5472440186565304,0.3861815118540177,0.5733227185542806,0.641446030801443
952,12,X,X,D,0,0.5400331185523007,0.3768176199099715,0.5795423421594824,0.6700387205573158
952,13,X,X,D,1,0.5350022610639169,0.3554105744199684,0.5279331824548388,0.712070899704168
952,14,X,X,D,0,0.5791561864084491,0.37275398184613034,0.5347038908269582,0.6805105043979727
952,15,X,X,D,0,0.5439943940758182,0.39457988086499557,0.5768894944245885,0.7059293114400128
952,16,X,X,D,0,0.5542980513484191,0.40478949147343807,0.5671789895519846,0.6937085277959387
952,17,X,X,D,0,0.5635981501655145,0.39340355094023066,0.6032939168030774,0.7059707439517392
952,18,X,Y,J,0,0.5679689289845186,0.44321793953789623,0.5737926083001275,0.6830416928553456
952,19,X,Y,J,0,0.5866585131754919,0.4812181780078345,0.5710189599334631,0.6690526757937503
953,0,X,X,D,1,0.6098869432733294,0.5084137700072906,0.3033017491732764,0.3341174802573051
953,1,Y,Y,J,0,0.6210002263940213,0.5493229606819244,0.34090804350124826,0.33801630311125747
953,2,X,X,D,1,0.6416604921070775,0.5436003430752764,0.3518184171675992,0.31228763157373746
953,3,X,Y,J,0,0.6673819426982374,0.5170757342215163,0.35210851438391955,0.30948413700459815
953,4,X,X,D,1,0.6905634554182524,0.5707533982308517,0.3492176141197735,0.3195427095980902
953,5,X,Y,J,0,0.7091241499726078,0.5837182147297251,0.3590384920164896,0.3858307252912117
953,6,X,X,D,1,0.6869910408002623,0.5719638032162805,0.36585916623543335,0.39113519147091214
953,7,X,X,D,1,0.6899779743107862,0.5332228267215201,0.3846664653972567,0.37179859977655283
953,8,X,X,D,0,0.6573058127939356,0.501966081391597,0.4133808698421254,0.34091644196494103
953,9,X,X,D,1,0.6185999095953882,0.5201455957261558,0.4399972465735841,0.3489804277162452
953,10,X,X,D,1,0.5942710324831322,0.5352251260607279,0.41786278225257445,0.33381236204284676
953,11,X,X,D,1,0.5828445620722952,0.5249247624028074,0.4375340071343665,0.3748332174830372
953,12,X,X,D,0,0.5782284065393382,0.5018976227795189,0.4430456103819675,0.3820582108044922
953,13,X,Y,J,0,0.592053293052986,0.5172285188535111,0.43968528580687716,0.3952883362627683
953,14,X,X,D,0,0.5344119341774421,0.5287984372177896,0.40477923241645986,0.41273735268668227
953,15,X,X,D,1,0.5251135211110473,0.5376416645796293,0.4184201731759304,0.4241297312519437
953,16,X,Y,J,0,0.5658073405330167,0.5631103512713764,0.4381606608592949,0.43907951653279864
953,17,X,Y,J,0,0.5839747250207961,0.5584515601032053,0.4177165643835326,0.38836218168870507
953,18,X,Y,J,0,0.5793399866776286,0.5900797804218286,0.41087762107819226,0.3833365974917293
953,19,X,X,D,1,0.5559661080040931,0.5996173825591423,0.36585488846270403,0.4041137486861373
954,0,X,X,D,1,0.5249218972223756,0.4470325905289336,0.6383994551562602,0.28252571350767075
954,1,Y,X,D,0,0.5173972290812097,0.4460224115749209,0.6362779297803218,0.30015895776397183
954,2,X,Y,J,0,0.5302531955977879,0.430162710583198,0.6254012049140971,0.31269856318147554
954,3,X,X,D,1,0.4967598983543246,0.42986570942055213,0.6498131777961033,0.3023406966019006
954,4,X,X,D,1,0.5280848226007988,0.3975590015464322,0.5799847528192782,0.30411069498961923
954,5,X,X,D,0,0.5097470849034185,0.4153719504548672,0.5901822603291182,0.3148884453412581
954,6,X,X,D,1,0.4838929262407334,0.4031205029792987,0.5700992742077174,0.2969047857742038
954,7,X,Y,J,1,0.47440481032314197,0.40874724730228207,0.5877395098399296,0.30602093927090324
954,8,X,Y,J,1,0.41866943002083995,0.41685036987630664,0.5828096079338999,0.32287805674191156
954,9,X,X,D,0,0.4325762469757214,0.44480325724688513,0.5923562266544745,0.3442943880309402
954,10,X,X,D,0,0.4556395686569891,0.454933146060864,0.599498186851156,0.3695566650394042
954,11,X,Y,J,1,0.4357012851819408,0.46366832349107,0.6048680095049042,0.3517968344760446
954,12,X,X,D,1,0.44246981680065345,0.5001784793955054,0.585266432244696,0.3384973186547853
954,13,X,X,D,0,0.44626047717756206,0.47818594682192395,0.6030599835263513,0.36649063454168723
954,14,X,X,D,0,0.441613871963843,0.47184325638379665,0.5686650309649507,0.37098417661832545
954,15,X,Y,J,1,0.447580761146618,0.4720674170156533,0.6110204452268946,0.35836670436585955
954,16,X,X,D,0,0.42805936264987,0.47828426842267385,0.5997739139348639,0.3567627190533794
954,17,X,Y,J,1,0.4418632600780764,0.48765353107845,0.6303261590394004,0.3598346372696517
954,18,X,X,D,1,0.41843690647655934,0.5230253278510639,0.5877062487191165,0.3067508720326989
954,19,X,X,D,1,0.394247041480972,0.5347286989948332,0.5924549410025799,0.29112720599991143
955,0,X,X,D,1,0.5327161982143809,0.29005344720256604,0.3790278392629924,0.6265613879770524
955,1,Y,Y,J,0,0.4920138552694412,0.3096649078189281,0.40423997308791987,0.633431314345607
955,2,X,X,D,1,0.5299014975379447,0.32707459809378503,0.4097813293485997,0.6329298007594643
955,3,X,X,D,0,0.5592070486842461,0.3588182205658101,0.41715576873638127,0.6656078550916167
955,4,X,X,D,1,0.6063183454474905,0.325621447008356,0.4088280823515199,0.6533964117119613
955,5,X,X,D,1,0.6277691094641009,0.32712264087415366,0.4298596338170067,0.6822884468811187
955,6,X,Y,J,0,0.6909949839054891,0.33384211072487124,0.39230475980334356,0.6782897003197613
955,7,X,X,D,1,0.6856981619560796,0.3416672462114921,0.3997547824921391,0.6807584280337877
955,8,X,X,D,0,0.6793462444401337,0.33128725456240204,0.3757410834531459,0.6880637236552076
955,9,X,X,D,1,0.6813334852502129,0.3785542812400768,0.4035650008959921,0.7019671204544627
955,10,X,Y,J,0,0.692224924383061,0.3766035769441897,0.4236529963532432,0.717136892891847
955,11,X,X,D,0,0.6649410237834369,0.4174193418034581,0.42843765533517203,0.7316021030469083
955,12,X,Y,J,0,0.6871514199025335,0.42638596934147716,0.4708186613008202,0.75
955,13,X,X,D,1,0.7067518391648293,0.4204329809437524,0.4283676601945566,0.7427127469668952
955,14,X,X,D,1,0.7107282485699252,0.42799183437430166,0.3946038905935352,0.6991006574550733
955,15,X,X,D,1,0.7399809624184571,0.4903048191153163,0.35978613580070545,0.7257127358608415
955,16,X,X,D,1,0.7447110410012796,0.484015667662182,0.3335854264726993,0.7169669254558564
955,17,X,X,D,0,0.75,0.47968201309218456,0.3604728205297836,0.7241828546732565
955,18,X,X,D,1,0.75,0.48594894420216134,0.3972272907623881,0.6903989050408256
955,19,X,X,D,0,0.6947079614834677,0.43646679705641955,0.35807742959903954,0.6774753696869251
956,0,X,Y,J,0,0.3828761542997711,0.7302385123728737,0.5492125728377013,0.6989880907762788
956,1,Y,Y,J,1,0.37929588382481644,0.695894741528377,0.5186672885073776,0.7020138799091504
956,2,Y,Y,J,1,0.3728456220657151,0.6921293887392481,0.5465801065255107,0.6676642485511175
956,3,Y,Y,J,0,0.37868186963758993,0.7259913474019941,0.5505567897239758,0.669243343612461
956,4,Y,Y,J,0,0.3969419978922142,0.7294974940109265,0.5973016324426956,0.7087065049092034
956,5,Y,Y,J,1,0.4125277369226125,0.7209687560761399,0.6025239745689721,0.7140495119188437
956,6,Y,X,D,0,0.38046078564153957,0.6909229378510154,0.5848629470531912,0.7162708288953922
956,7,Y,X,D,0,0.370384395249455,0.6892032020700215,0.5703354133985186,0.6831418770807103
956,8,Y,Y,J,1,0.40600299744254564,0.7153300831667139,0.5616287414760472,0.6924769028304414
956,9,Y,Y,J,0,0.38972363209810235,0.7010084496842696,0.5355437161192481,0.6808881571065168
956,10,Y,Y,J,1,0.39888168893680465,0.7249635634179511,0.5680562264252309,0.6778853387607758
956,11,Y,Y,J,0,0.39306290810963496,0.7118172374977886,0.5629301864424692,0.6732063031046187
956,12,Y,Y,J,1,0.3821925645996767,0.6684564657458992,0.544041352752921,0.6677494211139441
956,13,Y,Y,J,1,0.3789783389099308,0.6596226273441076,0.5406094032840995,0.5928771630449621
956,14,Y,X,D,1,0.3997988029843064,0.6644052926029882,0.5637094916828858,0.6057664066914683
956,15,Y,Y,J,1,0.4220138504033483,0.6552409245485968,0.5221353335624561,0.6460752604944491
956,16,Y,X,D,0,0.38300295847391097,0.6497335576755182,0.48560442393330044,0.7035579037212433
956,17,Y,Y,J,0,0.35246298477362803,0.6276429197640063,0.49726525297914015,0.7226234670972586
956,18,Y,Y,J,0,0.358073688812822,0.6437521384842362,0.4859762146771594,0.7258566812543765
956,19,Y,X,D,0,0.330895537365942,0.6658013830803443,0.5311054923731582,0.729527748321066
957,0,X,X,D,0,0.6368290053296193,0.31381899177087036,0.7497550697546462,0.36890193817085865
957,1,Y,Y,J,1,0.6575402765501299,0.3287917894835858,0.75,0.3281692706193732
957,2,Y,X,D,1,0.6806697923227456,0.3355295351898217,0.75,0.31343088479235237
957,3,Y,Y,J,1,0.7125702226095756,0.3583051204040924,0.75,0.3193713985161008
957,4,Y,X,D,1,0.6610459373684567,0.3799056890480578,0.7431564872015745,0.3524819151448149
957,5,Y,X,D,1,0.6487425856880593,0.39628557173906837,0.7324164234413092,0.3404054168018395
957,6,Y,Y,J,1,0.6526423310725552,0.40869332553536075,0.7339592988742506,0.35086255680264367
957,7,Y,Y,J,0,0.6372318414042623,0.4328309633449864,0.7282747039292884,0.3703540924678531
957,8,Y,Y,J,1,0.6216835194119049,0.42563744353299127,0.75,0.37685136651138107
957,9,Y,X,D,1,0.6222759085305936,0.4874429556606583,0.7141055732833443,0.38316114368197574
957,10,Y,X,D,1,0.625558672785534,0.4897259650912906,0.7081328886982371,0.3922161615352309
957,11,Y,Y,J,1,0.6460888265701299,0.5326897073365674,0.7006126727196847,0.37628469498773875
957,12,Y,Y,J,1,0.6352470552625917,0.4845665379991127,0.7121387795706396,0.3742784123039042
957,13,Y,Y,J,1,0.6183945333921266,0.49505338324896875,0.6896361930900894,0.3757436096862031
957,14,Y,X,D,0,0.6181691156970147,0.5023161294715197,0.6867664217561227,0.36144208621249796
957,15,Y,Y,J,1,0.6465722261849873,0.5039129121777621,0.686215068571004,0.3595791659128443
957,16,Y,Y,J,1,0.6343703583513827,0.4977300163965462,0.7273811191787474,0.3612599758037718
957,17,Y,X,D,0,0.6520536592795714,0.49180163370348023,0.75,0.3631727802892917
957,18,Y,Y,J,1,0.651892163716741,0.4828655236561995,0.75,0.3539807974071939
957,19,Y,Y,J,0,0.6507553997107998,0.4560130390456928,0.75,0.3134696161798053
958,0,X,X,D,1,0.6724347452647109,0.6275795026568982,0.742094076203694,0.6456054584561906
958,1,Y,Y,J,1,0.6840015468839166,0.6641004686165963,0.75,0.630028950494644
958,2,X,X,D,1,0.6932463811764498,0.7015748786803087,0.742248436523038,0.6084257460654704
958,3,X,X,D,1,0.7162347692840128,0.6881075551077329,0.75,0.6111500468006175
958,4,X,X,D,1,0.738723695811506,0.6900729531536306,0.75,0.6641464604462123
958,5,X,Y,J,0,0.7178653006521573,0.6993570442875793,0.75,0.6581139355369583
958,6,X,X,D,1,0.7215555121553597,0.6806088220357627,0.7174998592037743,0.6748638840527952
958,7,X,X,D,0,0.7253038009821611,0.6680134589348227,0.7150497249544178,0.712490875638582
958,8,X,Y,J,1,0.7138948019457153,0.6344307719975234,0.7397346358497481,0.75
958,9,X,X,D,1,0.701667650862063,0.6272370761322076,0.7221453349762774,0.7384579484453663
958,10,X,X,D,1,0.7059248064206042,0.5952104380096485,0.7306631419723272,0.724056029154637
958,11,X,X,D,1,0.6963332879805807,0.5515417797013052,0.7079261720346378,0.7217478194084901
958,12,X,X,D,1,0.689272732257914,0.5189059064906221,0.6814665906949249,0.6975510731836595
958,13,X,Y,J,1,0.6642846610392633,0.5229733252342581,0.669937217107495,0.727319706628582
958,14,X,X,D,0,0.6868530140952268,0.47901860530822815,0.6962509708230584,0.7485199454044745
958,15,X,X,D,1,0.6826029823612871,0.4838919120389169,0.6927856128344722,0.7031168357494288
958,16,X,X,D,1,0.6860365562536844,0.4868679951554535,0.6846173123729536,0.7038081523511908
958,17,X,X,D,0,0.6443508734868137,0.5016129914478419,0.721952193565901,0.7419166999577986
958,18,X,Y,J,1,0.6978772541651718,0.5522379455549319,0.738032010453094,0.7211913242168811
958,19,X,X,D,0,0.7081506008059247,0.5712525188222154,0.75,0.740468393902723
959,0,X,X,D,0,0.3577821442674788,0.42240870204407105,0.4241308799620676,0.25689684224504145
959,1,Y,X,F,0,0.3401553378426871,0.4766537473803152,0.4031571993557199,0.25
959,2,X,X,D,1,0.34427725981447305,0.5206702577537028,0.4169890764249385,0.2739237441614401
959,3,X,Y,J,1,0.3786257230565564,0.5084384868685976,0.4173638659703745,0.2535413616949235
959,4,X,Y,J,1,0.3854215163932164,0.4823875751725422,0.4164945730657153,0.25
959,5,X,X,D,0,0.38916933648861185,0.46696767002373446,0.45459059243919325,0.25
959,6,X,X,D,1,0.41496919327340775,0.48084969563458274,0.43878471447377493,0.26637239566430937
959,7,X,Y,J,0,0.42960988573697806,0.45985800035847746,0.45685057961442116,0.2755292437658733
959,8,X,Y,J,1,0.4598628120238152,0.491673315987066,0.4487958551686287,0.2815093452016481
959,9,X,X,D,0,0.4272469343777118,0.4877832554101663,0.43419317598101465,0.3127574687109545
959,10,X,X,D,1,0.43208060753639166,0.4774427485316189,0.4057913563384682,0.29967892789988587
959,11,X,X,D,0,0.4178666770590272,0.4977932610037111,0.4385011383787135,0.2592009532551122
959,12,X,Y,J,1,0.38367987832732076,0.501970913549893,0.4739187748278355,0.2620708591564882
959,13,X,X,D,0,0.37989335204958147,0.4895206656920856,0.4889281529077702,0.29766547230488605
959,14,X,X,D,1,0.3505209429439611,0.4704988211967815,0.47744555678031503,0.2864379666287122
959,15,X,X,D,1,0.3215734836589593,0.4496846751273003,0.4906323957367454,0.3301882549116934
959,16,X,X,D,1,0.37828299031821033,0.4684141926658699,0.47503367824563947,0.33623446964917614
959,17,X,X,D,0,0.3828145484641745,0.472060387655964,0.49201590067557577,0.3066705544801304
959,18,X,X,D,0,0.37802307158048554,0.5099949932125041,0.5169333837320915,0.3264587451402823
959,19,X,X,D,1,0.39018016472896133,0.5475111230883303,0.5212365381892319,0.31748210696358264
960,0,X,X,D,1,0.6198575670018153,0.46523479808593043,0.28965131478568523,0.40101263780729424
960,1,Y,X,D,0,0.60631093770839,0.476114027134821,0.30949756952655083,0.4003563448810336
960,2,X,X,D,0,0.5945299414377337,0.5032111609759293,0.30858077771186654,0.36364236651356274
960,3,Y,Y,J,0,0.5857964204248185,0.5328584306129628,0.28742438448697943,0.35105641402946164
960,4,X,Y,J,1,0.5921323053567327,0.5875997314688157,0.32537660715201333,0.3210393348024346
960,5,X,X,D,0,0.5968383850690873,0.5753918269284751,0.28759721873538713,0.30375503900433376
960,6,X,Y,J,0,0.5925095034162944,0.5863476326165366,0.28405717227698696,0.285450526816044
960,7,X,X,D,1,0.598989621282046,0.6052952361025145,0.3051193319693064,0.3040142330482057
960,8,X,X,D,0,0.616839725205949,0.5776977712708906,0.32374719179813605,0.3090686484714335
960,9,X,X,D,0,0.6611015995293703,0.5678055621322637,0.3187763686683998,0.361183376225921
960,10,X,X,D,1,0.7194544530077911,0.5522747590656416,0.2637841142128039,0.3968551781285826
960,11,X,X,D,0,0.7102936709370505,0.5309918771180955,0.2797718732439115,0.45887016807582504
960,12,X,X,D,1,0.6861386653998276,0.5435243697126293,0.2786085177966202,0.4449094561535631
960,13,X,X,D,0,0.7105738154783229,0.5519102193336666,0.25,0.43042124098852497
960,14,X,X,D,1,0.6879592268025656,0.5421297651376251,0.25,0.41908300018070593
960,15,X,X,D,1,0.6846077407564548,0.5208261046462941,0.25,0.4428505936493613
960,16,X,X,D,1,0.6665495299470462,0.5446747823066935,0.25,0.4600316553577011
960,17,X,X,D,0,0.7104319795265486,0.5221665505944804,0.25,0.40723054737278996
960,18,X,X,D,0,0.7160831094909772,0.529630703354498,0.25,0.4160196986743493
960,19,X,Y,J,0,0.7024816564179053,0.5380331199850159,0.25128085153850255,0.4335401168827138
961,0,X,Y,J,1,0.6948014040419707,0.5098924049043141,0.5770455445393484,0.5025734751765478
961,1,Y,Y,J,1,0.7354398248668307,0.5365147316749501,0.5890600587161275,0.46230718457318143
961,2,X,X,D,1,0.75,0.5361985074202452,0.5884750844307035,0.4354340980827158
961,3,X,X,D,0,0.7476168811044691,0.5309022074108755,0.5404990025915906,0.4408837596562352
961,4,X,X,D,1,0.7400123452943353,0.5101308324779246,0.506228064716727,0.44404646184806434
961,5,X,Y,J,0,0.7358448661715405,0.5058984617751621,0.5069192247452996,0.42978695283585844
961,6,X,X,D,1,0.75,0.4730053821889408,0.5206870492107687,0.4354026782941253
961,7,X,Y,J,0,0.75,0.457300986465509,0.5128096573381645,0.4195452127615769
961,8,X,X,D,1,0.75,0.4399134438876946,0.4915189887773761,0.4009759002024661
961,9,X,X,D,0,0.7324637488191635,0.46309556367607485,0.4892278137343872,0.41751813679281924
961,10,X,X,D,1,0.7189126093882686,0.4418237667973254,0.4733886059345401,0.4465396288289006
961,11,X,X,D,0,0.6784733626364368,0.4381630455070903,0.479346031762086,0.45074310483448976
961,12,X,X,D,1,0.6702695713279903,0.43119784837986286,0.5145883113516018,0.44425142188334926
961,13,X,X,D,1,0.6789868889715484,0.4669011312305681,0.5119495525911144,0.4357382072883434
961,14,X,Y,J,0,0.6875039869278521,0.5039362428833051,0.513542557713123,0.4547084829730101
961,15,X,X,D,1,0.6899994396409905,0.46552393343370646,0.517929064347709,0.4625974326058964
961,16,X,X,D,0,0.6894317301592299,0.44192927175734037,0.552513511940458,0.4719410043457603
961,17,X,Y,J,0,0.666543783851132,0.4643827960992006,0.5597305176346267,0.47609670815326843
961,18,X,X,D,1,0.6505491599809909,0.4567388807207653,0.5732178616285671,0.47281810811267977
961,19,X,X,D,1,0.6830392360557362,0.4736439350292347,0.5081527867794625,0.49474708884182844
962,0,X,X,D,0,0.4008366181420935,0.48447221169823435,0.3511506761840317,0.47524270238553934
962,1,Y,X,F,0,0.45980358302739627,0.46332099798079623,0.30656057157224204,0.4534549953845433
962,2,X,Y,J,0,0.5061489937914616,0.46203402806272115,0.30130578351280357,0.44125235425722353
962,3,X,X,D,1,0.5196552150671733,0.44674496152900317,0.26350361079772994,0.4734849887317335
962,4,X,Y,J,0,0.5080487018076638,0.4422556075056992,0.29706373192189395,0.467657538618666
962,5,X,Y,J,0,0.5195430603009011,0.46672944277747813,0.31889890080874866,0.4489971530313359
962,6,X,X,D,0,0.5009564412250908,0.45414893415230206,0.32619837940118496,0.45139997299530216
962,7,X,X,D,0,0.5262208910629881,0.46874294689554735,0.2890682321135802,0.4262775146538367
962,8,X,X,D,1,0.5444841722288281,0.5270450234820203,0.2751982402236282,0.4401934052247849
962,9,X,Y,J,0,0.5411468645682763,0.5202494374483252,0.2696250049514144,0.44770320040937384
962,10,X,X,D,0,0.524414521748095,0.4857071447064907,0.25494371261344284,0.45012399201329784
962,11,X,X,D,0,0.49024257704675817,0.490836214113679,0.3007365370596965,0.43586296390272133
962,12,X,X,D,0,0.45867716323722096,0.49880615238633047,0.30775918533948105,0.4357873787999421
962,13,X,X,D,0,0.47819935349725884,0.5064176110891644,0.3102426200133979,0.42313480870023534
962,14,X,Y,J,0,0.43264692106669933,0.4958395558963848,0.300697832450726,0.433032366833431
962,15,X,X,D,1,0.39299457107049535,0.4986690548841821,0.3081602829566435,0.40648049866274233
962,16,X,Y,J,0,0.3956103061943098,0.5104702951160224,0.3284054635527831,0.41383605262816525
962,17,X,X,D,1,0.407261515713355,0.5046952939727459,0.3409432404136322,0.41936387000797265
962,18,X,X,D,0,0.41057458592275103,0.5325995326158354,0.3432407409549561,0.4054233206379533
962,19,X,X,D,0,0.41718744368065563,0.5328613444042298,0.35859972581215666,0.38980032903964074
963,0,X,X,D,0,0.5217795854025664,0.499320993594873,0.40009467024147544,0.3744806247716929
963,1,Y,X,F,1,0.5489781589858267,0.5313710154343972,0.3593556350613286,0.387976530590511
963,2,Y,Y,J,0,0.5652619066678737,0.4869577373292808,0.36194873285158297,0.3673184840160645
963,3,X,X,F,0,0.5845332357878548,0.4812312181254548,0.37166476349590694,0.36766726118924364
963,4,X,X,F,0,0.5533332381202788,0.4902062228767646,0.3816001743556869,0.3956112164290341
963,5,X,X,F,0,0.5448448676762049,0.5093115636164909,0.38398327300127,0.40597883648874955
963,6,X,X,F,0,0.5383437431024666,0.4782831657986575,0.38933865550279656,0.4041613998962618
963,7,X,Y,J,0,0.4877555263845317,0.5077580515575202,0.4082082333078568,0.41616829709334446
963,8,X,X,F,1,0.5010384016137824,0.5135111318251928,0.37227905501464825,0.39331763501550704
963,9,X,X,F,0,0.5277041680248208,0.5025551358551661,0.3515388236077463,0.4251253514383098
963,10,X,X,F,1,0.5215495260714567,0.5375024667968806,0.35790401775472364,0.4188530010293874
963,11,X,X,F,1,0.5270120609555682,0.5183804093778605,0.3287371653607298,0.41588503051996395
963,12,X,X,F,0,0.5792800787995248,0.5165025970339527,0.3122412149081672,0.3537631533106764
963,13,X,X,F,0,0.5781131410149357,0.5097313346055165,0.3059036149846628,0.38759945596558437
963,14,X,X,F,0,0.614908966651031,0.46541353038254735,0.33491561007743953,0.3930346430880553
963,15,X,Y,J,0,0.6385487483250515,0.423777350641929,0.35909021851951645,0.4129647546469951
963,16,X,Y,J,0,0.6342225003605396,0.39708094874742644,0.37053748243701734,0.4019659623032861
963,17,X,X,F,0,0.6263831213480205,0.405158111845231,0.37534719321274107,0.4018236870526885
963,18,X,X,F,0,0.606996821712964,0.38752379478645976,0.37337816323132395,0.4145319221650677
963,19,X,Y,J,0,0.5827045512067325,0.46492230092120734,0.3482947253620064,0.4460752395429499
964,0,X,X,D,1,0.7436023088847186,0.3617971170356204,0.6707536982643861,0.6339662194295719
964,1,Y,Y,J,0,0.7045749304077599,0.3563882656335066,0.6652271781255237,0.6578185948698392
964,2,X,X,D,1,0.6756787532293077,0.37943481525588446,0.6452379098884682,0.669321237595188
964,3,X,X,D,1,0.6582830588128304,0.4328526209024198,0.6345677528461348,0.6612064829824384
964,4,X,X,D,1,0.6264850506870585,0.4215272570710232,0.6312306260121342,0.6585567052733486
964,5,X,X,D,0,0.64895196655958,0.4352566851344133,0.6339771448417969,0.6140958727880516
964,6,X,X,D,0,0.663655653987177,0.4022668006207862,0.6104715154833142,0.6525410216989456
964,7,X,X,D,1,0.6787380126859925,0.3891773715607087,0.6295251436758453,0.6662415713540663
964,8,X,X,D,1,0.7073366214381053,0.3843778873592615,0.5965893882945325,0.6664737460339756
964,9,X,X,D,1,0.7400841770872509,0.3756249417796583,0.596427750018876,0.6464022144831908
964,10,X,X,D,1,0.7462464420899511,0.37351211190106137,0.5771852094897504,0.6615066105602692
964,11,X,X,D,1,0.75,0.40424308070780685,0.5814106512958848,0.6542684934751294
964,12,X,X,D,1,0.7420139712760783,0.4178039508573709,0.5758774371795814,0.6474257086540913
964,13,X,Y,J,0,0.75,0.4597462291840952,0.5868444632511808,0.6340512016354626
964,14,X,X,D,1,0.75,0.4682178054665061,0.5509540765019547,0.6607190417509785
964,15,X,Y,J,1,0.7119866926301386,0.48070021770974536,0.5495922596651319,0.6947554268821111
964,16,X,Y,J,1,0.6980531633338705,0.501779736704618,0.5847053855649912,0.6967259432806683
964,17,X,X,D,1,0.6514728630452653,0.5060953047318348,0.5638226753002602,0.734848511262837
964,18,X,X,D,1,0.6683998085834434,0.5063802639656152,0.5504213530330699,0.75
964,19,X,Y,J,0,0.6771626109736856,0.518597768942468,0.5500799213946332,0.75
965,0,X,Y,J,1,0.5767266720943978,0.5183194290476729,0.7222025953509115,0.6495874400995918
965,1,Y,Y,J,0,0.5834738208602869,0.5185175861310036,0.7221986884744335,0.6223792090258476
965,2,X,X,D,1,0.5991946738504528,0.4980605154208812,0.7256536530743285,0.6150411993573278
965,3,X,X,D,1,0.604247026976569,0.5285395555509635,0.7263532894725219,0.589434720474348
965,4,X,Y,J,1,0.5623231834778102,0.559021795460663,0.6953051941165139,0.5679107953429311
965,5,X,Y,J,1,0.5828086015746045,0.5750682898273516,0.6571526929005117,0.5991253670380767
965,6,X,X,D,1,0.5618249915120235,0.5820214932240074,0.7060137924311419,0.5908055308104964
965,7,X,X,D,1,0.5578916075023379,0.587267983069949,0.6993792539864434,0.6248848317030584
965,8,X,X,D,0,0.5313952315862094,0.5669445566097826,0.6835725199525441,0.63723863753237
965,9,X,X,D,0,0.5635574670442036,0.5247600637595254,0.6580488603726072,0.6558582216349528
965,10,X,X,D,0,0.5338251689263115,0.5658831635910367,0.6383129746521101,0.6426410183040293
965,11,X,X,D,1,0.5688006740167356,0.5406625922423716,0.6629351722256867,0.6109461235797794
965,12,X,X,D,0,0.5547641540537338,0.5395963928457747,0.6455248151704592,0.6113770631728808
965,13,X,X,D,1,0.5527575479688833,0.5799602821878613,0.6923118603911741,0.6125215603099133
965,14,X,X,D,0,0.5351178977358637,0.5756192804364073,0.7253420707656432,0.6194387686791076
965,15,X,X,D,1,0.587656164222752,0.5780264349033629,0.7248422241020455,0.5909854018313063
965,16,X,Y,J,1,0.6088411968102387,0.5944261477942063,0.7408619053502367,0.6386046714904446
965,17,X,X,D,1,0.6122943912096142,0.5821995476546131,0.7133607247067628,0.6751197355764499
965,18,X,Y,J,1,0.6003041256133781,0.5489095739987879,0.7240506357728793,0.6867204409195492
965,19,X,Y,J,1,0.5725576616477976,0.5667795062185352,0.7399486858379273,0.702204202414789
966,0,X,X,D,1,0.38402403029483306,0.27586950853229775,0.3347105991156093,0.48732570037294537
966,1,Y,X,D,1,0.3809349468081335,0.2767122258193513,0.32601022515331063,0.4862083829374824
966,2,X,X,D,0,0.35832863243234714,0.2700792690043069,0.31299128993953684,0.535223643552491
966,3,X,Y,J,1,0.3919501582788065,0.2902265786859245,0.3464352085912069,0.5324535495109411
966,4,X,X,D,0,0.3886445668286529,0.30944730583516356,0.33659752392807085,0.5262119052376183
966,5,X,X,D,0,0.39877106378679167,0.35507860310023215,0.31826492060568706,0.5087677118635461
966,6,X,X,D,1,0.4230455048989905,0.3381253827533058,0.31409214308836614,0.5404639586410539
966,7,X,X,D,0,0.4469690513907895,0.297995473383736,0.3220694825592128,0.49096473608927266
966,8,X,X,D,0,0.46368189225142903,0.3080956948336693,0.3426719338460771,0.49137439445904363
966,9,X,Y,J,0,0.4376226783752669,0.3034300800570101,0.33101135240096724,0.4682356318221619
966,10,X,X,D,0,0.4254009863850335,0.31407384812393596,0.3414868829242799,0.4223359409648884
966,11,X,X,D,0,0.41402134157897286,0.27355316525410955,0.3207455162455847,0.433119733883263
966,12,X,X,D,1,0.39729382840420746,0.28924954899059724,0.30525849289310925,0.457954021175706
966,13,X,X,D,1,0.3873839903703046,0.27097422242351077,0.296360820631831,0.4341153006850018
966,14,X,X,D,0,0.371566098155653,0.25,0.28088753489441604,0.39817514055383213
966,15,X,X,D,0,0.4261165250340692,0.25,0.26186763459637363,0.37319350973121695
966,16,X,Y,J,1,0.39484059092154233,0.2709018218535294,0.29033861362148994,0.39516724237906836
966,17,X,X,D,1,0.4061339734780556,0.2745653741253913,0.3171392355862764,0.3807697824306882
966,18,X,X,D,1,0.38503776756963043,0.25536081910193315,0.32527575858547375,0.3843317483479915
966,19,X,X,D,0,0.3726499174457672,0.25,0.30674796449359304,0.37294018904155257
967,0,X,Y,J,1,0.35271205806902356,0.7365680663394218,0.516783896744158,0.5300143334223761
967,1,Y,Y,J,0,0.3085014419971081,0.7387284059081408,0.5258435082489586,0.5388162151129748
967,2,X,X,D,0,0.30770720804311447,0.75,0.5310341638048962,0.5560396760363097
967,3,X,Y,J,0,0.298302548184132,0.75,0.5444151556856127,0.611905060813112
967,4,X,X,D,0,0.25874257597440803,0.7291068162470532,0.5133494128225641,0.5825392428191276
967,5,X,X,D,0,0.25,0.75,0.4959579763242453,0.5789685728224607
967,6,X,X,D,1,0.28382126841653177,0.75,0.4670073610271649,0.5685714618815043
967,7,X,X,D,1,0.2770184360033159,0.7473670589994429,0.4589678635231303,0.5886985397545698
967,8,X,X,D,1,0.25,0.75,0.4099001033730888,0.5822021424341678
967,9,X,X,D,0,0.25,0.75,0.3901564234263887,0.5874281454960698
967,10,X,X,D,0,0.2688298517169165,0.75,0.3695734794917023,0.5794051793595287
967,11,X,Y,J,0,0.2562047533650225,0.7224865188499648,0.35717709394392655,0.5684007244416595
967,12,X,X,D,1,0.25,0.75,0.3643497852224577,0.5583083013001139
967,13,X,Y,J,0,0.25,0.7492312345418598,0.31835247411859335,0.5645131890268585
967,14,X,Y,J,0,0.25,0.75,0.31876293609330836,0.592012082772154
967,15,X,Y,J,0,0.25,0.7439499863738793,0.31387260319078875,0.6106522876766552
967,16,X,X,D,1,0.25,0.6981535032107701,0.30057811495416187,0.6131597445147096
967,17,X,X,D,0,0.25,0.7055426482392684,0.30544150773537704,0.6637823972712388
967,18,X,Y,J,0,0.3022608851952268,0.7075485073073614,0.28610568555037547,0.6947852511385483
967,19,X,X,D,0,0.33106312187524606,0.6852052733960752,0.2699723700178085,0.6991183227241972
968,0,X,X,D,0,0.4296224897081533,0.3055734848065005,0.6135529491055172,0.539854525139037
968,1,Y,X,F,0,0.4086734983831744,0.3150625532744427,0.565588531711981,0.5471603676666501
968,2,X,Y,J,0,0.39405262397953467,0.29085396705658073,0.5694115197064572,0.5462109919389037
968,3,X,Y,J,1,0.3725205494484921,0.31477945571720656,0.5511350106622537,0.537859228545017
968,4,X,X,D,1,0.377126467492764,0.29440120494818145,0.5460869004010176,0.5572535547215408
968,5,X,Y,J,1,0.42450480282767844,0.26394504102899036,0.5513085991546068,0.5442583525593438
968,6,X,X,D,0,0.42272126118762726,0.26341639961805224,0.5512163233874959,0.5125678652993653
968,7,X,X,D,0,0.3727056474854721,0.2515110522257045,0.5526039488267773,0.541102659451392
968,8,X,X,D,1,0.37959005977713844,0.25,0.5604428557563886,0.5545639742020764
968,9,X,Y,J,0,0.3833589957405281,0.25,0.5849283083948937,0.5528867426217812
968,10,X,Y,J,1,0.4021010610739926,0.25,0.5882801930644389,0.5729080910501154
968,11,X,X,D,0,0.35195616055741963,0.27185334081069873,0.578242858094038,0.5123071230935022
968,12,X,X,D,1,0.36883817407717295,0.25,0.6274522997470751,0.5380456554932112
968,13,X,X,D,0,0.40769214520999947,0.2699528460114313,0.6007823929729293,0.5786665929210993
968,14,X,Y,J,1,0.4224003869808065,0.31403047361261294,0.5744438459714553,0.5994884788899622
968,15,X,Y,J,1,0.44689753272772903,0.31690887692075653,0.569222201502044,0.6213854922219364
968,16,X,X,D,1,0.40635510704936817,0.30944401680499295,0.5569048179373588,0.6312709657859762
968,17,X,X,D,1,0.40984101790746447,0.2788325558813415,0.5915653622708482,0.6481433727630086
968,18,X,Y,J,1,0.4397151159689091,0.29913360545430173,0.5835132391363814,0.6738065878812708
968,19,X,X,D,0,0.46463439445397986,0.3016828471234338,0.6056279210874994,0.6814327195927403
969,0,X,X,D,1,0.5925838928788643,0.45083471133498054,0.7361034877243269,0.5558094175518068
969,1,Y,Y,J,1,0.5477164148843916,0.40291004469410235,0.7106215137658223,0.5685630132393931
969,2,X,Y,J,1,0.5420687340737997,0.3900118471519111,0.6925910888661456,0.5532411514008821
969,3,X,Y,J,0,0.5403798184960985,0.3835597342491102,0.6603419246652773,0.5417764605452291
969,4,X,X,D,0,0.5708503684852683,0.4062216901363806,0.6555914135098908,0.5269542700131215
969,5,X,Y,J,0,0.5884732963700136,0.43074750724673905,0.6680464179184209,0.5193010245824607
969,6,X,Y,J,1,0.5502276478669473,0.42003207729763503,0.6449202061648408,0.5404925274498755
969,7,X,Y,J,0,0.5156291847446095,0.4007264156715723,0.6154993307274553,0.5610490595314823
969,8,X,X,D,1,0.5292088196601332,0.40678481528103755,0.6176748253228375,0.5484263346637321
969,9,X,Y,J,0,0.49113467787840037,0.41494539243343903,0.6096371249258535,0.5163734286879201
969,10,X,Y,J,0,0.5084473311856671,0.412284464290047,0.5860448045683662,0.4850368321691912
969,11,X,X,D,1,0.4938613861778875,0.3540781749686612,0.6368476286410284,0.464161152380516
969,12,X,X,D,0,0.5519971183209251,0.35173196813999863,0.6282511359232973,0.5061003041731545
969,13,X,X,D,1,0.565034302613934,0.3502850858352499,0.5988496368445446,0.4658135150981472
969,14,X,Y,J,0,0.5827510460339429,0.353488085933689,0.6022359773105737,0.4976984010931466
969,15,X,Y,J,1,0.5696566245644449,0.34766291314103515,0.6421891561839025,0.46859815601826554
969,16,X,Y,J,1,0.5646843695658096,0.3117948575762488,0.6714030219668118,0.4493711506924687
969,17,X,X,D,0,0.5697202048794969,0.3234768371013399,0.687886574617795,0.4403719782153567
969,18,X,X,D,1,0.5413976367354777,0.3223009909132225,0.732886213304837,0.45548936605553336
969,19,X,X,D,1,0.5443787310226945,0.3086479130129725,0.7047592607102597,0.4155903658705796
970,0,X,Y,J,1,0.7106527770291223,0.620443572399738,0.7487513709693997,0.28653305917816824
970,1,Y,Y,J,0,0.7227906367709213,0.6201522943418113,0.75,0.25876963206044784
970,2,X,X,D,0,0.714269316209586,0.6015154332373971,0.7407377960692422,0.29356338885484434
970,3,X,X,D,1,0.6968892586600047,0.6214623838332712,0.7288335365754545,0.25
970,4,X,X,D,1,0.6318300710102477,0.5909325384853715,0.7231489758922585,0.2729083110376719
970,5,X,X,D,0,0.6283213155777722,0.5830364695142793,0.7459344221125677,0.25
970,6,X,X,D,1,0.6480945560558653,0.6243345535510881,0.75,0.25
970,7,X,X,D,0,0.6850955357351438,0.6427406434887399,0.75,0.25
970,8,X,X,D,0,0.6761944033287183,0.6192722643354088,0.7489102235977974,0.25
970,9,X,X,D,0,0.7230437773190781,0.6375319726487011,0.75,0.25
970,10,X,X,D,1,0.7357266375537567,0.6337391823647277,0.75,0.25
970,11,X,X,D,1,0.75,0.6467374829687599,0.75,0.2729036126776213
970,12,X,X,D,1,0.75,0.6593090365131692,0.6880729772257479,0.25
970,13,X,X,D,1,0.75,0.678340412224566,0.7047684017507869,0.25
970,14,X,Y,J,1,0.75,0.6752757814238534,0.6936938463867967,0.25
970,15,X,X,D,1,0.75,0.6890495500165199,0.6785117629403175,0.25
970,16,X,X,D,0,0.75,0.6823962547609103,0.657317923861526,0.25
970,17,X,X,D,1,0.7357748219865744,0.700471661216727,0.7406127556569192,0.28798784407321365
970,18,X,X,D,0,0.726559387717416,0.7194492002969599,0.75,0.29415303894410166
970,19,X,X,D,0,0.7087065291840373,0.75,0.75,0.3112493024476216
971,0,X,X,D,0,0.34405098415731983,0.44557201826455367,0.702718660785961,0.4638937574864231
971,1,Y,Y,J,1,0.3394838190407368,0.44581388658741333,0.6804471760551883,0.4550053753951705
971,2,Y,X,D,1,0.30898248327004224,0.4730637079496104,0.6975720247028927,0.46436390146390016
971,3,Y,Y,J,1,0.31204083593369586,0.49367957573292115,0.6416049381391521,0.4522548069502561
971,4,Y,Y,J,1,0.3086878794873531,0.48057478998811193,0.6031686065143351,0.41021622482725223
971,5,Y,Y,J,0,0.27249340442491893,0.48373791473382216,0.5783488072036091,0.3974604108216673
971,6,Y,Y,J,0,0.26332419909259014,0.4427579238053003,0.5562787305992494,0.34922263032819023
971,7,Y,X,D,1,0.2624630412650707,0.37035178652747563,0.5618124166823782,0.3283061579699983
971,8,Y,X,D,0,0.25,0.3627057266057977,0.5583082979378889,0.3313439924754547
971,9,Y,X,D,0,0.25,0.30590236097975926,0.5530927971688108,0.348118340365388
971,10,Y,Y,J,0,0.28036835684339817,0.2995967427477168,0.5561572774737423,0.38666673335116725
971,11,Y,Y,J,1,0.2590570512737538,0.3287033789106786,0.5322048022418987,0.4425205258864561
971,12,Y,X,D,0,0.2750377109632467,0.32427409443630073,0.5491971459143272,0.4699572905163054
971,13,Y,Y,J,0,0.2714302750645812,0.35798324917333735,0.5465406756974162,0.5066121379727836
971,14,Y,Y,J,1,0.26432712401683073,0.3420370624593745,0.5679793770270438,0.4852219005681434
971,15,Y,Y,J,0,0.2890948984794246,0.3558429442646934,0.5625396493695884,0.4856420713107771
971,16,Y,Y,J,0,0.31573202518719423,0.3895549310359726,0.5295219758857337,0.5081647265991215
971,17,Y,X,D,0,0.32992817830772936,0.4234587589665746,0.5152770048669187,0.5355968732678811
971,18,Y,X,D,0,0.33911633189096946,0.4224351411581646,0.5178177756441992,0.5631515402300846
971,19,Y,Y,J,0,0.30214422474411623,0.42795483293383657,0.4919671489531005,0.5809511950462282
972,0,X,X,D,1,0.28671862155257827,0.7127409142780234,0.6174345277772905,0.7281953639987353
972,1,Y,Y,J,1,0.30489745631609144,0.6823519382891404,0.593887382482934,0.7403309265736282
972,2,X,X,D,0,0.25,0.7121911793323316,0.5965773589373973,0.75
972,3,X,X,D,0,0.2702153348370537,0.6816152849902297,0.575558608443988,0.75
972,4,X,X,D,0,0.263258302909859,0.7061611926144324,0.558854930682466,0.75
972,5,X,X,D,0,0.25,0.7050568304902846,0.5913239825945147,0.75
972,6,X,X,D,0,0.2722320220121323,0.6955568751430271,0.5761961411567901,0.7223687860602281
972,7,X,Y,J,1,0.29365656524151534,0.6929194570022983,0.5388707230230352,0.7126508424427941
972,8,X,X,D,0,0.26146083131759856,0.6706196169853886,0.5452181027414202,0.7367433509817108
972,9,X,X,D,1,0.25,0.6949945959918307,0.5431028204555262,0.7444185778581284
972,10,X,Y,J,1,0.25,0.6848879533797044,0.5626950810856967,0.7307552891397086
972,11,X,X,D,0,0.2928688673926183,0.6794864321678513,0.5561549347305028,0.7222131588512738
972,12,X,X,D,0,0.26465877101246216,0.6703612502213624,0.5216949941491957,0.7294798496140164
972,13,X,Y,J,1,0.26934967245451963,0.6647987867439967,0.5240616979616487,0.7045629956162118
972,14,X,Y,J,0,0.27963761718751734,0.6805268523025364,0.5280896687302026,0.6573231827484867
972,15,X,X,D,0,0.25,0.7053101903857212,0.5266348563440243,0.6731237213377927
972,16,X,X,D,1,0.25,0.6753363404261797,0.5626056423303297,0.7072671111973982
972,17,X,Y,J,0,0.25,0.6878462514110167,0.5607752746318831,0.7343531568629946
972,18,X,Y,J,0,0.25,0.7214245251112048,0.568493313143702,0.75
972,19,X,X,D,1,0.2638188346766598,0.724485907336273,0.5891187318914983,0.7468482052843943
973,0,X,X,D,0,0.471340812486395,0.7269243022647197,0.5707604907122321,0.2629747645953435
973,1,Y,Y,J,1,0.5146618141619542,0.7146135230603463,0.5928351632194723,0.2680217519496326
973,2,Y,X,D,0,0.5353416678531713,0.7258502073307366,0.5978211735421995,0.28057963817873977
973,3,Y,X,D,0,0.547183755431685,0.7292716136796696,0.6073703505818288,0.3362311985903117
973,4,Y,Y,J,0,0.5216441317548519,0.7159507895396802,0.5900984474789857,0.3753186154286643
973,5,Y,Y,J,0,0.5211925037939376,0.728466344570169,0.598710686735153,0.4025614966720721
973,6,X,X,D,1,0.49507734143065046,0.737190132874663,0.6189161161860135,0.3952917381284883
973,7,X,Y,J,0,0.4761030439354389,0.7301504842330381,0.5938093775370975,0.4054470260213744
973,8,X,Y,J,1,0.5093748398864153,0.7303775202128903,0.5787381515609824,0.41825384497825
973,9,X,X,D,1,0.5279507293841706,0.7454083475094727,0.5589740576877458,0.40674837914736905
973,10,X,X,D,1,0.5049532856565866,0.7389364402441151,0.5360118056227117,0.41354537948055325
973,11,X,X,D,1,0.5279037460555747,0.6603638173517152,0.5356715605547091,0.3878248248011464
973,12,X,Y,J,0,0.5283687717772003,0.641290838416308,0.5576471765460785,0.3828648618213163
973,13,X,X,D,1,0.5261598673328742,0.6043448849725568,0.5685666012692632,0.3479612046382384
973,14,X,Y,J,1,0.5521658836565203,0.6036192580438017,0.5296368827370876,0.3092775553576534
973,15,X,X,D,1,0.583947866028878,0.6548855767720243,0.5628164519371246,0.29071483407016874
973,16,X,X,D,0,0.5877977588434004,0.6248583877121865,0.5384899585092854,0.29575116284862735
973,17,X,X,D,0,0.5333333443564712,0.6672359664986123,0.4804182495215913,0.30473599052925193
973,18,X,X,D,1,0.5223401687921878,0.6552714266454602,0.523337029667558,0.25
973,19,X,X,D,1,0.5300391247816075,0.6506950633226002,0.5120242103433518,0.27391733316790107
974,0,X,X,D,0,0.4300237976004838,0.664981549422285,0.48666130184613926,0.27185255131983943
974,1,Y,X,F,1,0.4172167983326006,0.691558544780809,0.4665707267650782,0.27589526316644225
974,2,Y,Y,J,1,0.3850291636686717,0.6988136525544729,0.47941933749285354,0.30322716561688634
974,3,Y,Y,J,0,0.43229338467055045,0.6872962692210922,0.43451061937080915,0.2871030413896979
974,4,X,Y,J,0,0.4257548985574202,0.7077457789852222,0.4297223512037666,0.30560273412070876
974,5,X,X,F,1,0.4504949501336984,0.7377481244765256,0.4280514708080062,0.30957063742373203
974,6,X,X,F,0,0.42167273589063076,0.75,0.42428232836918645,0.29599970266715464
974,7,X,X,F,0,0.4276468817533416,0.7157910234509635,0.4495585399413421,0.29128821688394085
974,8,X,X,F,1,0.42342492544416893,0.7033983844590009,0.3992438910163299,0.3043927453228657
974,9,X,X,F,1,0.4373025710546613,0.7071730220790916,0.3897461845599114,0.3201754073555815
974,10,X,Y,J,1,0.42220873537396625,0.6776955635697081,0.4217905096295291,0.33884548000478515
974,11,X,X,F,1,0.4182894410117289,0.7330514941677627,0.4077993691313717,0.3165303855157948
974,12,X,X,F,1,0.4562985619899178,0.7244167420514545,0.39742469679736425,0.31722728922453675
974,13,X,Y,J,1,0.4473911426930116,0.6910144932919854,0.3602144009376675,0.2923361305912819
974,14,X,X,F,1,0.4472926684462632,0.6719185015608691,0.32908154676687085,0.2956268659744391
974,15,X,X,F,0,0.47948496380487965,0.616255624320756,0.32362142100004526,0.2786842271064847
974,16,X,X,F,1,0.46086890524806456,0.6478314259173237,0.3045723562397832,0.2520098040117061
974,17,X,X,F,1,0.48187879740394396,0.675381878443486,0.25,0.2534858639901855
974,18,X,Y,J,1,0.5009416619083857,0.6583694286973335,0.25331989676963423,0.27661026388496873
974,19,X,Y,J,1,0.4856873715831016,0.7097469906009637,0.25,0.28987844010420144
975,0,X,Y,J,1,0.6413561520920338,0.46027110084114675,0.46959490448858227,0.35622035078027464
975,1,Y,Y,J,0,0.6220629993255186,0.49428533471133573,0.46808000178439346,0.3304022069145365
975,2,X,X,D,0,0.6137715025670617,0.4979867645228944,0.4921319197183255,0.30377773994859186
975,3,X,X,D,0,0.6272655907409415,0.4710332952727478,0.4884371293356858,0.3186406382285517
975,4,Y,X,D,0,0.6422699831889134,0.46375757153573544,0.5081915776390454,0.3371598141697447
975,5,X,X,D,0,0.6821450032551137,0.5095794122458011,0.5291636556882982,0.31913812511190104
975,6,X,Y,J,0,0.6799371233224222,0.5111364766853499,0.5136792137180408,0.33195753066548067
975,7,X,X,D,1,0.6566365859617087,0.5409697795340295,0.5152781838559609,0.3430779935041558
975,8,X,X,D,1,0.6521392433847456,0.530467476620309,0.5025505209179728,0.3458291810605316
975,9,X,X,D,1,0.6421003314632093,0.540145185229949,0.5484614058199743,0.3310600316462618
975,10,X,Y,J,1,0.5990815084428929,0.5402847331522348,0.5751466110246574,0.3084610202097035
975,11,X,X,D,1,0.6236654115516317,0.5278759159494375,0.5736694184887714,0.32486553328828716
975,12,X,X,D,1,0.5637329965716543,0.5757735234470784,0.6000350632078923,0.29949389973098195
975,13,X,X,D,0,0.5098039172786412,0.5768831275031215,0.6049328913727906,0.31986173429270925
975,14,X,X,D,1,0.5064867183266537,0.6234717625592003,0.5697539867348119,0.3130593228925634
975,15,X,X,D,1,0.5229868345658446,0.6254722618162054,0.5974500550006919,0.30056717393142396
975,16,X,X,D,1,0.5412173418852527,0.6464104793829412,0.5806994733347338,0.3245674880868824
975,17,X,Y,J,1,0.4934497104614196,0.6202126364200906,0.5831762582328861,0.3424519653802688
975,18,X,X,D,1,0.4305470183257464,0.6142165864577205,0.5825641307593346,0.30148535720659486
975,19,X,X,D,0,0.42204745062309906,0.6278243468558625,0.5893385601202603,0.3026049110692391
976,0,X,X,D,0,0.33278462655432073,0.6985927619561219,0.5539869787032922,0.610805375817772
976,1,Y,X,F,1,0.29782217701533464,0.6924405314111088,0.5813111559842397,0.5855384728558094
976,2,Y,X,F,0,0.259170811627896,0.6654910811944206,0.5439185577968888,0.630144317530991
976,3,Y,X,F,1,0.2578401006392805,0.6718569915053464,0.5324362592910837,0.5980494699539463
976,4,Y,Y,J,1,0.2846446893443052,0.7119202455844413,0.5132704284931169,0.5798524997258575
976,5,Y,Y,J,1,0.2805081010466398,0.7164091994835056,0.5007682135331353,0.5986809593015923
976,6,Y,X,F,1,0.2670538052170408,0.7008192960547215,0.5105249822908717,0.5775025050442057
976,7,Y,Y,J,0,0.2884708181430734,0.719994765415649,0.46132122602405434,0.5675907974667235
976,8,Y,X,F,1,0.2985762981754638,0.75,0.4156750936511193,0.5643655570070477
976,9,Y,Y,J,0,0.2745745011515251,0.7241717965893423,0.41759533654052494,0.5382804203180246
976,10,Y,Y,J,0,0.25550489292574224,0.7268908908492027,0.44815745297874854,0.5765818189944582
976,11,Y,Y,J,1,0.3010028469721878,0.7141670806106835,0.44553944603023155,0.6040729600648675
976,12,Y,Y,J,0,0.3154499699774023,0.7284160956564569,0.3961310905936214,0.6126904175324103
976,13,Y,Y,J,1,0.3109054886341994,0.7035761499473332,0.3614154190696868,0.6132462647181248
976,14,Y,Y,J,1,0.3333440053574802,0.7110926503709628,0.33663143329419787,0.5952203201504069
976,15,Y,Y,J,1,0.34401286931901154,0.70660822827746,0.3043757616700486,0.5658550597576643
976,16,Y,Y,J,1,0.37090454042015725,0.6724838873411166,0.34538360547751523,0.5322090594332858
976,17,Y,Y,J,0,0.39065431068344486,0.6414035879946524,0.29093651354752254,0.5744207121995096
976,18,Y,Y,J,0,0.41727522475848594,0.6231825574389626,0.271148606665074,0.579973502123267
976,19,Y,Y,J,1,0.40889446961649334,0.6399678567852425,0.29003878493818064,0.6052044619475341
977,0,X,Y,J,0,0.3990733676005235,0.4506999015503005,0.6530032150315195,0.3333182183129796
977,1,Y,Y,J,1,0.39171007064206587,0.4488026433547811,0.6370253912785445,0.32382535982667765
977,2,Y,Y,J,1,0.3899328949663955,0.4497734639316688,0.6285373424329004,0.3176326060581797
977,3,Y,Y,J,0,0.4173272301866805,0.4837972457281224,0.6416055774047309,0.3457544344582011
977,4,Y,X,D,1,0.3771430274302945,0.5170292269744785,0.6349297946018962,0.31873363799991195
977,5,Y,Y,J,1,0.39891606257327195,0.5391640947699988,0.6262117315251975,0.3284405062066743
977,6,Y,Y,J,1,0.41511572450632306,0.5298489095273672,0.621005163633959,0.3156025857840663
977,7,Y,Y,J,1,0.4046992037803151,0.4966278273031095,0.5972880866691748,0.30079948679149904
977,8,Y,X,D,0,0.3866181172273739,0.4523097350001742,0.5856784181809115,0.2636484692674621
977,9,Y,X,D,0,0.4030388210532601,0.4594155953073066,0.6136329037642333,0.25
977,10,Y,Y,J,0,0.4072346763416301,0.4688055651743153,0.6706206389372211,0.25
977,11,Y,Y,J,1,0.37453659606713235,0.45933842388505175,0.6765494877360996,0.25468161290208385
977,12,Y,X,D,0,0.3726537045943193,0.46683783206223955,0.6775615852419402,0.25
977,13,Y,Y,J,1,0.33786898363983664,0.48700215295213134,0.6638384526879685,0.2587032361484385
977,14,Y,Y,J,1,0.2754222812143823,0.5000606630479896,0.6395672960910467,0.25
977,15,Y,Y,J,1,0.2554791824724854,0.5550661102791066,0.6419095863836985,0.2531197976302565
977,16,Y,X,D,1,0.290431392517273,0.5519263060833322,0.6118327099175414,0.25
977,17,Y,Y,J,1,0.3011029446277808,0.5527946975230366,0.6343029472339483,0.2605193874970135
977,18,Y,X,D,0,0.32113160252363965,0.5451516273497802,0.5881214752615418,0.25
977,19,Y,X,D,0,0.3331070122969842,0.5273274890208927,0.5985003957559148,0.25
978,0,X,Y,J,0,0.39862596953194257,0.4529320200392025,0.538772755678304,0.7334145739717092
978,1,Y,Y,J,0,0.37537811274911653,0.45513710460143486,0.5374793641417637,0.7075392617596217
978,2,X,Y,J,1,0.3876673092318216,0.43685131340812244,0.5304891315178559,0.7476139248730266
978,3,X,X,D,0,0.4041739157909136,0.44977244524513227,0.5284000159307486,0.7110514666749247
978,4,X,X,D,0,0.39142323376760885,0.4280703183491732,0.49764888491203124,0.6707591238015296
978,5,X,Y,J,0,0.39621425769157653,0.4067223720684083,0.45928351678122753,0.6919016185440563
978,6,X,X,D,0,0.36932078864617696,0.4036472222874947,0.4324138249349851,0.6631968611167978
978,7,X,X,D,0,0.3619356202050579,0.4256753739612307,0.4726520896818989,0.6681463772394696
978,8,X,X,D,0,0.34055796265971094,0.4081278350297402,0.49394560602066157,0.7046229734050096
978,9,X,Y,J,1,0.38224223083998965,0.41024219648479554,0.5088540971848811,0.75
978,10,X,X,D,1,0.33004828709657197,0.4228894718759829,0.513706624793093,0.75
978,11,X,Y,J,1,0.34622633226551675,0.3847220069735302,0.5508145798138758,0.75
978,12,X,Y,J,0,0.3396570459853105,0.4055209563997616,0.5605374353554153,0.75
978,13,Y,Y,J,0,0.34766181451529776,0.44855175685578347,0.5193651812400041,0.75
978,14,X,X,D,0,0.3468489247246571,0.40102670955854963,0.5139438839428078,0.7442807757384392
978,15,X,X,D,0,0.3469243153270669,0.4160524998572384,0.5217053224810887,0.7303740763463054
978,16,X,Y,J,0,0.3288559053220597,0.44027648773405703,0.510883789700626,0.7223511669398996
978,17,X,X,D,0,0.369679929644812,0.44151346292329346,0.5461309168778763,0.7417269995794297
978,18,X,Y,J,1,0.3636174385381058,0.4202260165411966,0.5427318916301831,0.7408641771722024
978,19,X,X,D,0,0.3748163811762141,0.4218779725182146,0.5237860283955372,0.75
979,0,X,Y,J,0,0.4298092717878674,0.5699572854861747,0.4899102744793788,0.6552652156718646
979,1,Y,Y,J,0,0.41564848416687944,0.5769658676430526,0.5141712378627323,0.6027418969495975
979,2,X,X,D,1,0.40975807941998754,0.5738392334794113,0.5260181556807279,0.6223515747313365
979,3,X,X,D,1,0.38910797349227594,0.6262977289654906,0.5475607996875361,0.5812455775669465
979,4,X,Y,J,1,0.37382182252528795,0.6171165171681895,0.5430322731924044,0.5972869491626459
979,5,X,X,D,0,0.3819971302026424,0.5943989883314641,0.5698846815273724,0.5907524866699089
979,6,X,Y,J,0,0.3897988489137517,0.5822497018180722,0.6007542011363637,0.5569480180879848
979,7,X,Y,J,1,0.4028372258308692,0.5723282458847374,0.5442882769192086,0.5120622352962523
979,8,X,X,D,1,0.41485272562833847,0.5741828572336242,0.5588790874071747,0.5150525931671477
979,9,X,Y,J,1,0.4134519843719422,0.6093890595930358,0.583461848772305,0.45899525442029154
979,10,X,Y,J,0,0.39067550860231737,0.6058008816186178,0.5632572557775781,0.47999116976116446
979,11,X,X,D,1,0.331778457849664,0.5656266457905679,0.555670968600414,0.4990421265512152
979,12,X,Y,J,1,0.2934312391440672,0.554710445642375,0.5762150817968412,0.4566932924178059
979,13,X,Y,J,1,0.3181264513331272,0.5539753026253903,0.573969228620293,0.48262540693286937
979,14,X,X,D,0,0.31837783444613615,0.5890482068192506,0.5569925677308486,0.4947034429227072
979,15,X,Y,J,1,0.33457231000586524,0.5831149698404733,0.5887795402349586,0.4771418070595854
979,16,X,X,D,1,0.32019773032041315,0.501430891890021,0.6011015963004664,0.4621296757218176
979,17,X,X,D,0,0.32250552947850025,0.5314079718049576,0.6267771416574953,0.48619467081321033
979,18,X,X,D,0,0.3106102093572113,0.541803332689309,0.6234506103115046,0.4871340440016315
979,19,X,X,D,0,0.30176008766618406,0.5238754753906371,0.6360461762243388,0.501011839995281
980,0,X,X,D,1,0.7131686018160852,0.7210066365289914,0.3273268781869762,0.44813885770239636
980,1,Y,Y,J,0,0.7428827079153275,0.7055431513658278,0.34738356502901235,0.44346946825484057
980,2,X,X,D,1,0.7384816967010948,0.7126636452991293,0.37394187892934433,0.4432527753055801
980,3,X,X,D,0,0.7392371033395856,0.6966171615935456,0.3747967416073147,0.4473300844754227
980,4,X,Y,J,0,0.7447735051954671,0.7048821711598589,0.37296904468146547,0.4337549459355471
980,5,X,Y,J,0,0.7077356922700978,0.700673497785063,0.37817694680315234,0.4404386873034045
980,6,X,Y,J,0,0.718972469821837,0.6862402963408223,0.44207284141667924,0.4382641344023408
980,7,X,X,D,0,0.6553163282403834,0.6946281578604675,0.43033328015236494,0.45785413919035406
980,8,X,X,D,0,0.7011588272224237,0.685402765509918,0.4433598760930549,0.455872148249265
980,9,X,X,D,1,0.7043663820899095,0.6904347076895234,0.43899048368900284,0.4887521658064109
980,10,X,Y,J,0,0.7291913673683319,0.686491013265116,0.45259434619142624,0.4335591829859011
980,11,X,X,D,1,0.75,0.6974864507779123,0.4687518972333159,0.426389208417954
980,12,X,Y,J,0,0.75,0.7283460282328911,0.42800650349321645,0.41984390082686057
980,13,X,Y,J,0,0.7407931314535056,0.7201496872896515,0.40796512624403236,0.4106957541111612
980,14,X,X,D,1,0.75,0.7210071700131632,0.3934612848673914,0.4088674697750471
980,15,X,X,D,1,0.75,0.7078498690563964,0.3476086387359506,0.39392200734102545
980,16,X,Y,J,0,0.7250939795059007,0.712140003420606,0.3381088650726824,0.40150705505984274
980,17,X,X,D,1,0.6912324449887354,0.722650905257204,0.3309883809152533,0.382443269497306
980,18,X,X,D,0,0.7421594326347963,0.75,0.3039746199353862,0.3678089777912534
980,19,X,X,D,0,0.7341783560618528,0.7281067470764152,0.3504718209610526,0.34019199123622235
981,0,X,Y,J,1,0.5667678218639409,0.693710531891343,0.6593085903757071,0.5565134199387707
981,1,Y,Y,J,0,0.5602898696359387,0.6856972302834916,0.6792744780343105,0.5249379820989513
981,2,X,X,D,0,0.5584136722914173,0.6282263601876523,0.6982226123743047,0.5240668838552013
981,3,X,Y,J,0,0.5867497881103397,0.6549852101521275,0.6865334464049577,0.56014413279397
981,4,X,X,D,1,0.6149570315834216,0.5987156877859099,0.6675727294629475,0.5568435458079163
981,5,X,Y,J,0,0.6396422962457077,0.6098944410869176,0.6597406410991609,0.5804478021586585
981,6,X,X,D,1,0.617009026333212,0.5930642346224267,0.6858889075439173,0.5893264984991853
981,7,X,X,D,0,0.5916615564218116,0.6063928601713233,0.6928278800592267,0.5186259906668594
981,8,X,X,D,0,0.6208476331670828,0.5841226299478157,0.6792679696399023,0.5490919119274414
981,9,X,X,D,1,0.5908048478202086,0.6024647072103368,0.6907636962050947,0.5425980355908667
981,10,X,X,D,1,0.5965745259151162,0.6271170749938846,0.6735870602654421,0.49442045159931725
981,11,X,X,D,0,0.5660772830803523,0.6054692480460543,0.6983845303573096,0.492143592571798
981,12,X,X,D,1,0.57410560839537,0.5898813305689314,0.713454454628969,0.4830114023750257
981,13,X,X,D,1,0.5332855265323733,0.6105402382235985,0.75,0.5043059618324081
981,14,X,X,D,0,0.532104113678586,0.5681011491091355,0.7260893190329748,0.4718434475320343
981,15,X,X,D,1,0.5527369083462755,0.5665684571249485,0.75,0.5294759326899102
981,16,X,X,D,1,0.5564051981040793,0.5638092016507933,0.7499825963547755,0.5294424482589675
981,17,X,Y,J,1,0.5875218242672481,0.5602131565744866,0.7416705568894797,0.5429544359382148
981,18,X,X,D,0,0.5793087865386427,0.5479828353686904,0.7350164381263122,0.5463266240184057
981,19,X,Y,J,0,0.5961579125738423,0.5010106572129779,0.6691327714983584,0.5310732573123037
982,0,X,Y,J,1,0.6007797774815566,0.5556554776031762,0.5336109735602734,0.5686165175703157
982,1,Y,Y,J,0,0.6228934985848976,0.5354463575298292,0.5558071716224764,0.5776572673589496
982,2,X,Y,J,1,0.5935445414499528,0.4834167922045486,0.5870008681004715,0.5536783791775378
982,3,X,X,D,0,0.5808877732992455,0.4515386203909708,0.5979718550104927,0.5590069609740942
982,4,X,X,D,1,0.5402931662351934,0.4572974258219201,0.5890101228655029,0.5630485166482426
982,5,X,X,D,1,0.5244532036461276,0.4482183441628651,0.5746039098498767,0.5333620593214401
982,6,X,X,D,1,0.5488754938382883,0.3995454503078325,0.5371028062408347,0.5456587169351825
982,7,X,Y,J,1,0.5271297072382587,0.39774421016457956,0.5381408467804029,0.5074637464918134
982,8,X,Y,J,1,0.5215692700636008,0.37938706775749204,0.5156256559008066,0.48129320733160247
982,9,X,X,D,0,0.5065416528009734,0.3434406517572243,0.5076083477966978,0.44152912652745074
982,10,X,X,D,1,0.5032344986720283,0.35639183321386364,0.4871231347015705,0.4246200496037664
982,11,X,X,D,1,0.5512379309089992,0.38517266591635924,0.5019284939736395,0.44626483984568277
982,12,X,X,D,1,0.5440374864437248,0.3832696796960031,0.5053100677854687,0.37069255308050947
982,13,X,X,D,1,0.5979570465263423,0.35377864083153276,0.46435855910156976,0.3529215790555612
982,14,X,X,D,0,0.5743606178922505,0.32230393258792667,0.4796665441608129,0.34566374329988964
982,15,X,X,D,1,0.5906603339935769,0.36470547723608965,0.47969011469571726,0.3782731383945902
982,16,X,X,D,1,0.6113734985252669,0.33487895828619246,0.4549029674849213,0.38583147825412906
982,17,X,X,D,1,0.6027064408372131,0.33271034336472555,0.4546952007296357,0.39508039745802914
982,18,X,X,D,1,0.5848326747901227,0.3410137605603872,0.45837180104203346,0.4039169474593866
982,19,X,X,D,0,0.5825834878414943,0.3294272809668966,0.4581849610228952,0.3604483452362056
983,0,X,X,D,0,0.25017087492318585,0.48640171849618286,0.2529682545944856,0.3528536703660614
983,1,Y,Y,J,0,0.25,0.5059709640413873,0.25,0.3465961634166415
983,2,X,X,D,0,0.25,0.5109169189768604,0.25,0.34089281775741714
983,3,X,X,D,0,0.2894970210758884,0.5389154653898253,0.25529941323139776,0.31788380254347487
983,4,X,X,D,1,0.25294779779410115,0.5004647689625018,0.25,0.3450905964624809
983,5,X,X,D,0,0.27036332227699483,0.4996165940369395,0.25,0.3436760787978907
983,6,X,Y,J,0,0.27016141173040137,0.49574035844357633,0.2575884990284117,0.3533106771098393
983,7,X,X,D,0,0.26878029339860693,0.4472852580532442,0.30509848474221335,0.39069501980606874
983,8,X,X,D,0,0.25,0.47672500607961027,0.3193769146948998,0.4105381222097251
983,9,X,X,D,0,0.2713076039612324,0.47838879606293766,0.30143450859022697,0.4416441597221738
983,10,X,X,D,0,0.25876466910194734,0.47800739088121247,0.2942520810909542,0.4770601777975517
983,11,X,X,D,1,0.2632728535365496,0.49358069297975904,0.2946898564737511,0.5152384575019724
983,12,X,X,D,1,0.27119321868415913,0.45634620613469445,0.26495380883141145,0.5058282458519517
983,13,X,Y,J,1,0.25,0.4898932283751215,0.27427459895611733,0.4907831415731491
983,14,X,Y,J,0,0.25,0.5250539679327613,0.25,0.469861543968386
983,15,X,X,D,0,0.2524513452143675,0.5757932615499,0.2633560505908821,0.463973048957256
983,16,X,X,D,0,0.2618870493564117,0.6097472916019322,0.2899877723417773,0.49823398079973863
983,17,X,Y,J,0,0.26596931864891554,0.5810500672143017,0.2976001612222812,0.48285336670908635
983,18,X,X,D,1,0.26667406707478575,0.5817323161217838,0.3544653591951737,0.5064371233766533
983,19,X,X,D,1,0.2962972545144856,0.5714684865391466,0.32496749244531264,0.4595469145654801
984,0,X,X,D,0,0.3423248798456424,0.7103035535396989,0.5007570808584703,0.5986537909054511
984,1,Y,X,F,1,0.35314215113086855,0.6894369919090584,0.5462719007056146,0.6048134220509396
984,2,Y,Y,J,1,0.3839509155728791,0.6873206974833342,0.56520956907542,0.5807649493836219
984,3,Y,Y,J,1,0.37429611385812595,0.6539214697137372,0.5749987765759365,0.577929830226232
984,4,Y,Y,J,0,0.3405563773156303,0.6836277567694562,0.6231542758942462,0.5908127923196018
984,5,X,X,F,0,0.38038152955662163,0.6801603853163602,0.6247780236960833,0.5418513321582838
984,6,X,X,F,1,0.33675396996900253,0.7066043869852543,0.6374498210513541,0.5659631674421798
984,7,X,Y,J,1,0.3421898108433009,0.7307801721526141,0.6545030521737825,0.5813307562866401
984,8,X,X,F,1,0.3375571336424512,0.7475685076150518,0.6618265311248271,0.5700510739516278
984,9,X,X,F,0,0.32207833715521494,0.75,0.6513823672333267,0.5913563954833796
984,10,X,Y,J,1,0.28687910686297147,0.7148222355674307,0.6233201555592824,0.5288181572109127
984,11,X,Y,J,0,0.2917850362260575,0.722721043340208,0.6286714433080393,0.5412930667371983
984,12,X,Y,J,1,0.302749243515722,0.749673191285521,0.6079285188840118,0.5410867116350038
984,13,X,X,F,1,0.32128242109990474,0.75,0.6240640272304123,0.5696612239457717
984,14,X,Y,J,1,0.3903983585941995,0.736672134382123,0.6110157964778233,0.5882395116706101
984,15,X,X,F,1,0.38498211095224244,0.7300263584485954,0.606822744758111,0.574894454111319
984,16,X,X,F,0,0.3428371285878822,0.7428370390613087,0.5834823269946233,0.591838853351124
984,17,X,X,F,0,0.29280068273610255,0.75,0.6268535645306355,0.5848030192577551
984,18,X,X,F,1,0.3019182193236024,0.7196597594600759,0.6656084464453579,0.5422123128450538
984,19,X,X,F,1,0.3235002765283748,0.75,0.690792386267408,0.5320998053690424
985,0,X,Y,J,1,0.28616512778997366,0.4700547076363409,0.6703904041996958,0.5512923657932773
985,1,Y,X,D,0,0.28074363090300597,0.5009817255082099,0.6548496207717909,0.5410475887650671
985,2,X,X,D,1,0.2759955529234176,0.5142367838874455,0.6392636121861993,0.5655985461709794
985,3,X,Y,J,1,0.25,0.5338416898994643,0.6743600515526363,0.5776139580475822
985,4,X,X,D,1,0.25,0.5233434775753666,0.6534445095690362,0.589558802164501
985,5,X,X,D,0,0.27508618046700245,0.5261521709567258,0.6377294945635563,0.6108401523652631
985,6,X,Y,J,1,0.30208349951869273,0.4822780731443407,0.6517594066169949,0.5903958493073941
985,7,X,Y,J,0,0.3072587424852234,0.4929079076143426,0.6760297197257548,0.516266339037063
985,8,X,X,D,1,0.3091540234068201,0.5022422843371057,0.6562156743165429,0.49817585501682066
985,9,X,X,D,1,0.2961938699415802,0.4569014364842786,0.6674573868983364,0.4850419998562013
985,10,X,X,D,0,0.29633235472157615,0.41895262054711707,0.6683711896734598,0.48839599227418207
985,11,X,X,D,0,0.29995300547561166,0.4146197268168043,0.667377494350823,0.522348042780736
985,12,X,X,D,1,0.2842949584505757,0.446978721746117,0.7345237648887177,0.5328689802074801
985,13,X,Y,J,1,0.2738253898256994,0.4549771110947104,0.7396509275413516,0.5499411575539507
985,14,X,X,D,0,0.291872148139515,0.4301309366650346,0.75,0.49715559683594673
985,15,X,X,D,0,0.2794339795559704,0.4400612679570292,0.7145421074912619,0.4766458332520111
985,16,X,X,D,0,0.28675030597994744,0.4216231121948052,0.7201819598781418,0.46238092247925483
985,17,X,X,D,0,0.2553617097388306,0.438457824631089,0.6999318714799572,0.4342912018447953
985,18,X,Y,J,1,0.26675424428346484,0.4762453079512313,0.6946182781720205,0.44918122999934523
985,19,X,Y,J,1,0.2614348111376878,0.5019881116162557,0.6644455514431455,0.42569747618842046
986,0,X,X,D,1,0.5177208959880699,0.46702161296322364,0.3552327614864585,0.7013513103585289
986,1,Y,Y,J,1,0.5178615119953092,0.4679586135472545,0.35842402927861167,0.6893482020177615
986,2,X,Y,J,0,0.5386155439474737,0.5022822840342671,0.41024004660609314,0.6911472672029073
986,3,X,X,D,0,0.5315156918375572,0.4405411799292892,0.3693295927616395,0.75
986,4,X,X,D,1,0.5261884827690325,0.47605457698954967,0.37303871200311906,0.7281707837313036
986,5,X,X,D,0,0.5247947792026941,0.49304543128042466,0.3846282544661597,0.75
986,6,X,X,D,1,0.5061990463421528,0.49944730256591846,0.408751848007706,0.75
986,7,X,Y,J,1,0.5329217055911808,0.5123185543025283,0.4010077208219838,0.75
986,8,X,X,D,1,0.5343780351511371,0.5364158351424526,0.4211330906443626,0.7392020713827923
986,9,X,X,D,1,0.5259915620812702,0.5361207850433531,0.43833301124109975,0.7410600771776363
986,10,X,X,D,1,0.5083329546379758,0.49404377378286646,0.372801770740702,0.740420057538291
986,11,X,Y,J,0,0.5207450363175576,0.4876055687132113,0.40971605640750963,0.7127904258255997
986,12,X,X,D,1,0.5388851061779945,0.4360852010964013,0.4420311105587599,0.7146348972100733
986,13,X,Y,J,0,0.5575415571007674,0.43053714076431193,0.4480567164235859,0.7201813293746813
986,14,X,X,D,0,0.5274528278708508,0.4023693168794932,0.4581177072820703,0.7295508516547684
986,15,X,Y,J,0,0.5326709651365626,0.42859060880999234,0.4597639250228352,0.6902251589259069
986,16,X,X,D,0,0.5279573244140698,0.38215495317368603,0.5056077339381906,0.7021294520992152
986,17,X,X,D,1,0.5405713252374434,0.38237435947363524,0.4960115169795759,0.6562006545203916
986,18,X,Y,J,0,0.5435340446541183,0.37077435454154845,0.4720156691194933,0.6228537464402534
986,19,X,X,D,1,0.4995038664873227,0.31766877136624644,0.45586637255532264,0.6306821879224748
987,0,X,Y,J,1,0.6878996984887134,0.6445672959128796,0.6593010886284576,0.2704128562051327
987,1,Y,X,D,1,0.709260621626623,0.61554634355877,0.6351246533376649,0.28605945960036855
987,2,X,X,D,1,0.71563406144706,0.6694432640051097,0.6170341809045199,0.29801096107983416
987,3,X,Y,J,0,0.7024452023854938,0.6075213865386196,0.6072692774532201,0.3095325798677089
987,4,X,Y,J,0,0.7417113720964265,0.5958101393851092,0.6112416072462485,0.29647886328885864
987,5,X,Y,J,0,0.7409480533159183,0.596172725071284,0.6121065402947061,0.29862211128514893
987,6,X,X,D,0,0.75,0.5902940714871691,0.5715192753020023,0.32824289297522746
987,7,X,Y,J,1,0.7484982095872988,0.5853029859483364,0.5671498716749254,0.31998927910880753
987,8,X,X,D,1,0.7344533528685967,0.5600645252272954,0.5355322300487705,0.2730526017382595
987,9,X,X,D,1,0.7082201674527937,0.5534826862746746,0.5677882346961377,0.27371832883835
987,10,X,X,D,0,0.6990423380298965,0.5527574216991397,0.5508280491927569,0.25
987,11,X,X,D,1,0.6728425049068891,0.5764284710453722,0.4856866388076261,0.27689747167851714
987,12,X,X,D,1,0.6893172528255447,0.6202461735750291,0.4738932937668576,0.2757167235970353
987,13,X,X,D,1,0.701110035250975,0.5943610955275936,0.4892057713512373,0.308388043479721
987,14,X,X,D,0,0.7038524599344502,0.5743197088502529,0.4608114392218757,0.29167040536944694
987,15,X,X,D,0,0.7115496209265989,0.5783595655853269,0.4803349625942351,0.3307788125519163
987,16,X,Y,J,0,0.7175456508071918,0.6031635669113592,0.49314518536655894,0.32824404211375463
987,17,X,X,D,1,0.7310424617802691,0.6374903108722046,0.4857945282739844,0.3242287501651508
987,18,X,X,D,1,0.75,0.6331723725815839,0.5091167697954735,0.3646494107409335
987,19,X,Y,J,1,0.75,0.5832381111128335,0.5020263023341313,0.3774916535057449
988,0,X,X,D,0,0.7008226316031996,0.2853416614984827,0.3050713817965033,0.42290656813501504
988,1,Y,Y,J,0,0.6644243745440813,0.3169724760142727,0.28163281746720814,0.42041699408135763
988,2,X,X,D,0,0.6254637578479639,0.37745831239437755,0.290686420318761,0.40980755058651863
988,3,X,X,D,1,0.5915503259865437,0.3189177952190436,0.34693749212044833,0.36184237507648687
988,4,X,X,D,1,0.5671312906278708,0.32488366609002955,0.33981507936561567,0.37622561445987035
988,5,X,X,D,0,0.5908472673358096,0.33983581633699855,0.3565197324996259,0.39005006477913845
988,6,X,X,D,1,0.5746906016425094,0.30953055701689647,0.36566622981923796,0.35415649342605987
988,7,X,X,D,0,0.611373609615237,0.33457178609440424,0.38002264849938067,0.35897179254152817
988,8,X,X,D,1,0.5951832117956719,0.34733956921313297,0.42471659230851744,0.3378362705677839
988,9,X,Y,J,1,0.6549624796342428,0.3270086672981775,0.4104255443002444,0.3152879595951049
988,10,X,X,D,1,0.6356705267864072,0.33942327720193055,0.40788995819968105,0.30923730193868465
988,11,X,X,D,0,0.6408018361590492,0.34338046721016974,0.3725183568835829,0.3292798760701449
988,12,X,X,D,1,0.6426049448260879,0.33666579746195296,0.31668303749072824,0.3215810658800003
988,13,X,X,D,1,0.6381047223921892,0.3876381769813851,0.3260409134712396,0.3687967284721845
988,14,X,Y,J,1,0.6431001881907743,0.34595766803914213,0.3065558708607574,0.3710326299119456
988,15,X,X,D,1,0.617560453512396,0.35044270350357926,0.3112611447898047,0.35710884626692235
988,16,X,X,D,1,0.6055973729245181,0.3649347394533126,0.31372413526368387,0.36639356717470645
988,17,X,X,D,1,0.6146489647308789,0.3376953190242574,0.36240819343743463,0.391301576873225
988,18,X,X,D,1,0.5836131401050156,0.3530689345836813,0.3634193514245942,0.3777062424384718
988,19,X,X,D,0,0.6152321980656678,0.36032557346992394,0.4000522292382797,0.3481324564921475
989,0,X,X,D,0,0.3173627290893926,0.43013827691742024,0.7131417293744193,0.30565454708688017
989,1,Y,X,F,1,0.33479363107093063,0.41587265422883474,0.6754921650462459,0.3127208807323267
989,2,Y,Y,J,1,0.3276553952653596,0.4343710650491542,0.6571896220726471,0.3172891140024908
989,3,Y,X,F,1,0.28007113869233163,0.4840483208292745,0.6580680653619158,0.33044366146144405
989,4,Y,X,F,0,0.27430578990513593,0.4448884429335922,0.657770162862218,0.3730963119509363
989,5,Y,X,F,0,0.25,0.47743319508121784,0.6426327692388079,0.40493927595829826
989,6,Y,Y,J,1,0.268735721897975,0.4714691913231903,0.6736101324510577,0.3816728237335291
989,7,Y,Y,J,1,0.25908634337957426,0.4846015883223362,0.6793879281264485,0.35326266514530474
989,8,Y,Y,J,1,0.2507982049716379,0.47608682240519884,0.6290235958299437,0.33588088416815526
989,9,Y,X,F,0,0.29129137104404773,0.4952935553836633,0.6343144166535954,0.3284535908020862
989,10,Y,Y,J,0,0.2579958715520424,0.48332351799017825,0.5883538555412193,0.3271292040714545
989,11,Y,Y,J,1,0.25,0.4763970936468422,0.5713988451443155,0.3290793637744224
989,12,Y,X,F,0,0.2535086354159649,0.44280944177576587,0.5821681930656649,0.2838341596681066
989,13,Y,Y,J,0,0.2646155758389217,0.46586268894524446,0.5592739611330253,0.25099492963504066
989,14,Y,X,F,0,0.25,0.48582555512652587,0.5363646942481116,0.25
989,15,Y,X,F,0,0.25,0.4854636696281323,0.5312854049976194,0.25
989,16,Y,Y,J,0,0.25,0.4751197323361639,0.5577828519251494,0.26891992056752734
989,17,Y,X,F,0,0.25,0.49814357072973886,0.5108092427436088,0.25
989,18,Y,Y,J,1,0.25,0.5031163790707207,0.4875164882950096,0.25
989,19,Y,Y,J,1,0.25,0.5418012669614523,0.4982668357074958,0.2657241042288499
990,0,X,X,D,1,0.7425005833382001,0.7402215622121318,0.7012844332806163,0.7199272507611665
990,1,Y,Y,J,1,0.75,0.7462711875607068,0.6905913600733523,0.7405054504984093
990,2,X,X,D,1,0.7397748480292556,0.75,0.7276653535417975,0.7321607928300012
990,3,X,X,D,1,0.7464833483529297,0.747795016672155,0.6964727624009842,0.720867571179167
990,4,X,X,D,1,0.7328075168056605,0.75,0.7196958094287743,0.6775142079521382
990,5,X,X,D,1,0.7073037843463149,0.7207130208303155,0.6858625690902392,0.6846139690523161
990,6,X,X,D,1,0.6539472748688901,0.7213292992878543,0.6448515919030481,0.6715806648227584
990,7,X,X,D,0,0.6576588099587987,0.7452179750844821,0.6378068856655515,0.6856068745806584
990,8,X,Y,J,1,0.6480268252870318,0.7326895654313019,0.6979099467939269,0.6782448517315716
990,9,X,X,D,1,0.6634660347130418,0.75,0.6882111428462804,0.72621366098177
990,10,X,X,D,1,0.6559903716673832,0.7497737144106675,0.651424424237663,0.6920189629676249
990,11,X,Y,J,0,0.6462319863364892,0.75,0.6615603340192231,0.710305741104377
990,12,X,X,D,1,0.6060274708785263,0.7467558060499383,0.6611017335483771,0.7129145314054383
990,13,X,X,D,1,0.653329933145356,0.75,0.6776082855169456,0.6879726554558163
990,14,X,X,D,1,0.6632750275094116,0.75,0.6526193266239305,0.7170866800388291
990,15,X,Y,J,0,0.664679164660512,0.7457556983871548,0.6761731816977767,0.7181807720787424
990,16,X,Y,J,0,0.7023784913692523,0.7426768332183984,0.6968947233650474,0.7105174104494086
990,17,X,Y,J,1,0.6926136393977649,0.75,0.6945396309393356,0.7069381322713458
990,18,X,Y,J,1,0.6868911065831318,0.75,0.7097471055508675,0.6838250708630582
990,19,X,X,D,1,0.7034412082598349,0.75,0.7150325204529784,0.6820894315230117
991,0,X,X,D,1,0.32990988997765197,0.42532715308786384,0.675612509862175,0.6871832824784244
991,1,Y,Y,J,0,0.33494131426051255,0.43867575208904497,0.6286756834202745,0.6874067505422837
991,2,X,X,D,0,0.35073909013948323,0.43733217456827744,0.6090786043220795,0.6980431928722375
991,3,X,Y,J,1,0.334179894797268,0.4470456778231553,0.604409403861051,0.689511691778122
991,4,X,Y,J,0,0.3105030313696665,0.44293479851026574,0.6336233202923214,0.7078380672324206
991,5,X,Y,J,1,0.3016162488211891,0.44003509951981745,0.6249623236591749,0.6734901976995803
991,6,X,Y,J,1,0.2952770274935547,0.44124292290536343,0.6066466291486144,0.6902430281746899
991,7,X,Y,J,1,0.27580065387483726,0.469064247249018,0.6142656031664881,0.6802036611363881
991,8,X,X,D,0,0.2766883302364273,0.4552025648762206,0.6240682323512899,0.6867920668386254
991,9,X,X,D,0,0.3353491568618953,0.45094794447014824,0.6330160344750957,0.6869236791989312
991,10,X,X,D,1,0.3444692762727956,0.4769887496906485,0.6039753313675132,0.7088150012208808
991,11,X,X,D,0,0.2794312772541788,0.4623025684793832,0.6084386704247611,0.67495792896274
991,12,X,Y,J,1,0.27259974328894665,0.45626650997072593,0.6293110931007354,0.6731864956796251
991,13,X,X,D,1,0.25682444749188355,0.452105539759567,0.6410397321719032,0.6373136624430464
991,14,X,X,D,0,0.2949021070327806,0.4570434300926618,0.6519230849903029,0.6291426053025532
991,15,X,X,D,1,0.3207419120900442,0.4717918467648417,0.6372607683807221,0.5872840590888091
991,16,X,X,D,1,0.31461596943847303,0.46139131289580904,0.6522393670234158,0.5669610685156752
991,17,X,X,D,1,0.3203443367152418,0.47094788567608514,0.6809202797044146,0.5585708737388901
991,18,X,X,D,0,0.3124234177699667,0.4189825326556066,0.7167064386811556,0.5699661213996927
991,19,X,Y,J,0,0.3057088062537969,0.45832417593710795,0.75,0.5573580058974766
992,0,X,X,D,0,0.5317729610420636,0.2631005447343974,0.7019964466929112,0.7017574251673161
992,1,Y,Y,J,0,0.5080801857168342,0.3022795304225455,0.75,0.6892055857278289
992,2,X,X,D,0,0.5180967981045228,0.31210106692575057,0.737062897569046,0.705975971179993
992,3,X,X,D,0,0.5042111202686372,0.3378400420950709,0.7203246427299121,0.6973162896531
992,4,X,Y,J,1,0.5065360986837525,0.32072773994005255,0.7135244969558956,0.7357315855377665
992,5,X,X,D,0,0.48312068726509794,0.3136763568002418,0.7465326895996053,0.7110651048358297
992,6,X,X,D,0,0.45634582009553987,0.31893686398519216,0.75,0.6868698358101243
992,7,X,Y,J,1,0.43389464915626463,0.3208902374308224,0.75,0.666923683837841
992,8,X,X,D,0,0.4599214043071791,0.36121759129146347,0.7151426333318045,0.6659332300686955
992,9,X,Y,J,1,0.5115048516275544,0.3699244080521401,0.7207025643798584,0.6450106093779276
992,10,X,X,D,0,0.5145541763586481,0.3731555237111423,0.7329361802312188,0.6465501647205737
992,11,X,X,D,0,0.4783998572753327,0.32669886096416006,0.75,0.6498918886069327
992,12,X,X,D,1,0.4714630014460791,0.33853852268986945,0.75,0.6927037714360406
992,13,X,X,D,1,0.4888423699336077,0.3072942632346965,0.736282674602602,0.6832051985682839
992,14,X,Y,J,0,0.45841956106409026,0.2922960132085659,0.75,0.6606421032284567
992,15,X,X,D,1,0.4717484701223217,0.2805012101283355,0.7243296862755514,0.637612688192143
992,16,X,Y,J,0,0.42592938106091177,0.3477127367005335,0.67441316465623,0.6527290122723264
992,17,X,Y,J,0,0.4358837017566707,0.37958207743485217,0.6383661112653852,0.65908012822486
992,18,X,X,D,1,0.4718935130502587,0.34417495375477203,0.6420775061070253,0.6678583840743386
992,19,X,X,D,1,0.470347613083492,0.31836191951807474,0.6873719849356188,0.7164554766177699
993,0,X,X,D,1,0.6539498643325711,0.6067817965623921,0.3469593360419327,0.6493118507437777
993,1,Y,Y,J,0,0.6686318337381719,0.5863179975878404,0.34446394467268704,0.6431442717841069
993,2,X,X,D,0,0.6863271309664978,0.56943816054938,0.35563703939083946,0.6727624127322775
993,3,X,X,D,1,0.6866514907206107,0.5398508598893181,0.3697704583247552,0.6521615437849378
993,4,X,Y,J,0,0.6730586520530152,0.5525061914374467,0.368668683168862,0.6385091756244294
993,5,X,X,D,1,0.6476757388310098,0.5574312541371449,0.34017120818456104,0.6479979041916161
993,6,X,X,D,1,0.6130436510465468,0.531857087610503,0.34532520711469916,0.6632067602587596
993,7,X,X,D,1,0.6034308849460298,0.5183639961066823,0.33957297398576625,0.6885895798951048
993,8,X,X,D,1,0.6239551804383573,0.503006777780835,0.3257586590210352,0.6536127266735138
993,9,X,X,D,1,0.6430578152078789,0.4901484587601111,0.3007986656220965,0.6822970999108002
993,10,X,X,D,1,0.6722149446113918,0.46690739638344225,0.29328071555321306,0.6800263931226469
993,11,X,X,D,0,0.6496959732426625,0.4628295535858663,0.3081112695198993,0.6642011384627399
993,12,X,X,D,1,0.6990521040490445,0.42975417171076197,0.31182852018959634,0.6600084368504726
993,13,X,Y,J,0,0.6932450013119317,0.4167177087573426,0.33380121706509625,0.6206243214019371
993,14,X,X,D,1,0.6783728312594631,0.4193519335649921,0.3195448930448225,0.6591115373770351
993,15,X,X,D,1,0.6821528677442324,0.42953209764907874,0.3266686287667894,0.6416243412526895
993,16,X,Y,J,0,0.6840670648490598,0.47446671612547353,0.2908655923488021,0.6361838227543891
993,17,X,Y,J,0,0.6855724692529886,0.4695133496734044,0.26032829792830225,0.6815639069067766
993,18,X,X,D,1,0.718171262173201,0.4628785921165329,0.25,0.671877046510397
993,19,X,X,D,1,0.7290781998893151,0.44922509598428784,0.3063371596995466,0.6886512727695709
994,0,X,X,D,0,0.2947700648647685,0.29773930827678186,0.58947843446711,0.37510251931954897
994,1,Y,Y,J,1,0.3069758418584366,0.3096268654713079,0.6306603565053066,0.36432441949857025
994,2,Y,Y,J,0,0.2693113283542993,0.32348565937768087,0.633947842410402,0.34879084429157653
994,3,Y,Y,J,1,0.25,0.31889171818189754,0.6121022302483963,0.38990511533616884
994,4,Y,Y,J,1,0.2539477303909007,0.34871395496698704,0.6168506755601376,0.42310405180008803
994,5,Y,Y,J,0,0.25,0.3205477051267433,0.5989545675911738,0.45461467727934435
994,6,Y,Y,J,0,0.2833440751073284,0.32525901462527873,0.5927538252343988,0.4801940942919975
994,7,Y,Y,J,0,0.2782058704991942,0.2969053897082546,0.5622241999103378,0.5140384639119131
994,8,Y,Y,J,1,0.2749868661866222,0.3021941243671529,0.5553941853946817,0.5325533598694958
994,9,Y,X,D,0,0.25,0.25,0.549377789652252,0.5501130760648297
994,10,Y,Y,J,1,0.25,0.25206339987637294,0.5624389892738355,0.5676731373167867
994,11,Y,Y,J,0,0.25,0.25,0.5002630323427482,0.5411392372761081
994,12,Y,Y,J,1,0.25,0.2805350388522453,0.5016736472743494,0.5346803095992247
994,13,Y,Y,J,0,0.25,0.26489923286030737,0.4804723877846438,0.5262329354768263
994,14,Y,Y,J,1,0.2657580837528292,0.30963187163646666,0.4582959088052169,0.5607293472337672
994,15,Y,X,D,0,0.25,0.2895967085593393,0.4221568039035392,0.6066893838084236
994,16,Y,Y,J,1,0.25,0.2969439769448658,0.4131775389933704,0.6171699130214423
994,17,Y,Y,J,1,0.25,0.32322003167673846,0.40370822628052005,0.6057063578016524
994,18,Y,X,D,0,0.25,0.3019625588662732,0.3973344868169764,0.5929985653628803
994,19,Y,Y,J,0,0.25,0.2772002190887609,0.4239994652595439,0.5637887747809894
995,0,X,X,D,0,0.619827921570212,0.38852650588075016,0.5831137760711866,0.5409446933184805
995,1,Y,Y,J,0,0.6197988941750204,0.4248503905936858,0.588939736993457,0.5327320554322835
995,2,X,X,D,1,0.6311546883582196,0.4245881632293305,0.5775585357257048,0.5217087405952339
995,3,X,X,D,1,0.6455997908542638,0.40104787707457484,0.5917802924527042,0.5355945925042769
995,4,X,Y,J,0,0.6216806774433596,0.42042467495672237,0.5923793298628085,0.5577688537379294
995,5,X,X,D,0,0.6033836420135835,0.4055326943332645,0.6013035130178829,0.5166354532479649
995,6,X,X,D,1,0.5718806955055147,0.4121702422193618,0.5613619291652133,0.4958048525593475
995,7,X,Y,J,0,0.5653508698451553,0.4564771967448238,0.6026723539042228,0.47341245988445707
995,8,X,Y,J,1,0.5463408699037731,0.4057424722072927,0.6257508002303367,0.47147595625069116
995,9,X,X,D,1,0.5521601914266822,0.3830486919324255,0.6268801159201781,0.4582716795213597
995,10,X,X,D,1,0.49425695760260185,0.3737219495419315,0.630176682373416,0.47953914921791346
995,11,X,Y,J,1,0.45521913080975857,0.390152392177521,0.6424210042543492,0.516496707220081
995,12,X,X,D,0,0.4033927260953672,0.439240357368665,0.6366025913169446,0.4984342811022426
995,13,X,Y,J,0,0.39561730799627365,0.46668051745514283,0.6503043827560494,0.49576322862709166
995,14,X,X,D,1,0.41968422746280826,0.49714953330533534,0.6479479192488541,0.4960752985573427
995,15,X,X,D,1,0.4063217419060778,0.48937666053536527,0.6385292578033841,0.5162075095495035
995,16,X,X,D,0,0.38181848359171816,0.5304111493397714,0.6238699533822983,0.5451650845769425
995,17,X,Y,J,1,0.37680198020875777,0.5088962856742925,0.6095129085963537,0.5658219296419766
995,18,X,X,D,1,0.3733422881368776,0.5551032976357767,0.5871774908882685,0.5517814981501439
995,19,X,X,D,0,0.3848623424995069,0.5366245200606874,0.5443827067055974,0.5612938656848042
996,0,X,X,D,1,0.6370900311371359,0.4349021174628852,0.267456792242121,0.5610053127914287
996,1,Y,Y,J,0,0.6559377041743009,0.44098871975842235,0.3093819995940771,0.5959088425005103
996,2,X,X,D,0,0.6491771813258405,0.46622505759341953,0.2955026651719481,0.591466603309856
996,3,X,Y,J,0,0.5756906282672626,0.48840171191062637,0.28677193040401,0.5577341754367684
996,4,X,Y,J,0,0.5269012473771284,0.47323858811119973,0.3056043649727628,0.5309091182341007
996,5,X,X,D,0,0.53243369763106,0.4960296478193851,0.280661118709292,0.5177580541669662
996,6,X,X,D,0,0.5025289645965295,0.4531140458522118,0.30200956649180594,0.5377772771709647
996,7,X,X,D,0,0.458944963764404,0.4200511568417578,0.2924157384241874,0.5454212254857908
996,8,X,Y,J,0,0.49349247121054435,0.4045735271938369,0.25290781192027156,0.5745228433430611
996,9,X,X,D,0,0.4659083742619947,0.36349913805601136,0.25,0.5870577303497708
996,10,X,Y,J,1,0.4289267721486288,0.33152969396441334,0.25,0.5630549427605342
996,11,X,X,D,0,0.41553324986231954,0.31279139722531163,0.25,0.5229498951450557
996,12,X,Y,J,0,0.3851637191715869,0.29474032766281805,0.25,0.49852300953339995
996,13,X,X,D,0,0.3832515210537677,0.26907176308875325,0.2706279454225786,0.5545396153635842
996,14,X,Y,J,0,0.35644732811024105,0.31633516348411195,0.29257103832969705,0.5779093936200702
996,15,X,X,D,0,0.3174365584967823,0.3470223124850731,0.25835139120847006,0.5451303914982436
996,16,X,X,D,1,0.26545400813630216,0.3102847497544059,0.2951601582353957,0.5046350476648341
996,17,X,X,D,1,0.2523106057769694,0.33703398149563735,0.28379970662584825,0.5088068869949333
996,18,X,X,D,0,0.25164522308769005,0.3091268987304522,0.2868300748819859,0.5313705181123302
996,19,X,Y,J,0,0.275726970529739,0.30859840653693266,0.2531558437804188,0.5168752590140658
997,0,X,Y,J,0,0.2693366959205187,0.2607454961064627,0.28128419859795356,0.5852112517196439
997,1,Y,X,D,0,0.25,0.2844915256122396,0.25,0.526333651466925
997,2,X,Y,J,1,0.25,0.337965716773143,0.25,0.4746775406708292
997,3,X,X,D,0,0.2642911845679948,0.37614226491325414,0.3179530966286811,0.5273691568381396
997,4,X,Y,J,0,0.25,0.36751826925545134,0.32033855895465296,0.5230632155308624
997,5,X,X,D,0,0.25,0.3501542337175021,0.3230938139279553,0.5191932695269811
997,6,X,Y,J,0,0.2901315720910611,0.32233658609989424,0.342032439769206,0.49873371615898954
997,7,X,X,D,1,0.30531173689463825,0.32318478894863517,0.36148451043971086,0.4847236280910146
997,8,X,X,D,0,0.2934513375705797,0.364356815891819,0.3939834890436148,0.4723506079847958
997,9,X,Y,J,0,0.29134156894380997,0.39714293014721563,0.3689785240444293,0.4909967013438588
997,10,X,X,D,0,0.3200478295241666,0.3943838293472803,0.37740112117692987,0.4755496860795756
997,11,X,Y,J,1,0.289941850223144,0.36325160334051265,0.4105767844205006,0.45849493985429096
997,12,X,X,D,1,0.25,0.3662332260030752,0.4169374107609544,0.41197772302553193
997,13,X,X,D,0,0.25,0.3737007837622163,0.4257213170649234,0.44169377350343153
997,14,X,X,D,0,0.28394233577834094,0.3853514777458209,0.41405553933491357,0.524194012577146
997,15,X,Y,J,0,0.31674640122214903,0.38550478191044646,0.43077089244997696,0.5099838022268501
997,16,X,X,D,0,0.3189043057039045,0.42280435173631076,0.4462289367036107,0.47285168087869694
997,17,X,Y,J,1,0.31064204256119804,0.38736921277024056,0.4470589655133264,0.49377260688255187
997,18,X,X,D,0,0.3195369862647103,0.4008089976080365,0.41454679482310447,0.5323942574345591
997,19,X,X,D,0,0.3258172396685176,0.4148254261564179,0.377089542905004,0.5354621285128559
998,0,X,X,D,1,0.43286008776490037,0.6773721188920563,0.29797900025321744,0.2593411863029993
998,1,Y,X,D,0,0.46465427637100326,0.6807281453469198,0.3113609987606061,0.25
998,2,X,X,D,1,0.4382926165739928,0.6646096601543475,0.3119522822868289,0.257543212405132
998,3,X,X,D,0,0.407603144172863,0.6728240229007887,0.26611290708022484,0.25
998,4,X,X,D,1,0.38477793894212364,0.6580939015268185,0.3086536748022512,0.2730977595938161
998,5,X,Y,J,0,0.3545277661594376,0.6709764242042197,0.29206565737410267,0.25
998,6,X,X,D,0,0.3377050625020478,0.6361980086008918,0.27037591314410925,0.25
998,7,X,X,D,0,0.3510418044272079,0.5783378171494006,0.2669213439035236,0.25
998,8,X,X,D,0,0.3876720770992934,0.5615334417272698,0.2802172091401516,0.25496594023034463
998,9,X,X,D,1,0.3715860347035417,0.5710257515026936,0.25603257098471166,0.25
998,10,X,X,D,0,0.4002175408645333,0.5566150805198914,0.25,0.2876762362184381
998,11,X,X,D,0,0.42453827118845366,0.5998327129196573,0.30592277554652975,0.3156086390749844
998,12,X,X,D,0,0.3963461613188991,0.616280041419558,0.3617017480383042,0.3553379633783606
998,13,X,X,D,1,0.4081450148651645,0.6034058808181538,0.35117356320471205,0.3395256514107244
998,14,X,X,D,0,0.4257578675899715,0.6236341028790132,0.3358656414466208,0.313126347228046
998,15,X,X,D,0,0.3930155380505811,0.6452307457602197,0.3428714939664044,0.2897118290756712
998,16,X,Y,J,1,0.4420014411145458,0.6867241204288732,0.32030207362499435,0.2824472468367395
998,17,X,X,D,0,0.45209852096741704,0.6965573978289872,0.3882308737274798,0.29044824413244935
998,18,X,X,D,0,0.44274917943729175,0.7033113271722619,0.372596333243047,0.29919777973041406
998,19,X,Y,J,0,0.4737920957653742,0.7450661550234247,0.4014371678224425,0.3306128761465036
999,0,X,Y,J,1,0.6396519361892729,0.30534909251698605,0.3772262536867778,0.6527476281703253
999,1,Y,Y,J,1,0.6178871024623505,0.2996897806840017,0.4246705384597603,0.6387439688995759
999,2,X,X,D,0,0.5936685488786067,0.2804409311926397,0.3873987489292712,0.6341031679217257
999,3,X,Y,J,0,0.5947849624780149,0.2636295533222067,0.3540935621771876,0.6504455708928664
999,4,X,X,D,1,0.6178300866102321,0.27222967293071,0.40999442727461094,0.6277470316069544
999,5,X,X,D,0,0.6101250210872375,0.2608217510302598,0.42360310307824284,0.6203755995821879
999,6,X,X,D,1,0.5756218661526376,0.26797702700485077,0.434633966794515,0.5890773375266125
999,7,X,X,D,1,0.5899528784341438,0.2948726033117637,0.4263192034132957,0.6194418357145093
999,8,X,Y,J,1,0.561702742287927,0.3234031571876602,0.43159081655210546,0.6033064829295439
999,9,X,Y,J,0,0.5864835022745223,0.2948867589841799,0.43390153575800827,0.5832059068380318
999,10,X,Y,J,0,0.5747802581352738,0.3050752428664773,0.4266906007275406,0.6171823442722417
999,11,X,Y,J,1,0.573079703875561,0.3497393119845546,0.42959876150339343,0.6178934199276211
999,12,X,Y,J,0,0.5781806275854793,0.34272726471041554,0.44827760503317343,0.6084435906381171
999,13,X,X,D,1,0.589278840491151,0.3406827551656239,0.45613666794829705,0.5962897303036625
999,14,X,X,D,0,0.5847285922715858,0.3199022155305163,0.4892792944034293,0.5815360623723345
999,15,X,X,D,1,0.592345287545626,0.28129069605861956,0.5144289305976321,0.5697758814311594
999,16,X,Y,J,0,0.570111767116753,0.25,0.5195213234227909,0.575109822151595
999,17,X,X,D,1,0.5708769130978093,0.25,0.5178495218715804,0.5909309375411488
999,18,X,X,D,0,0.5879291537431756,0.28123779456891096,0.5651591780107768,0.6098185528260375
999,19,X,X,D,1,0.5701577376836114,0.25,0.5240634603560399,0.570352762691268
